1 1 (0) 1 : 0.000032 0.999744 0.000032 0.000032 0.000032 0.000032 0.000032 0.000032 0.000032
2 2 (0) 1 : 0.000031 0.999755 0.000031 0.000031 0.000031 0.000031 0.000031 0.000031 0.000031
3 3 (0) 1 : 0.000033 0.999740 0.000033 0.000033 0.000033 0.000033 0.000033 0.000033 0.000033
4 4 (0) 1 : 0.000033 0.999739 0.000033 0.000033 0.000033 0.000033 0.000033 0.000033 0.000033
5 5 (0) 1 : 0.000034 0.999728 0.000034 0.000034 0.000034 0.000034 0.000034 0.000034 0.000034
6 6 (0) 1 : 0.000033 0.999737 0.000033 0.000033 0.000033 0.000033 0.000033 0.000033 0.000033
7 7 (0) 1 : 0.000035 0.999718 0.000035 0.000035 0.000035 0.000035 0.000035 0.000035 0.000035
8 8 (0) 1 : 0.000025 0.999801 0.000025 0.000025 0.000025 0.000025 0.000025 0.000025 0.000025
9 9 (0) 1 : 0.000023 0.999813 0.000023 0.000023 0.000023 0.000023 0.000023 0.000023 0.000023
10 10 (0) 1 : 0.000027 0.999782 0.000027 0.000027 0.000027 0.000027 0.000027 0.000027 0.000027
11 11 (0) 1 : 0.000032 0.999746 0.000032 0.000032 0.000032 0.000032 0.000032 0.000032 0.000032
12 12 (0) 1 : 0.000026 0.999792 0.000026 0.000026 0.000026 0.000026 0.000026 0.000026 0.000026
13 13 (0) 1 : 0.000031 0.999750 0.000031 0.000031 0.000031 0.000031 0.000031 0.000031 0.000031
14 14 (0) 1 : 0.000032 0.999748 0.000032 0.000032 0.000032 0.000032 0.000032 0.000032 0.000032
15 15 (0) 1 : 0.000032 0.999747 0.000032 0.000032 0.000032 0.000032 0.000032 0.000032 0.000032
16 16 (0) 1 : 0.000033 0.999733 0.000033 0.000033 0.000033 0.000033 0.000033 0.000033 0.000033
17 17 (0) 1 : 0.000036 0.999711 0.000036 0.000036 0.000036 0.000036 0.000036 0.000036 0.000036
18 18 (0) 2 : 0.000025 0.000025 0.000025 0.000025 0.999804 0.000025 0.000025 0.000025 0.000025
19 19 (0) 2 : 0.000032 0.000032 0.000032 0.000032 0.999747 0.000032 0.000032 0.000032 0.000032
20 20 (0) 3 : 0.000025 0.956666 0.000025 0.000025 0.043160 0.000025 0.000025 0.000025 0.000025
21 21 (0) 3 : 0.000026 0.970066 0.000026 0.000026 0.029752 0.000026 0.000026 0.000026 0.000026
22 22 (0) 2 : 0.000032 0.000032 0.000032 0.000032 0.999743 0.000032 0.000032 0.000032 0.000032
23 23 (0) 2 : 0.000025 0.000025 0.000025 0.000025 0.999802 0.000025 0.000025 0.000025 0.000025
24 24 (0) 2 : 0.000024 0.000024 0.000024 0.000024 0.999808 0.000024 0.000024 0.000024 0.000024
25 25 (0) 4 : 0.896742 0.103057 0.000029 0.000029 0.000029 0.000029 0.000029 0.000029 0.000029
26 26 (0) 4 : 0.999799 0.000025 0.000025 0.000025 0.000025 0.000025 0.000025 0.000025 0.000025
27 27 (0) 4 : 0.999703 0.000037 0.000037 0.000037 0.000037 0.000037 0.000037 0.000037 0.000037
28 28 (0) 4 : 0.999738 0.000033 0.000033 0.000033 0.000033 0.000033 0.000033 0.000033 0.000033
29 29 (0) 4 : 0.999694 0.000038 0.000038 0.000038 0.000038 0.000038 0.000038 0.000038 0.000038
30 30 (0) 4 : 0.999658 0.000043 0.000043 0.000043 0.000043 0.000043 0.000043 0.000043 0.000043
31 31 (0) 4 : 0.999720 0.000035 0.000035 0.000035 0.000035 0.000035 0.000035 0.000035 0.000035
32 32 (0) 4 : 0.999708 0.000037 0.000037 0.000037 0.000037 0.000037 0.000037 0.000037 0.000037
33 33 (0) 4 : 0.999750 0.000031 0.000031 0.000031 0.000031 0.000031 0.000031 0.000031 0.000031
34 34 (0) 4 : 0.906176 0.093656 0.000024 0.000024 0.000024 0.000024 0.000024 0.000024 0.000024
35 35 (0) 4 : 0.788076 0.211762 0.000023 0.000023 0.000023 0.000023 0.000023 0.000023 0.000023
36 36 (0) 4 : 0.999815 0.000023 0.000023 0.000023 0.000023 0.000023 0.000023 0.000023 0.000023
37 37 (0) 4 : 0.999812 0.000024 0.000024 0.000024 0.000024 0.000024 0.000024 0.000024 0.000024
38 38 (0) 4 : 0.999761 0.000030 0.000030 0.000030 0.000030 0.000030 0.000030 0.000030 0.000030
39 39 (0) 4 : 0.999802 0.000025 0.000025 0.000025 0.000025 0.000025 0.000025 0.000025 0.000025
40 40 (0) 4 : 0.999815 0.000023 0.000023 0.000023 0.000023 0.000023 0.000023 0.000023 0.000023
41 41 (0) 4 : 0.999736 0.000033 0.000033 0.000033 0.000033 0.000033 0.000033 0.000033 0.000033
42 42 (0) 4 : 0.999745 0.000032 0.000032 0.000032 0.000032 0.000032 0.000032 0.000032 0.000032
43 43 (0) 4 : 0.999734 0.000033 0.000033 0.000033 0.000033 0.000033 0.000033 0.000033 0.000033
44 44 (0) 4 : 0.999744 0.000032 0.000032 0.000032 0.000032 0.000032 0.000032 0.000032 0.000032
45 45 (0) 4 : 0.999741 0.000032 0.000032 0.000032 0.000032 0.000032 0.000032 0.000032 0.000032
46 46 (0) 4 : 0.999743 0.000032 0.000032 0.000032 0.000032 0.000032 0.000032 0.000032 0.000032
47 47 (0) 4 : 0.999733 0.000033 0.000033 0.000033 0.000033 0.000033 0.000033 0.000033 0.000033
48 48 (0) 4 : 0.818752 0.181027 0.000031 0.000031 0.000031 0.000031 0.000031 0.000031 0.000031
49 49 (0) 4 : 0.999753 0.000031 0.000031 0.000031 0.000031 0.000031 0.000031 0.000031 0.000031
50 50 (0) 4 : 0.999746 0.000032 0.000032 0.000032 0.000032 0.000032 0.000032 0.000032 0.000032
51 51 (0) 1 : 0.000021 0.999832 0.000021 0.000021 0.000021 0.000021 0.000021 0.000021 0.000021
52 52 (0) 1 : 0.000022 0.999822 0.000022 0.000022 0.000022 0.000022 0.000022 0.000022 0.000022
53 53 (0) 1 : 0.000036 0.956192 0.000036 0.000036 0.043559 0.000036 0.000036 0.000036 0.000036
54 54 (0) 1 : 0.495573 0.504255 0.000025 0.000025 0.000025 0.000025 0.000025 0.000025 0.000025
55 55 (0) 1 : 0.323214 0.676520 0.000038 0.000038 0.000038 0.000038 0.000038 0.000038 0.000038
56 56 (0) 1 : 0.513150 0.486683 0.000024 0.000024 0.000024 0.000024 0.000024 0.000024 0.000024
57 57 (0) 1 : 0.439459 0.560382 0.000023 0.000023 0.000023 0.000023 0.000023 0.000023 0.000023
58 58 (0) 1 : 0.367210 0.632574 0.000031 0.000031 0.000031 0.000031 0.000031 0.000031 0.000031
59 59 (0) 1 : 0.000030 0.999761 0.000030 0.000030 0.000030 0.000030 0.000030 0.000030 0.000030
60 60 (0) 1 : 0.000031 0.999753 0.000031 0.000031 0.000031 0.000031 0.000031 0.000031 0.000031
61 61 (0) 1 : 0.000022 0.999827 0.000022 0.000022 0.000022 0.000022 0.000022 0.000022 0.000022
62 62 (0) 1 : 0.159530 0.840277 0.000027 0.000027 0.000027 0.000027 0.000027 0.000027 0.000027
63 63 (0) 1 : 0.000029 0.999770 0.000029 0.000029 0.000029 0.000029 0.000029 0.000029 0.000029
64 64 (0) 1 : 0.000032 0.999744 0.000032 0.000032 0.000032 0.000032 0.000032 0.000032 0.000032
65 65 (0) 1 : 0.000031 0.999749 0.000031 0.000031 0.000031 0.000031 0.000031 0.000031 0.000031
66 66 (0) 1 : 0.000035 0.999722 0.000035 0.000035 0.000035 0.000035 0.000035 0.000035 0.000035
67 67 (0) 1 : 0.000031 0.999754 0.000031 0.000031 0.000031 0.000031 0.000031 0.000031 0.000031
68 68 (0) 1 : 0.000036 0.999715 0.000036 0.000036 0.000036 0.000036 0.000036 0.000036 0.000036
69 69 (0) 1 : 0.000038 0.999696 0.000038 0.000038 0.000038 0.000038 0.000038 0.000038 0.000038
70 70 (0) 1 : 0.000029 0.999767 0.000029 0.000029 0.000029 0.000029 0.000029 0.000029 0.000029
71 71 (0) 1 : 0.000034 0.999728 0.000034 0.000034 0.000034 0.000034 0.000034 0.000034 0.000034
72 72 (0) 1 : 0.000033 0.999734 0.000033 0.000033 0.000033 0.000033 0.000033 0.000033 0.000033
73 73 (0) 1 : 0.000031 0.999752 0.000031 0.000031 0.000031 0.000031 0.000031 0.000031 0.000031
74 74 (0) 1 : 0.000022 0.999824 0.000022 0.000022 0.000022 0.000022 0.000022 0.000022 0.000022
75 75 (0) 1 : 0.000022 0.999827 0.000022 0.000022 0.000022 0.000022 0.000022 0.000022 0.000022
76 76 (0) 1 : 0.000043 0.999659 0.000043 0.000043 0.000043 0.000043 0.000043 0.000043 0.000043
77 77 (0) 1 : 0.000033 0.999732 0.000033 0.000033 0.000033 0.000033 0.000033 0.000033 0.000033
78 78 (0) 1 : 0.000033 0.999737 0.000033 0.000033 0.000033 0.000033 0.000033 0.000033 0.000033
79 79 (0) 1 : 0.000027 0.961503 0.000027 0.000027 0.038306 0.000027 0.000027 0.000027 0.000027
80 80 (0) 1 : 0.000022 0.999828 0.000022 0.000022 0.000022 0.000022 0.000022 0.000022 0.000022
81 81 (0) 1 : 0.000022 0.999827 0.000022 0.000022 0.000022 0.000022 0.000022 0.000022 0.000022
82 82 (0) 1 : 0.000024 0.999807 0.000024 0.000024 0.000024 0.000024 0.000024 0.000024 0.000024
83 83 (0) 1 : 0.000031 0.861176 0.000031 0.000031 0.000031 0.000031 0.000031 0.138605 0.000031
84 84 (0) 1 : 0.000043 0.999659 0.000043 0.000043 0.000043 0.000043 0.000043 0.000043 0.000043
85 85 (0) 1 : 0.000022 0.999824 0.000022 0.000022 0.000022 0.000022 0.000022 0.000022 0.000022
86 86 (0) 1 : 0.000022 0.999827 0.000022 0.000022 0.000022 0.000022 0.000022 0.000022 0.000022
87 87 (0) 5 : 0.484777 0.514989 0.000033 0.000033 0.000033 0.000033 0.000033 0.000033 0.000033
88 88 (0) 5 : 0.610525 0.389274 0.000029 0.000029 0.000029 0.000029 0.000029 0.000029 0.000029
89 89 (0) 5 : 0.445032 0.554810 0.000023 0.000023 0.000023 0.000023 0.000023 0.000023 0.000023
90 90 (0) 5 : 0.844280 0.155488 0.000033 0.000033 0.000033 0.000033 0.000033 0.000033 0.000033
91 91 (0) 5 : 0.932111 0.067668 0.000032 0.000032 0.000032 0.000032 0.000032 0.000032 0.000032
92 92 (0) 5 : 0.584613 0.415209 0.000026 0.000026 0.000026 0.000026 0.000026 0.000026 0.000026
93 93 (0) 5 : 0.700040 0.299712 0.000035 0.000035 0.000035 0.000035 0.000035 0.000035 0.000035
94 94 (0) 5 : 0.711492 0.288322 0.000027 0.000027 0.000027 0.000027 0.000027 0.000027 0.000027
95 95 (0) 5 : 0.942569 0.057191 0.000034 0.000034 0.000034 0.000034 0.000034 0.000034 0.000034
96 96 (0) 5 : 0.767928 0.231859 0.000030 0.000030 0.000030 0.000030 0.000030 0.000030 0.000030
97 97 (0) 6 : 0.000030 0.000030 0.000030 0.000030 0.000030 0.000030 0.000030 0.999758 0.000030
98 98 (0) 6 : 0.000029 0.000029 0.000029 0.000029 0.000029 0.000029 0.000029 0.999767 0.000029
99 99 (0) 6 : 0.000029 0.000029 0.000029 0.000029 0.000029 0.000029 0.000029 0.999765 0.000029
100 100 (0) 6 : 0.000024 0.915066 0.000024 0.000024 0.000024 0.000024 0.000024 0.084768 0.000024
101 101 (0) 6 : 0.000024 0.952785 0.000024 0.000024 0.000024 0.000024 0.000024 0.047050 0.000024
102 102 (0) 6 : 0.000022 0.935602 0.000022 0.000022 0.000022 0.000022 0.000022 0.064242 0.000022
103 103 (0) 6 : 0.000030 0.000030 0.000030 0.000030 0.000030 0.000030 0.000030 0.999761 0.000030
104 104 (0) 6 : 0.000032 0.000032 0.000032 0.000032 0.000032 0.000032 0.000032 0.999748 0.000032
105 105 (0) 6 : 0.000031 0.000031 0.000031 0.000031 0.000031 0.000031 0.000031 0.999753 0.000031
106 106 (0) 6 : 0.000035 0.000035 0.000035 0.000035 0.000035 0.000035 0.000035 0.999721 0.000035
107 107 (0) 6 : 0.000031 0.000031 0.000031 0.000031 0.000031 0.000031 0.000031 0.999752 0.000031
108 108 (0) 6 : 0.000033 0.000033 0.000033 0.000033 0.000033 0.000033 0.000033 0.999739 0.000033
109 109 (0) 6 : 0.000032 0.000032 0.000032 0.000032 0.000032 0.000032 0.000032 0.999744 0.000032
110 110 (0) 2 : 0.000025 0.210032 0.000025 0.000025 0.789795 0.000025 0.000025 0.000025 0.000025
111 111 (0) 2 : 0.000032 0.000032 0.000032 0.000032 0.999746 0.000032 0.000032 0.000032 0.000032
112 112 (0) 2 : 0.000032 0.000032 0.000032 0.000032 0.999743 0.000032 0.000032 0.000032 0.000032
113 113 (0) 2 : 0.000030 0.000029 0.000029 0.000029 0.999764 0.000029 0.000029 0.000030 0.000029
114 114 (0) 2 : 0.000031 0.000031 0.000031 0.000031 0.999754 0.000031 0.000031 0.000031 0.000031
115 115 (0) 3 : 0.000022 0.903909 0.000022 0.000022 0.095937 0.000022 0.000022 0.000022 0.000022
1 1 (0) 1 : 0.999744 0.000032 0.000032 0.000032 0.000032 0.000032 0.000032 0.000032 0.000032
2 2 (0) 1 : 0.999755 0.000031 0.000031 0.000031 0.000031 0.000031 0.000031 0.000031 0.000031
3 3 (0) 1 : 0.999740 0.000033 0.000033 0.000033 0.000033 0.000033 0.000033 0.000033 0.000033
4 4 (0) 1 : 0.999739 0.000033 0.000033 0.000033 0.000033 0.000033 0.000033 0.000033 0.000033
5 5 (0) 1 : 0.999728 0.000034 0.000034 0.000034 0.000034 0.000034 0.000034 0.000034 0.000034
6 6 (0) 1 : 0.999737 0.000033 0.000033 0.000033 0.000033 0.000033 0.000033 0.000033 0.000033
7 7 (0) 1 : 0.999718 0.000035 0.000035 0.000035 0.000035 0.000035 0.000035 0.000035 0.000035
8 8 (0) 1 : 0.999801 0.000025 0.000025 0.000025 0.000025 0.000025 0.000025 0.000025 0.000025
9 9 (0) 1 : 0.999813 0.000023 0.000023 0.000023 0.000023 0.000023 0.000023 0.000023 0.000023
10 10 (0) 1 : 0.999782 0.000027 0.000027 0.000027 0.000027 0.000027 0.000027 0.000027 0.000027
11 11 (0) 1 : 0.999746 0.000032 0.000032 0.000032 0.000032 0.000032 0.000032 0.000032 0.000032
12 12 (0) 1 : 0.999792 0.000026 0.000026 0.000026 0.000026 0.000026 0.000026 0.000026 0.000026
13 13 (0) 1 : 0.999750 0.000031 0.000031 0.000031 0.000031 0.000031 0.000031 0.000031 0.000031
14 14 (0) 1 : 0.999748 0.000032 0.000032 0.000032 0.000032 0.000032 0.000032 0.000032 0.000032
15 15 (0) 1 : 0.999747 0.000032 0.000032 0.000032 0.000032 0.000032 0.000032 0.000032 0.000032
16 16 (0) 1 : 0.999733 0.000033 0.000033 0.000033 0.000033 0.000033 0.000033 0.000033 0.000033
17 17 (0) 1 : 0.999711 0.000036 0.000036 0.000036 0.000036 0.000036 0.000036 0.000036 0.000036
18 18 (0) 2 : 0.000025 0.000025 0.000025 0.000025 0.999804 0.000025 0.000025 0.000025 0.000025
19 19 (0) 2 : 0.000032 0.000032 0.000032 0.000032 0.999747 0.000032 0.000032 0.000032 0.000032
20 20 (0) 3 : 0.999801 0.000025 0.000025 0.000025 0.000025 0.000025 0.000025 0.000025 0.000025
21 21 (0) 3 : 0.999792 0.000026 0.000026 0.000026 0.000026 0.000026 0.000026 0.000026 0.000026
22 22 (0) 2 : 0.000032 0.000032 0.000032 0.000032 0.999743 0.000032 0.000032 0.000032 0.000032
23 23 (0) 2 : 0.000025 0.000025 0.000025 0.000025 0.999802 0.000025 0.000025 0.000025 0.000025
24 24 (0) 2 : 0.000024 0.000024 0.000024 0.000024 0.999808 0.000024 0.000024 0.000024 0.000024
25 25 (0) 4 : 0.000029 0.000029 0.000029 0.000029 0.766003 0.233796 0.000029 0.000029 0.000029
26 26 (0) 4 : 0.000025 0.000025 0.000025 0.000025 0.000025 0.999799 0.000025 0.000025 0.000025
27 27 (0) 4 : 0.000037 0.000037 0.000037 0.000037 0.000037 0.999703 0.000037 0.000037 0.000037
28 28 (0) 4 : 0.000033 0.000033 0.000033 0.000033 0.000033 0.999738 0.000033 0.000033 0.000033
29 29 (0) 4 : 0.000038 0.000038 0.000038 0.000038 0.000038 0.999694 0.000038 0.000038 0.000038
30 30 (0) 4 : 0.150232 0.000043 0.000043 0.000043 0.000043 0.849468 0.000043 0.000043 0.000043
31 31 (0) 4 : 0.000035 0.000035 0.000035 0.000035 0.000035 0.999720 0.000035 0.000035 0.000035
32 32 (0) 4 : 0.000037 0.000037 0.000037 0.000037 0.000037 0.999708 0.000037 0.000037 0.000037
33 33 (0) 4 : 0.000031 0.000031 0.000031 0.000031 0.000031 0.999750 0.000031 0.000031 0.000031
34 34 (0) 4 : 0.000024 0.000024 0.000024 0.000024 0.999808 0.000024 0.000024 0.000024 0.000024
35 35 (0) 4 : 0.000023 0.000023 0.000023 0.000023 0.999815 0.000023 0.000023 0.000023 0.000023
36 36 (0) 4 : 0.000023 0.000023 0.000023 0.000023 0.999815 0.000023 0.000023 0.000023 0.000023
37 37 (0) 4 : 0.000024 0.000024 0.000024 0.000024 0.999812 0.000024 0.000024 0.000024 0.000024
38 38 (0) 4 : 0.000030 0.000030 0.000030 0.000030 0.000030 0.999761 0.000030 0.000030 0.000030
39 39 (0) 4 : 0.000025 0.000025 0.000025 0.000025 0.999802 0.000025 0.000025 0.000025 0.000025
40 40 (0) 4 : 0.000023 0.000023 0.000023 0.000023 0.999815 0.000023 0.000023 0.000023 0.000023
41 41 (0) 4 : 0.000033 0.000033 0.000033 0.000033 0.000033 0.999736 0.000033 0.000033 0.000033
42 42 (0) 4 : 0.000032 0.000032 0.000032 0.000032 0.000032 0.999745 0.000032 0.000032 0.000032
43 43 (0) 4 : 0.000033 0.000033 0.000033 0.000033 0.000033 0.999734 0.000033 0.000033 0.000033
44 44 (0) 4 : 0.000032 0.000032 0.000032 0.000032 0.000032 0.999744 0.000032 0.000032 0.000032
45 45 (0) 4 : 0.000032 0.000032 0.000032 0.000032 0.000032 0.999741 0.000032 0.000032 0.000032
46 46 (0) 4 : 0.000032 0.000032 0.000032 0.000032 0.083387 0.916388 0.000032 0.000032 0.000032
47 47 (0) 4 : 0.000033 0.000033 0.000033 0.000033 0.000033 0.999733 0.000033 0.000033 0.000033
48 48 (0) 4 : 0.000032 0.000031 0.000031 0.000031 0.999748 0.000032 0.000031 0.000031 0.000031
49 49 (0) 4 : 0.000031 0.000031 0.000031 0.000031 0.000031 0.999753 0.000031 0.000031 0.000031
50 50 (0) 4 : 0.000032 0.000032 0.000032 0.000032 0.000032 0.999746 0.000032 0.000032 0.000032
51 51 (0) 1 : 0.999832 0.000021 0.000021 0.000021 0.000021 0.000021 0.000021 0.000021 0.000021
52 52 (0) 1 : 0.999822 0.000022 0.000022 0.000022 0.000022 0.000022 0.000022 0.000022 0.000022
53 53 (0) 1 : 0.563854 0.000036 0.000036 0.000036 0.435896 0.000036 0.000036 0.000036 0.000036
54 54 (0) 1 : 0.162789 0.000025 0.000025 0.000025 0.837039 0.000025 0.000025 0.000025 0.000025
55 55 (0) 1 : 0.352524 0.000038 0.000038 0.000038 0.647210 0.000038 0.000038 0.000038 0.000038
56 56 (0) 1 : 0.192951 0.000024 0.000024 0.000024 0.806882 0.000024 0.000024 0.000024 0.000024
57 57 (0) 1 : 0.253220 0.000023 0.000023 0.000023 0.746620 0.000023 0.000023 0.000023 0.000023
58 58 (0) 1 : 0.375259 0.000031 0.000031 0.000031 0.624525 0.000031 0.000031 0.000031 0.000031
59 59 (0) 1 : 0.999761 0.000030 0.000030 0.000030 0.000030 0.000030 0.000030 0.000030 0.000030
60 60 (0) 1 : 0.999753 0.000031 0.000031 0.000031 0.000031 0.000031 0.000031 0.000031 0.000031
61 61 (0) 1 : 0.999827 0.000022 0.000022 0.000022 0.000022 0.000022 0.000022 0.000022 0.000022
62 62 (0) 1 : 0.711881 0.000027 0.000027 0.000027 0.287927 0.000027 0.000027 0.000027 0.000027
63 63 (0) 1 : 0.830601 0.000029 0.000029 0.000029 0.169198 0.000029 0.000029 0.000029 0.000029
64 64 (0) 1 : 0.999744 0.000032 0.000032 0.000032 0.000032 0.000032 0.000032 0.000032 0.000032
65 65 (0) 1 : 0.999749 0.000031 0.000031 0.000031 0.000031 0.000031 0.000031 0.000031 0.000031
66 66 (0) 1 : 0.999722 0.000035 0.000035 0.000035 0.000035 0.000035 0.000035 0.000035 0.000035
67 67 (0) 1 : 0.999754 0.000031 0.000031 0.000031 0.000031 0.000031 0.000031 0.000031 0.000031
68 68 (0) 1 : 0.999715 0.000036 0.000036 0.000036 0.000036 0.000036 0.000036 0.000036 0.000036
69 69 (0) 1 : 0.999696 0.000038 0.000038 0.000038 0.000038 0.000038 0.000038 0.000038 0.000038
70 70 (0) 1 : 0.999768 0.000029 0.000029 0.000029 0.000029 0.000029 0.000029 0.000029 0.000029
71 71 (0) 1 : 0.999728 0.000034 0.000034 0.000034 0.000034 0.000034 0.000034 0.000034 0.000034
72 72 (0) 1 : 0.999734 0.000033 0.000033 0.000033 0.000033 0.000033 0.000033 0.000033 0.000033
73 73 (0) 1 : 0.999752 0.000031 0.000031 0.000031 0.000031 0.000031 0.000031 0.000031 0.000031
74 74 (0) 1 : 0.999824 0.000022 0.000022 0.000022 0.000022 0.000022 0.000022 0.000022 0.000022
75 75 (0) 1 : 0.999827 0.000022 0.000022 0.000022 0.000022 0.000022 0.000022 0.000022 0.000022
76 76 (0) 1 : 0.999659 0.000043 0.000043 0.000043 0.000043 0.000043 0.000043 0.000043 0.000043
77 77 (0) 1 : 0.999732 0.000033 0.000033 0.000033 0.000033 0.000033 0.000033 0.000033 0.000033
78 78 (0) 1 : 0.999737 0.000033 0.000033 0.000033 0.000033 0.000033 0.000033 0.000033 0.000033
79 79 (0) 1 : 0.525012 0.000027 0.000027 0.000027 0.474797 0.000027 0.000027 0.000027 0.000027
80 80 (0) 1 : 0.999828 0.000022 0.000022 0.000022 0.000022 0.000022 0.000022 0.000022 0.000022
81 81 (0) 1 : 0.999827 0.000022 0.000022 0.000022 0.000022 0.000022 0.000022 0.000022 0.000022
82 82 (0) 1 : 0.999807 0.000024 0.000024 0.000024 0.000024 0.000024 0.000024 0.000024 0.000024
83 83 (0) 1 : 0.999750 0.000031 0.000031 0.000031 0.000031 0.000031 0.000031 0.000031 0.000031
84 84 (0) 1 : 0.999659 0.000043 0.000043 0.000043 0.000043 0.000043 0.000043 0.000043 0.000043
85 85 (0) 1 : 0.999824 0.000022 0.000022 0.000022 0.000022 0.000022 0.000022 0.000022 0.000022
86 86 (0) 1 : 0.999827 0.000022 0.000022 0.000022 0.000022 0.000022 0.000022 0.000022 0.000022
87 87 (0) 5 : 0.086823 0.000033 0.000033 0.000033 0.912943 0.000033 0.000033 0.000033 0.000033
88 88 (0) 5 : 0.000029 0.000029 0.000029 0.000029 0.999770 0.000029 0.000029 0.000029 0.000029
89 89 (0) 5 : 0.182822 0.000023 0.000023 0.000023 0.817020 0.000023 0.000023 0.000023 0.000023
90 90 (0) 5 : 0.000033 0.000033 0.000033 0.000033 0.999734 0.000033 0.000033 0.000033 0.000033
91 91 (0) 5 : 0.000032 0.000032 0.000032 0.000032 0.999748 0.000032 0.000032 0.000032 0.000032
92 92 (0) 5 : 0.000026 0.000026 0.000026 0.000026 0.999796 0.000026 0.000026 0.000026 0.000026
93 93 (0) 5 : 0.000035 0.000035 0.000035 0.000035 0.999716 0.000035 0.000035 0.000035 0.000035
94 94 (0) 5 : 0.000027 0.000027 0.000027 0.000027 0.999787 0.000027 0.000027 0.000027 0.000027
95 95 (0) 5 : 0.000034 0.000034 0.000034 0.000034 0.999726 0.000034 0.000034 0.000034 0.000034
96 96 (0) 5 : 0.000030 0.000030 0.000030 0.000030 0.999757 0.000030 0.000030 0.000030 0.000030
97 97 (0) 6 : 0.999758 0.000030 0.000030 0.000030 0.000030 0.000030 0.000030 0.000030 0.000030
98 98 (0) 6 : 0.999767 0.000029 0.000029 0.000029 0.000029 0.000029 0.000029 0.000029 0.000029
99 99 (0) 6 : 0.999765 0.000029 0.000029 0.000029 0.000029 0.000029 0.000029 0.000029 0.000029
100 100 (0) 6 : 0.999810 0.000024 0.000024 0.000024 0.000024 0.000024 0.000024 0.000024 0.000024
101 101 (0) 6 : 0.999811 0.000024 0.000024 0.000024 0.000024 0.000024 0.000024 0.000024 0.000024
102 102 (0) 6 : 0.999822 0.000022 0.000022 0.000022 0.000022 0.000022 0.000022 0.000022 0.000022
103 103 (0) 6 : 0.999761 0.000030 0.000030 0.000030 0.000030 0.000030 0.000030 0.000030 0.000030
104 104 (0) 6 : 0.999748 0.000032 0.000032 0.000032 0.000032 0.000032 0.000032 0.000032 0.000032
105 105 (0) 6 : 0.999753 0.000031 0.000031 0.000031 0.000031 0.000031 0.000031 0.000031 0.000031
106 106 (0) 6 : 0.999721 0.000035 0.000035 0.000035 0.000035 0.000035 0.000035 0.000035 0.000035
107 107 (0) 6 : 0.999752 0.000031 0.000031 0.000031 0.000031 0.000031 0.000031 0.000031 0.000031
108 108 (0) 6 : 0.999739 0.000033 0.000033 0.000033 0.000033 0.000033 0.000033 0.000033 0.000033
109 109 (0) 6 : 0.999744 0.000032 0.000032 0.000032 0.000032 0.000032 0.000032 0.000032 0.000032
110 110 (0) 2 : 0.045118 0.000025 0.000025 0.000025 0.954710 0.000025 0.000025 0.000025 0.000025
111 111 (0) 2 : 0.000032 0.000032 0.000032 0.000032 0.999746 0.000032 0.000032 0.000032 0.000032
112 112 (0) 2 : 0.000032 0.000032 0.000032 0.000032 0.999743 0.000032 0.000032 0.000032 0.000032
113 113 (0) 2 : 0.000030 0.000029 0.000029 0.000029 0.999764 0.000029 0.000029 0.000029 0.000029
114 114 (0) 2 : 0.000031 0.000031 0.000031 0.000031 0.999754 0.000031 0.000031 0.000031 0.000031
115 115 (0) 3 : 0.999825 0.000022 0.000022 0.000022 0.000022 0.000022 0.000022 0.000022 0.000022
1 1 (0) 1 : 0.000032 0.999744 0.000032 0.000032 0.000032 0.000032 0.000032 0.000032 0.000032
2 2 (0) 1 : 0.000031 0.999755 0.000031 0.000031 0.000031 0.000031 0.000031 0.000031 0.000031
3 3 (0) 1 : 0.000033 0.999740 0.000033 0.000033 0.000033 0.000033 0.000033 0.000033 0.000033
4 4 (0) 1 : 0.000033 0.999739 0.000033 0.000033 0.000033 0.000033 0.000033 0.000033 0.000033
5 5 (0) 1 : 0.000034 0.999728 0.000034 0.000034 0.000034 0.000034 0.000034 0.000034 0.000034
6 6 (0) 1 : 0.000033 0.999737 0.000033 0.000033 0.000033 0.000033 0.000033 0.000033 0.000033
7 7 (0) 1 : 0.000035 0.000035 0.999718 0.000035 0.000035 0.000035 0.000035 0.000035 0.000035
8 8 (0) 1 : 0.000025 0.000025 0.999801 0.000025 0.000025 0.000025 0.000025 0.000025 0.000025
9 9 (0) 1 : 0.000023 0.000023 0.999813 0.000023 0.000023 0.000023 0.000023 0.000023 0.000023
10 10 (0) 1 : 0.000027 0.000027 0.999782 0.000027 0.000027 0.000027 0.000027 0.000027 0.000027
11 11 (0) 1 : 0.000032 0.000032 0.999746 0.000032 0.000032 0.000032 0.000032 0.000032 0.000032
12 12 (0) 1 : 0.000026 0.000026 0.999792 0.000026 0.000026 0.000026 0.000026 0.000026 0.000026
13 13 (0) 1 : 0.000031 0.000031 0.999750 0.000031 0.000031 0.000031 0.000031 0.000031 0.000031
14 14 (0) 1 : 0.000032 0.000032 0.999748 0.000032 0.000032 0.000032 0.000032 0.000032 0.000032
15 15 (0) 1 : 0.000032 0.000032 0.999747 0.000032 0.000032 0.000032 0.000032 0.000032 0.000032
16 16 (0) 1 : 0.000033 0.000033 0.999733 0.000033 0.000033 0.000033 0.000033 0.000033 0.000033
17 17 (0) 1 : 0.000036 0.000036 0.999711 0.000036 0.000036 0.000036 0.000036 0.000036 0.000036
18 18 (0) 2 : 0.000025 0.000025 0.000025 0.000025 0.999804 0.000025 0.000025 0.000025 0.000025
19 19 (0) 2 : 0.000032 0.000032 0.000032 0.000032 0.999747 0.000032 0.000032 0.000032 0.000032
20 20 (0) 3 : 0.000025 0.999801 0.000025 0.000025 0.000025 0.000025 0.000025 0.000025 0.000025
21 21 (0) 3 : 0.000026 0.999792 0.000026 0.000026 0.000026 0.000026 0.000026 0.000026 0.000026
22 22 (0) 2 : 0.000032 0.000032 0.000032 0.000032 0.999743 0.000032 0.000032 0.000032 0.000032
23 23 (0) 2 : 0.000025 0.000025 0.000025 0.000025 0.999802 0.000025 0.000025 0.000025 0.000025
24 24 (0) 2 : 0.000024 0.000024 0.000024 0.000024 0.999808 0.000024 0.000024 0.000024 0.000024
25 25 (0) 4 : 0.000029 0.000029 0.000029 0.000029 0.000029 0.000029 0.999770 0.000029 0.000029
26 26 (0) 4 : 0.000025 0.000025 0.000025 0.000025 0.000025 0.000025 0.999799 0.000025 0.000025
27 27 (0) 4 : 0.000037 0.000037 0.000037 0.000037 0.000037 0.000037 0.999703 0.000037 0.000037
28 28 (0) 4 : 0.000033 0.000033 0.000033 0.000033 0.000033 0.000033 0.999738 0.000033 0.000033
29 29 (0) 4 : 0.000038 0.000038 0.000038 0.000038 0.000038 0.000038 0.999694 0.000038 0.000038
30 30 (0) 4 : 0.000043 0.112177 0.000043 0.000043 0.000043 0.000043 0.887523 0.000043 0.000043
31 31 (0) 4 : 0.000035 0.000035 0.000035 0.000035 0.000035 0.000035 0.999720 0.000035 0.000035
32 32 (0) 4 : 0.000037 0.000037 0.000037 0.000037 0.000037 0.000037 0.999708 0.000037 0.000037
33 33 (0) 4 : 0.000031 0.000031 0.000031 0.000031 0.000031 0.000031 0.999750 0.000031 0.000031
34 34 (0) 4 : 0.000024 0.000024 0.000024 0.000024 0.000024 0.000024 0.999808 0.000024 0.000024
35 35 (0) 4 : 0.000023 0.000023 0.000023 0.000023 0.000023 0.000023 0.999815 0.000023 0.000023
36 36 (0) 4 : 0.000023 0.000023 0.000023 0.000023 0.000023 0.000023 0.999815 0.000023 0.000023
37 37 (0) 4 : 0.000024 0.000024 0.000024 0.000024 0.000024 0.000024 0.999812 0.000024 0.000024
38 38 (0) 4 : 0.000030 0.000030 0.000030 0.000030 0.000030 0.000030 0.999761 0.000030 0.000030
39 39 (0) 4 : 0.000025 0.000025 0.000025 0.000025 0.000025 0.000025 0.999802 0.000025 0.000025
40 40 (0) 4 : 0.000023 0.000023 0.000023 0.000023 0.000023 0.000023 0.999815 0.000023 0.000023
41 41 (0) 4 : 0.000033 0.000033 0.000033 0.000033 0.000033 0.000033 0.999736 0.000033 0.000033
42 42 (0) 4 : 0.000032 0.000032 0.000032 0.000032 0.000032 0.000032 0.999745 0.000032 0.000032
43 43 (0) 4 : 0.000033 0.000033 0.000033 0.000033 0.000033 0.000033 0.999734 0.000033 0.000033
44 44 (0) 4 : 0.000032 0.000032 0.000032 0.000032 0.000032 0.000032 0.999744 0.000032 0.000032
45 45 (0) 4 : 0.000032 0.000032 0.000032 0.000032 0.000032 0.000032 0.999741 0.000032 0.000032
46 46 (0) 4 : 0.000032 0.000032 0.000032 0.000032 0.000032 0.000032 0.999743 0.000032 0.000032
47 47 (0) 4 : 0.000033 0.000033 0.000033 0.000033 0.000033 0.000033 0.999733 0.000033 0.000033
48 48 (0) 4 : 0.000031 0.084747 0.000032 0.000031 0.000032 0.000031 0.915032 0.000032 0.000031
49 49 (0) 4 : 0.000031 0.000031 0.000031 0.000031 0.000031 0.000031 0.999753 0.000031 0.000031
50 50 (0) 4 : 0.000032 0.000032 0.000032 0.000032 0.000032 0.000032 0.999746 0.000032 0.000032
51 51 (0) 1 : 0.000021 0.999832 0.000021 0.000021 0.000021 0.000021 0.000021 0.000021 0.000021
52 52 (0) 1 : 0.000022 0.999822 0.000022 0.000022 0.000022 0.000022 0.000022 0.000022 0.000022
53 53 (0) 1 : 0.000036 0.844736 0.155014 0.000036 0.000036 0.000036 0.000036 0.000036 0.000036
54 54 (0) 1 : 0.000025 0.000025 0.000025 0.000025 0.000025 0.000025 0.000025 0.999803 0.000025
55 55 (0) 1 : 0.000038 0.999695 0.000038 0.000038 0.000038 0.000038 0.000038 0.000038 0.000038
56 56 (0) 1 : 0.000024 0.000024 0.000024 0.000024 0.000024 0.000024 0.000024 0.999809 0.000024
57 57 (0) 1 : 0.000023 0.861027 0.000023 0.000023 0.000023 0.000023 0.000023 0.138813 0.000023
58 58 (0) 1 : 0.000031 0.999753 0.000031 0.000031 0.000031 0.000031 0.000031 0.000031 0.000031
59 59 (0) 1 : 0.000030 0.106331 0.893460 0.000030 0.000030 0.000030 0.000030 0.000030 0.000030
60 60 (0) 1 : 0.000031 0.000031 0.999753 0.000031 0.000031 0.000031 0.000031 0.000031 0.000031
61 61 (0) 1 : 0.000022 0.000022 0.999827 0.000022 0.000022 0.000022 0.000022 0.000022 0.000022
62 62 (0) 1 : 0.000027 0.000027 0.999780 0.000027 0.000027 0.000027 0.000027 0.000027 0.000027
63 63 (0) 1 : 0.000029 0.000029 0.999770 0.000029 0.000029 0.000029 0.000029 0.000029 0.000029
64 64 (0) 1 : 0.000032 0.000032 0.999744 0.000032 0.000032 0.000032 0.000032 0.000032 0.000032
65 65 (0) 1 : 0.000031 0.000031 0.999749 0.000031 0.000031 0.000031 0.000031 0.000031 0.000031
66 66 (0) 1 : 0.000035 0.000035 0.999722 0.000035 0.000035 0.000035 0.000035 0.000035 0.000035
67 67 (0) 1 : 0.000031 0.000031 0.999754 0.000031 0.000031 0.000031 0.000031 0.000031 0.000031
68 68 (0) 1 : 0.000036 0.000036 0.999715 0.000036 0.000036 0.000036 0.000036 0.000036 0.000036
69 69 (0) 1 : 0.000038 0.000038 0.999696 0.000038 0.000038 0.000038 0.000038 0.000038 0.000038
70 70 (0) 1 : 0.000029 0.000029 0.999767 0.000029 0.000029 0.000029 0.000029 0.000029 0.000029
71 71 (0) 1 : 0.000034 0.000034 0.999728 0.000034 0.000034 0.000034 0.000034 0.000034 0.000034
72 72 (0) 1 : 0.000033 0.000033 0.999734 0.000033 0.000033 0.000033 0.000033 0.000033 0.000033
73 73 (0) 1 : 0.000031 0.000031 0.999752 0.000031 0.000031 0.000031 0.000031 0.000031 0.000031
74 74 (0) 1 : 0.000022 0.000022 0.999824 0.000022 0.000022 0.000022 0.000022 0.000022 0.000022
75 75 (0) 1 : 0.000022 0.000022 0.999827 0.000022 0.000022 0.000022 0.000022 0.000022 0.000022
76 76 (0) 1 : 0.000043 0.000043 0.999659 0.000043 0.000043 0.000043 0.000043 0.000043 0.000043
77 77 (0) 1 : 0.000033 0.000033 0.999732 0.000033 0.000033 0.000033 0.000033 0.000033 0.000033
78 78 (0) 1 : 0.000033 0.000033 0.999737 0.000033 0.000033 0.000033 0.000033 0.000033 0.000033
79 79 (0) 1 : 0.000027 0.999782 0.000027 0.000027 0.000027 0.000027 0.000027 0.000027 0.000027
80 80 (0) 1 : 0.000022 0.794257 0.205592 0.000022 0.000022 0.000022 0.000022 0.000022 0.000022
81 81 (0) 1 : 0.000022 0.999827 0.000022 0.000022 0.000022 0.000022 0.000022 0.000022 0.000022
82 82 (0) 1 : 0.000024 0.999807 0.000024 0.000024 0.000024 0.000024 0.000024 0.000024 0.000024
83 83 (0) 1 : 0.000031 0.999750 0.000031 0.000031 0.000031 0.000031 0.000031 0.000031 0.000031
84 84 (0) 1 : 0.000043 0.999659 0.000043 0.000043 0.000043 0.000043 0.000043 0.000043 0.000043
85 85 (0) 1 : 0.000022 0.000022 0.999824 0.000022 0.000022 0.000022 0.000022 0.000022 0.000022
86 86 (0) 1 : 0.000022 0.999827 0.000022 0.000022 0.000022 0.000022 0.000022 0.000022 0.000022
87 87 (0) 5 : 0.000033 0.438097 0.000033 0.000033 0.000033 0.000033 0.561669 0.000033 0.000033
88 88 (0) 5 : 0.000029 0.313236 0.000029 0.000029 0.000029 0.000029 0.686562 0.000029 0.000029
89 89 (0) 5 : 0.000023 0.497281 0.000023 0.000023 0.000023 0.000023 0.502561 0.000023 0.000023
90 90 (0) 5 : 0.000033 0.095668 0.000033 0.000033 0.000033 0.000033 0.904099 0.000033 0.000033
91 91 (0) 5 : 0.000032 0.000032 0.000032 0.000032 0.000032 0.000032 0.999748 0.000032 0.000032
92 92 (0) 5 : 0.000026 0.353569 0.000026 0.000026 0.000026 0.000026 0.646252 0.000026 0.000026
93 93 (0) 5 : 0.000035 0.270623 0.000035 0.000035 0.000035 0.000035 0.729128 0.000035 0.000035
94 94 (0) 5 : 0.000027 0.111939 0.000027 0.000027 0.000027 0.000027 0.887875 0.000027 0.000027
95 95 (0) 5 : 0.000034 0.000034 0.000034 0.000034 0.000034 0.000034 0.999726 0.000034 0.000034
96 96 (0) 5 : 0.000030 0.184405 0.000030 0.000030 0.000030 0.000030 0.815383 0.000030 0.000030
97 97 (0) 6 : 0.000030 0.999758 0.000030 0.000030 0.000030 0.000030 0.000030 0.000030 0.000030
98 98 (0) 6 : 0.000029 0.999767 0.000029 0.000029 0.000029 0.000029 0.000029 0.000029 0.000029
99 99 (0) 6 : 0.000029 0.999765 0.000029 0.000029 0.000029 0.000029 0.000029 0.000029 0.000029
100 100 (0) 6 : 0.000024 0.999810 0.000024 0.000024 0.000024 0.000024 0.000024 0.000024 0.000024
101 101 (0) 6 : 0.000024 0.999811 0.000024 0.000024 0.000024 0.000024 0.000024 0.000024 0.000024
102 102 (0) 6 : 0.000022 0.999822 0.000022 0.000022 0.000022 0.000022 0.000022 0.000022 0.000022
103 103 (0) 6 : 0.000030 0.999761 0.000030 0.000030 0.000030 0.000030 0.000030 0.000030 0.000030
104 104 (0) 6 : 0.000032 0.999748 0.000032 0.000032 0.000032 0.000032 0.000032 0.000032 0.000032
105 105 (0) 6 : 0.000031 0.999753 0.000031 0.000031 0.000031 0.000031 0.000031 0.000031 0.000031
106 106 (0) 6 : 0.000035 0.999721 0.000035 0.000035 0.000035 0.000035 0.000035 0.000035 0.000035
107 107 (0) 6 : 0.000031 0.999752 0.000031 0.000031 0.000031 0.000031 0.000031 0.000031 0.000031
108 108 (0) 6 : 0.000033 0.999739 0.000033 0.000033 0.000033 0.000033 0.000033 0.000033 0.000033
109 109 (0) 6 : 0.000032 0.999744 0.000032 0.000032 0.000032 0.000032 0.000032 0.000032 0.000032
110 110 (0) 2 : 0.000025 0.129085 0.000025 0.000025 0.870742 0.000025 0.000025 0.000025 0.000025
111 111 (0) 2 : 0.000032 0.000032 0.000032 0.000032 0.999746 0.000032 0.000032 0.000032 0.000032
112 112 (0) 2 : 0.000032 0.000032 0.000032 0.000032 0.999743 0.000032 0.000032 0.000032 0.000032
113 113 (0) 2 : 0.000029 0.000030 0.000030 0.000029 0.999764 0.000029 0.000030 0.000029 0.000029
114 114 (0) 2 : 0.000031 0.000031 0.000031 0.000031 0.999754 0.000031 0.000031 0.000031 0.000031
115 115 (0) 3 : 0.000022 0.942688 0.000022 0.000022 0.057158 0.000022 0.000022 0.000022 0.000022
1 1 (0) 1 : 0.000032 0.000032 0.000032 0.000032 0.000032 0.999744 0.000032 0.000032 0.000032
2 2 (0) 1 : 0.000031 0.000031 0.000031 0.000031 0.000031 0.999755 0.000031 0.000031 0.000031
3 3 (0) 1 : 0.000033 0.000033 0.000033 0.000033 0.000033 0.999740 0.000033 0.000033 0.000033
4 4 (0) 1 : 0.000033 0.000033 0.000033 0.000033 0.000033 0.999739 0.000033 0.000033 0.000033
5 5 (0) 1 : 0.000034 0.000034 0.000034 0.000034 0.000034 0.999728 0.000034 0.000034 0.000034
6 6 (0) 1 : 0.000033 0.000033 0.000033 0.000033 0.000033 0.999737 0.000033 0.000033 0.000033
7 7 (0) 1 : 0.000035 0.000035 0.000035 0.000035 0.000035 0.999718 0.000035 0.000035 0.000035
8 8 (0) 1 : 0.000025 0.000025 0.000025 0.000025 0.000025 0.999801 0.000025 0.000025 0.000025
9 9 (0) 1 : 0.000023 0.000023 0.000023 0.000023 0.000023 0.999813 0.000023 0.000023 0.000023
10 10 (0) 1 : 0.000027 0.000027 0.000027 0.000027 0.000027 0.999782 0.000027 0.000027 0.000027
11 11 (0) 1 : 0.000032 0.000032 0.000032 0.000032 0.000032 0.999746 0.000032 0.000032 0.000032
12 12 (0) 1 : 0.000026 0.000026 0.000026 0.000026 0.000026 0.999792 0.000026 0.000026 0.000026
13 13 (0) 1 : 0.000031 0.000031 0.000031 0.000031 0.000031 0.999750 0.000031 0.000031 0.000031
14 14 (0) 1 : 0.000032 0.000032 0.000032 0.000032 0.000032 0.999748 0.000032 0.000032 0.000032
15 15 (0) 1 : 0.000032 0.000032 0.000032 0.000032 0.000032 0.999747 0.000032 0.000032 0.000032
16 16 (0) 1 : 0.000033 0.000033 0.000033 0.000033 0.000033 0.999733 0.000033 0.000033 0.000033
17 17 (0) 1 : 0.000036 0.000036 0.000036 0.000036 0.000036 0.999711 0.000036 0.000036 0.000036
18 18 (0) 2 : 0.000025 0.000025 0.000025 0.999804 0.000025 0.000025 0.000025 0.000025 0.000025
19 19 (0) 2 : 0.000032 0.000032 0.000032 0.999747 0.000032 0.000032 0.000032 0.000032 0.000032
20 20 (0) 3 : 0.000025 0.000025 0.000025 0.074047 0.000025 0.925779 0.000025 0.000025 0.000025
21 21 (0) 3 : 0.000026 0.000026 0.000026 0.060872 0.000026 0.938946 0.000026 0.000026 0.000026
22 22 (0) 2 : 0.000032 0.000032 0.000032 0.999743 0.000032 0.000032 0.000032 0.000032 0.000032
23 23 (0) 2 : 0.000025 0.000025 0.000025 0.999802 0.000025 0.000025 0.000025 0.000025 0.000025
24 24 (0) 2 : 0.000024 0.000024 0.000024 0.999808 0.000024 0.000024 0.000024 0.000024 0.000024
25 25 (0) 4 : 0.000029 0.000029 0.839731 0.000029 0.000029 0.160068 0.000029 0.000029 0.000029
26 26 (0) 4 : 0.000025 0.000025 0.999799 0.000025 0.000025 0.000025 0.000025 0.000025 0.000025
27 27 (0) 4 : 0.000037 0.000037 0.999703 0.000037 0.000037 0.000037 0.000037 0.000037 0.000037
28 28 (0) 4 : 0.000033 0.000033 0.999738 0.000033 0.000033 0.000033 0.000033 0.000033 0.000033
29 29 (0) 4 : 0.000038 0.000038 0.999694 0.000038 0.000038 0.000038 0.000038 0.000038 0.000038
30 30 (0) 4 : 0.000043 0.000043 0.860234 0.000043 0.000043 0.139467 0.000043 0.000043 0.000043
31 31 (0) 4 : 0.000035 0.000035 0.999720 0.000035 0.000035 0.000035 0.000035 0.000035 0.000035
32 32 (0) 4 : 0.000037 0.000037 0.999708 0.000037 0.000037 0.000037 0.000037 0.000037 0.000037
33 33 (0) 4 : 0.000031 0.000031 0.999750 0.000031 0.000031 0.000031 0.000031 0.000031 0.000031
34 34 (0) 4 : 0.000024 0.000024 0.829382 0.000024 0.000024 0.170450 0.000024 0.000024 0.000024
35 35 (0) 4 : 0.000023 0.000023 0.727179 0.000023 0.000023 0.272658 0.000023 0.000023 0.000023
36 36 (0) 4 : 0.000023 0.000023 0.999815 0.000023 0.000023 0.000023 0.000023 0.000023 0.000023
37 37 (0) 4 : 0.000024 0.000024 0.999812 0.000024 0.000024 0.000024 0.000024 0.000024 0.000024
38 38 (0) 4 : 0.000030 0.000030 0.999761 0.000030 0.000030 0.000030 0.000030 0.000030 0.000030
39 39 (0) 4 : 0.000025 0.000025 0.999802 0.000025 0.000025 0.000025 0.000025 0.000025 0.000025
40 40 (0) 4 : 0.000023 0.000023 0.999815 0.000023 0.000023 0.000023 0.000023 0.000023 0.000023
41 41 (0) 4 : 0.000033 0.000033 0.999736 0.000033 0.000033 0.000033 0.000033 0.000033 0.000033
42 42 (0) 4 : 0.000032 0.000032 0.999745 0.000032 0.000032 0.000032 0.000032 0.000032 0.000032
43 43 (0) 4 : 0.000033 0.000033 0.999734 0.000033 0.000033 0.000033 0.000033 0.000033 0.000033
44 44 (0) 4 : 0.000032 0.000032 0.999744 0.000032 0.000032 0.000032 0.000032 0.000032 0.000032
45 45 (0) 4 : 0.000032 0.000032 0.999741 0.000032 0.000032 0.000032 0.000032 0.000032 0.000032
46 46 (0) 4 : 0.000032 0.000032 0.999743 0.000032 0.000032 0.000032 0.000032 0.000032 0.000032
47 47 (0) 4 : 0.000033 0.000033 0.999733 0.000033 0.000033 0.000033 0.000033 0.000033 0.000033
48 48 (0) 4 : 0.000031 0.000031 0.761386 0.000032 0.000031 0.238394 0.000031 0.000031 0.000031
49 49 (0) 4 : 0.000031 0.000031 0.999753 0.000031 0.000031 0.000031 0.000031 0.000031 0.000031
50 50 (0) 4 : 0.000032 0.000032 0.999746 0.000032 0.000032 0.000032 0.000032 0.000032 0.000032
51 51 (0) 1 : 0.000021 0.000021 0.000021 0.000021 0.000021 0.999832 0.000021 0.000021 0.000021
52 52 (0) 1 : 0.000022 0.000022 0.000022 0.000022 0.000022 0.999822 0.000022 0.000022 0.000022
53 53 (0) 1 : 0.000036 0.000036 0.116424 0.023342 0.000036 0.860020 0.000036 0.000036 0.000036
54 54 (0) 1 : 0.000025 0.000025 0.527200 0.000025 0.000025 0.472628 0.000025 0.000025 0.000025
55 55 (0) 1 : 0.000038 0.000038 0.381666 0.000038 0.000038 0.618067 0.000038 0.000038 0.000038
56 56 (0) 1 : 0.000024 0.000024 0.533767 0.000024 0.000024 0.466066 0.000024 0.000024 0.000024
57 57 (0) 1 : 0.000023 0.000023 0.477660 0.000023 0.000023 0.522181 0.000023 0.000023 0.000023
58 58 (0) 1 : 0.000031 0.000031 0.404718 0.000031 0.000031 0.595066 0.000031 0.000031 0.000031
59 59 (0) 1 : 0.000030 0.000030 0.000030 0.000030 0.000030 0.999761 0.000030 0.000030 0.000030
60 60 (0) 1 : 0.000031 0.000031 0.000031 0.000031 0.000031 0.999753 0.000031 0.000031 0.000031
61 61 (0) 1 : 0.000022 0.000022 0.000022 0.000022 0.000022 0.999827 0.000022 0.000022 0.000022
62 62 (0) 1 : 0.000027 0.000027 0.193226 0.000027 0.000027 0.806582 0.000027 0.000027 0.000027
63 63 (0) 1 : 0.000029 0.000029 0.123059 0.000029 0.000029 0.876740 0.000029 0.000029 0.000029
64 64 (0) 1 : 0.000032 0.000032 0.000032 0.000032 0.000032 0.999744 0.000032 0.000032 0.000032
65 65 (0) 1 : 0.000031 0.000031 0.000031 0.000031 0.000031 0.999749 0.000031 0.000031 0.000031
66 66 (0) 1 : 0.000035 0.000035 0.000035 0.000035 0.000035 0.999722 0.000035 0.000035 0.000035
67 67 (0) 1 : 0.000031 0.000031 0.000031 0.000031 0.000031 0.999754 0.000031 0.000031 0.000031
68 68 (0) 1 : 0.000036 0.000036 0.000036 0.000036 0.000036 0.999715 0.000036 0.000036 0.000036
69 69 (0) 1 : 0.000038 0.000038 0.000038 0.000038 0.000038 0.999696 0.000038 0.000038 0.000038
70 70 (0) 1 : 0.000029 0.000029 0.000029 0.000029 0.000029 0.999768 0.000029 0.000029 0.000029
71 71 (0) 1 : 0.000034 0.000034 0.000034 0.000034 0.000034 0.999728 0.000034 0.000034 0.000034
72 72 (0) 1 : 0.000033 0.000033 0.000033 0.000033 0.000033 0.999734 0.000033 0.000033 0.000033
73 73 (0) 1 : 0.000031 0.000031 0.000031 0.000031 0.000031 0.999752 0.000031 0.000031 0.000031
74 74 (0) 1 : 0.000022 0.000022 0.000022 0.000022 0.000022 0.999824 0.000022 0.000022 0.000022
75 75 (0) 1 : 0.000022 0.000022 0.000022 0.000022 0.000022 0.999827 0.000022 0.000022 0.000022
76 76 (0) 1 : 0.000043 0.000043 0.000043 0.000043 0.000043 0.999659 0.000043 0.000043 0.000043
77 77 (0) 1 : 0.000033 0.000033 0.000033 0.000033 0.000033 0.999732 0.000033 0.000033 0.000033
78 78 (0) 1 : 0.000033 0.000033 0.000033 0.000033 0.000033 0.999737 0.000033 0.000033 0.000033
79 79 (0) 1 : 0.000027 0.000027 0.257945 0.000027 0.000027 0.741864 0.000027 0.000027 0.000027
80 80 (0) 1 : 0.000022 0.000022 0.000022 0.000022 0.000022 0.999828 0.000022 0.000022 0.000022
81 81 (0) 1 : 0.000022 0.000022 0.000022 0.000022 0.000022 0.999827 0.000022 0.000022 0.000022
82 82 (0) 1 : 0.000024 0.000024 0.000024 0.000024 0.000024 0.999807 0.000024 0.000024 0.000024
83 83 (0) 1 : 0.000031 0.000031 0.000031 0.000031 0.000031 0.999750 0.000031 0.000031 0.000031
84 84 (0) 1 : 0.000043 0.000043 0.000043 0.000043 0.000043 0.999659 0.000043 0.000043 0.000043
85 85 (0) 1 : 0.000022 0.000022 0.000022 0.000022 0.000022 0.999824 0.000022 0.000022 0.000022
86 86 (0) 1 : 0.000022 0.000022 0.000022 0.000022 0.000022 0.999827 0.000022 0.000022 0.000022
87 87 (0) 5 : 0.000033 0.000033 0.000033 0.000033 0.000033 0.999732 0.000033 0.000033 0.000033
88 88 (0) 5 : 0.000029 0.000029 0.537901 0.000029 0.000029 0.461897 0.000029 0.000029 0.000029
89 89 (0) 5 : 0.000023 0.000023 0.000023 0.000023 0.000023 0.999819 0.000023 0.000023 0.000023
90 90 (0) 5 : 0.000033 0.000033 0.824562 0.000033 0.000033 0.175205 0.000033 0.000033 0.000033
91 91 (0) 5 : 0.000032 0.000032 0.907951 0.000032 0.000032 0.091828 0.000032 0.000032 0.000032
92 92 (0) 5 : 0.000026 0.000026 0.541532 0.000026 0.000026 0.458290 0.000026 0.000026 0.000026
93 93 (0) 5 : 0.000035 0.000035 0.625380 0.000035 0.000035 0.374372 0.000035 0.000035 0.000035
94 94 (0) 5 : 0.000027 0.000027 0.641343 0.000027 0.000027 0.358471 0.000027 0.000027 0.000027
95 95 (0) 5 : 0.000034 0.000034 0.899990 0.000034 0.000034 0.099771 0.000034 0.000034 0.000034
96 96 (0) 5 : 0.000030 0.000030 0.716592 0.000030 0.000030 0.283196 0.000030 0.000030 0.000030
97 97 (0) 6 : 0.000030 0.000030 0.000030 0.000030 0.000030 0.999758 0.000030 0.000030 0.000030
98 98 (0) 6 : 0.000029 0.000029 0.000029 0.000029 0.000029 0.999767 0.000029 0.000029 0.000029
99 99 (0) 6 : 0.000029 0.000029 0.000029 0.000029 0.000029 0.999765 0.000029 0.000029 0.000029
100 100 (0) 6 : 0.000024 0.000024 0.000024 0.000024 0.000024 0.999810 0.000024 0.000024 0.000024
101 101 (0) 6 : 0.000024 0.000024 0.000024 0.000024 0.000024 0.999811 0.000024 0.000024 0.000024
102 102 (0) 6 : 0.000022 0.000022 0.000022 0.000022 0.000022 0.999822 0.000022 0.000022 0.000022
103 103 (0) 6 : 0.000030 0.000030 0.000030 0.000030 0.000030 0.999761 0.000030 0.000030 0.000030
104 104 (0) 6 : 0.000032 0.000032 0.000032 0.000032 0.000032 0.999748 0.000032 0.000032 0.000032
105 105 (0) 6 : 0.000031 0.000031 0.000031 0.000031 0.000031 0.999753 0.000031 0.000031 0.000031
106 106 (0) 6 : 0.000035 0.000035 0.000035 0.000035 0.000035 0.999721 0.000035 0.000035 0.000035
107 107 (0) 6 : 0.000031 0.000031 0.000031 0.000031 0.000031 0.999752 0.000031 0.000031 0.000031
108 108 (0) 6 : 0.000033 0.000033 0.000033 0.000033 0.000033 0.999739 0.000033 0.000033 0.000033
109 109 (0) 6 : 0.000032 0.000032 0.000032 0.000032 0.000032 0.999744 0.000032 0.000032 0.000032
110 110 (0) 2 : 0.000025 0.000025 0.000025 0.794019 0.000025 0.205808 0.000025 0.000025 0.000025
111 111 (0) 2 : 0.000032 0.000032 0.000032 0.999746 0.000032 0.000032 0.000032 0.000032 0.000032
112 112 (0) 2 : 0.000032 0.000032 0.000032 0.884847 0.000032 0.114928 0.000032 0.000032 0.000032
113 113 (0) 2 : 0.000029 0.000029 0.000030 0.999764 0.000029 0.000030 0.000029 0.000029 0.000029
114 114 (0) 2 : 0.000031 0.000031 0.000031 0.999754 0.000031 0.000031 0.000031 0.000031 0.000031
115 115 (0) 3 : 0.000022 0.000022 0.000022 0.146048 0.000022 0.853799 0.000022 0.000022 0.000022
1 1 (0) 1 : 0.000032 0.000032 0.000032 0.000032 0.000032 0.000032 0.000032 0.000032 0.999744
2 2 (0) 1 : 0.000031 0.000031 0.000031 0.000031 0.000031 0.000031 0.000031 0.000031 0.999755
3 3 (0) 1 : 0.000033 0.000033 0.000033 0.000033 0.000033 0.000033 0.000033 0.000033 0.999740
4 4 (0) 1 : 0.000033 0.000033 0.000033 0.000033 0.000033 0.000033 0.000033 0.000033 0.999739
5 5 (0) 1 : 0.000034 0.000034 0.000034 0.000034 0.000034 0.000034 0.000034 0.000034 0.999728
6 6 (0) 1 : 0.000033 0.000033 0.000033 0.000033 0.305594 0.000033 0.000033 0.000033 0.694176
7 7 (0) 1 : 0.000035 0.000035 0.000035 0.000035 0.999718 0.000035 0.000035 0.000035 0.000035
8 8 (0) 1 : 0.000025 0.000025 0.000025 0.000025 0.999801 0.000025 0.000025 0.000025 0.000025
9 9 (0) 1 : 0.000023 0.000023 0.000023 0.000023 0.999813 0.000023 0.000023 0.000023 0.000023
10 10 (0) 1 : 0.000027 0.000027 0.000027 0.000027 0.999782 0.000027 0.000027 0.000027 0.000027
11 11 (0) 1 : 0.000032 0.000032 0.000032 0.000032 0.999746 0.000032 0.000032 0.000032 0.000032
12 12 (0) 1 : 0.000026 0.000026 0.000026 0.000026 0.999792 0.000026 0.000026 0.000026 0.000026
13 13 (0) 1 : 0.000031 0.000031 0.000031 0.000031 0.999750 0.000031 0.000031 0.000031 0.000031
14 14 (0) 1 : 0.000032 0.000032 0.000032 0.000032 0.999748 0.000032 0.000032 0.000032 0.000032
15 15 (0) 1 : 0.000032 0.000032 0.000032 0.000032 0.999747 0.000032 0.000032 0.000032 0.000032
16 16 (0) 1 : 0.000033 0.000033 0.000033 0.000033 0.999733 0.000033 0.000033 0.000033 0.000033
17 17 (0) 1 : 0.000036 0.000036 0.000036 0.000036 0.999711 0.000036 0.000036 0.000036 0.000036
18 18 (0) 2 : 0.000025 0.000025 0.000025 0.000025 0.000025 0.000025 0.000025 0.000025 0.999804
19 19 (0) 2 : 0.000032 0.000032 0.000032 0.000032 0.000032 0.000032 0.000032 0.000032 0.999747
20 20 (0) 3 : 0.000025 0.000025 0.000025 0.000025 0.000025 0.000025 0.000025 0.000025 0.999801
21 21 (0) 3 : 0.000026 0.000026 0.000026 0.000026 0.000026 0.000026 0.000026 0.000026 0.999792
22 22 (0) 2 : 0.000032 0.000032 0.000032 0.000032 0.000032 0.000032 0.000032 0.000032 0.999743
23 23 (0) 2 : 0.000025 0.000025 0.000025 0.000025 0.000025 0.000025 0.000025 0.000025 0.999802
24 24 (0) 2 : 0.000024 0.000024 0.000024 0.000024 0.000024 0.000024 0.000024 0.000024 0.999808
25 25 (0) 4 : 0.000029 0.000029 0.999770 0.000029 0.000029 0.000029 0.000029 0.000029 0.000029
26 26 (0) 4 : 0.000025 0.000025 0.999799 0.000025 0.000025 0.000025 0.000025 0.000025 0.000025
27 27 (0) 4 : 0.000037 0.000037 0.999703 0.000037 0.000037 0.000037 0.000037 0.000037 0.000037
28 28 (0) 4 : 0.000033 0.000033 0.999738 0.000033 0.000033 0.000033 0.000033 0.000033 0.000033
29 29 (0) 4 : 0.000038 0.000038 0.999694 0.000038 0.000038 0.000038 0.000038 0.000038 0.000038
30 30 (0) 4 : 0.000043 0.000043 0.925453 0.000043 0.000043 0.000043 0.000043 0.000043 0.074248
31 31 (0) 4 : 0.000035 0.000035 0.999720 0.000035 0.000035 0.000035 0.000035 0.000035 0.000035
32 32 (0) 4 : 0.000037 0.000037 0.999708 0.000037 0.000037 0.000037 0.000037 0.000037 0.000037
33 33 (0) 4 : 0.000031 0.000031 0.999750 0.000031 0.000031 0.000031 0.000031 0.000031 0.000031
34 34 (0) 4 : 0.000024 0.000024 0.999808 0.000024 0.000024 0.000024 0.000024 0.000024 0.000024
35 35 (0) 4 : 0.000023 0.000023 0.946016 0.000023 0.000023 0.000023 0.000023 0.000023 0.053822
36 36 (0) 4 : 0.000023 0.000023 0.999815 0.000023 0.000023 0.000023 0.000023 0.000023 0.000023
37 37 (0) 4 : 0.000024 0.000024 0.999812 0.000024 0.000024 0.000024 0.000024 0.000024 0.000024
38 38 (0) 4 : 0.000030 0.000030 0.999761 0.000030 0.000030 0.000030 0.000030 0.000030 0.000030
39 39 (0) 4 : 0.000025 0.000025 0.999802 0.000025 0.000025 0.000025 0.000025 0.000025 0.000025
40 40 (0) 4 : 0.000023 0.000023 0.999815 0.000023 0.000023 0.000023 0.000023 0.000023 0.000023
41 41 (0) 4 : 0.000033 0.000033 0.999736 0.000033 0.000033 0.000033 0.000033 0.000033 0.000033
42 42 (0) 4 : 0.000032 0.000032 0.999745 0.000032 0.000032 0.000032 0.000032 0.000032 0.000032
43 43 (0) 4 : 0.000033 0.000033 0.999734 0.000033 0.000033 0.000033 0.000033 0.000033 0.000033
44 44 (0) 4 : 0.000032 0.000032 0.999744 0.000032 0.000032 0.000032 0.000032 0.000032 0.000032
45 45 (0) 4 : 0.000032 0.000032 0.999741 0.000032 0.000032 0.000032 0.000032 0.000032 0.000032
46 46 (0) 4 : 0.000032 0.000032 0.999743 0.000032 0.000032 0.000032 0.000032 0.000032 0.000032
47 47 (0) 4 : 0.000033 0.000033 0.999733 0.000033 0.000033 0.000033 0.000033 0.000033 0.000033
48 48 (0) 4 : 0.000031 0.000031 0.959856 0.000031 0.000032 0.000031 0.000031 0.000031 0.039923
49 49 (0) 4 : 0.000031 0.000031 0.999753 0.000031 0.000031 0.000031 0.000031 0.000031 0.000031
50 50 (0) 4 : 0.000032 0.000032 0.999746 0.000032 0.000032 0.000032 0.000032 0.000032 0.000032
51 51 (0) 1 : 0.000021 0.000021 0.000021 0.000021 0.000021 0.000021 0.000021 0.000021 0.999832
52 52 (0) 1 : 0.000022 0.000022 0.000022 0.000022 0.000022 0.000022 0.000022 0.000022 0.999822
53 53 (0) 1 : 0.000036 0.000036 0.085198 0.000036 0.398878 0.000036 0.000036 0.000036 0.515710
54 54 (0) 1 : 0.000025 0.000025 0.561086 0.000025 0.158330 0.000025 0.000025 0.000025 0.280436
55 55 (0) 1 : 0.000038 0.000038 0.358754 0.000038 0.000038 0.000038 0.000038 0.000038 0.640979
56 56 (0) 1 : 0.000024 0.000024 0.570919 0.000024 0.000024 0.000024 0.000024 0.000024 0.428914
57 57 (0) 1 : 0.000023 0.000023 0.523001 0.000023 0.000023 0.000023 0.000023 0.000023 0.476839
58 58 (0) 1 : 0.000031 0.000031 0.388565 0.000031 0.000031 0.000031 0.000031 0.000031 0.611219
59 59 (0) 1 : 0.000030 0.000030 0.000030 0.000030 0.890420 0.000030 0.000030 0.000030 0.109371
60 60 (0) 1 : 0.000031 0.000031 0.000031 0.000031 0.999753 0.000031 0.000031 0.000031 0.000031
61 61 (0) 1 : 0.000022 0.000022 0.000022 0.000022 0.999827 0.000022 0.000022 0.000022 0.000022
62 62 (0) 1 : 0.000027 0.000027 0.166092 0.000027 0.833716 0.000027 0.000027 0.000027 0.000027
63 63 (0) 1 : 0.000029 0.000029 0.062692 0.000029 0.937107 0.000029 0.000029 0.000029 0.000029
64 64 (0) 1 : 0.000032 0.000032 0.000032 0.000032 0.999744 0.000032 0.000032 0.000032 0.000032
65 65 (0) 1 : 0.000031 0.000031 0.000031 0.000031 0.999749 0.000031 0.000031 0.000031 0.000031
66 66 (0) 1 : 0.000035 0.000035 0.000035 0.000035 0.999722 0.000035 0.000035 0.000035 0.000035
67 67 (0) 1 : 0.000031 0.000031 0.000031 0.000031 0.999754 0.000031 0.000031 0.000031 0.000031
68 68 (0) 1 : 0.000036 0.000036 0.000036 0.000036 0.999715 0.000036 0.000036 0.000036 0.000036
69 69 (0) 1 : 0.000038 0.000038 0.000038 0.000038 0.999696 0.000038 0.000038 0.000038 0.000038
70 70 (0) 1 : 0.000029 0.000029 0.000029 0.000029 0.999768 0.000029 0.000029 0.000029 0.000029
71 71 (0) 1 : 0.000034 0.000034 0.000034 0.000034 0.999728 0.000034 0.000034 0.000034 0.000034
72 72 (0) 1 : 0.000033 0.000033 0.000033 0.000033 0.999734 0.000033 0.000033 0.000033 0.000033
73 73 (0) 1 : 0.000031 0.000031 0.000031 0.000031 0.999752 0.000031 0.000031 0.000031 0.000031
74 74 (0) 1 : 0.000022 0.000022 0.000022 0.000022 0.999824 0.000022 0.000022 0.000022 0.000022
75 75 (0) 1 : 0.000022 0.000022 0.000022 0.000022 0.999827 0.000022 0.000022 0.000022 0.000022
76 76 (0) 1 : 0.000043 0.000043 0.000043 0.000043 0.999659 0.000043 0.000043 0.000043 0.000043
77 77 (0) 1 : 0.000033 0.000033 0.000033 0.000033 0.999732 0.000033 0.000033 0.000033 0.000033
78 78 (0) 1 : 0.000033 0.000033 0.000033 0.000033 0.999737 0.000033 0.000033 0.000033 0.000033
79 79 (0) 1 : 0.000027 0.000027 0.186761 0.000027 0.000027 0.000027 0.000027 0.000027 0.813048
80 80 (0) 1 : 0.000022 0.000022 0.000022 0.000022 0.658984 0.000022 0.000022 0.000022 0.340865
81 81 (0) 1 : 0.000022 0.000022 0.000022 0.000022 0.000022 0.000022 0.000022 0.000022 0.999827
82 82 (0) 1 : 0.000024 0.000024 0.000024 0.000024 0.708280 0.000024 0.000024 0.000024 0.291551
83 83 (0) 1 : 0.000031 0.000031 0.000031 0.000031 0.000031 0.000031 0.000031 0.000031 0.999750
84 84 (0) 1 : 0.000043 0.000043 0.000043 0.000043 0.000043 0.000043 0.000043 0.000043 0.999659
85 85 (0) 1 : 0.000022 0.000022 0.000022 0.000022 0.999824 0.000022 0.000022 0.000022 0.000022
86 86 (0) 1 : 0.000022 0.000022 0.000022 0.000022 0.606447 0.000022 0.000022 0.000022 0.393402
87 87 (0) 5 : 0.000033 0.000033 0.610772 0.000033 0.000033 0.000033 0.000033 0.000033 0.388994
88 88 (0) 5 : 0.000029 0.000029 0.684014 0.000029 0.000029 0.000029 0.000029 0.000029 0.315784
89 89 (0) 5 : 0.000023 0.000023 0.492962 0.000023 0.000023 0.000023 0.000023 0.000023 0.506880
90 90 (0) 5 : 0.000033 0.000033 0.949409 0.000033 0.050358 0.000033 0.000033 0.000033 0.000033
91 91 (0) 5 : 0.000032 0.000032 0.999748 0.000032 0.000032 0.000032 0.000032 0.000032 0.000032
92 92 (0) 5 : 0.000026 0.000026 0.696409 0.000026 0.000026 0.000026 0.000026 0.000026 0.303412
93 93 (0) 5 : 0.000035 0.000035 0.872361 0.000035 0.127391 0.000035 0.000035 0.000035 0.000035
94 94 (0) 5 : 0.000027 0.000027 0.816170 0.000027 0.000027 0.000027 0.000027 0.000027 0.183644
95 95 (0) 5 : 0.000034 0.000034 0.999726 0.000034 0.000034 0.000034 0.000034 0.000034 0.000034
96 96 (0) 5 : 0.000030 0.000030 0.866567 0.000030 0.000030 0.000030 0.000030 0.000030 0.133221
97 97 (0) 6 : 0.000030 0.000030 0.000030 0.000030 0.000030 0.000030 0.000030 0.000030 0.999758
98 98 (0) 6 : 0.000029 0.000029 0.000029 0.000029 0.000029 0.000029 0.000029 0.000029 0.999767
99 99 (0) 6 : 0.000029 0.000029 0.000029 0.000029 0.000029 0.000029 0.000029 0.000029 0.999765
100 100 (0) 6 : 0.000024 0.000024 0.000024 0.000024 0.000024 0.000024 0.000024 0.000024 0.999810
101 101 (0) 6 : 0.000024 0.000024 0.000024 0.000024 0.000024 0.000024 0.000024 0.000024 0.999811
102 102 (0) 6 : 0.000022 0.000022 0.000022 0.000022 0.000022 0.000022 0.000022 0.000022 0.999822
103 103 (0) 6 : 0.000030 0.000030 0.000030 0.000030 0.000030 0.000030 0.000030 0.000030 0.999761
104 104 (0) 6 : 0.000032 0.000032 0.000032 0.000032 0.000032 0.000032 0.000032 0.000032 0.999748
105 105 (0) 6 : 0.000031 0.000031 0.000031 0.000031 0.000031 0.000031 0.000031 0.000031 0.999753
106 106 (0) 6 : 0.000035 0.000035 0.000035 0.000035 0.000035 0.000035 0.000035 0.000035 0.999721
107 107 (0) 6 : 0.000031 0.000031 0.000031 0.000031 0.000031 0.000031 0.000031 0.000031 0.999752
108 108 (0) 6 : 0.000033 0.000033 0.000033 0.000033 0.000033 0.000033 0.000033 0.000033 0.999739
109 109 (0) 6 : 0.000032 0.000032 0.000032 0.000032 0.000032 0.000032 0.000032 0.000032 0.999744
110 110 (0) 2 : 0.000025 0.000025 0.000025 0.000025 0.000025 0.000025 0.000025 0.000025 0.999803
111 111 (0) 2 : 0.000032 0.000032 0.000032 0.000032 0.000032 0.000032 0.000032 0.000032 0.999746
112 112 (0) 2 : 0.000032 0.000032 0.000032 0.000032 0.000032 0.000032 0.000032 0.000032 0.999743
113 113 (0) 2 : 0.000029 0.000029 0.000030 0.000029 0.000030 0.000029 0.000029 0.000029 0.999764
114 114 (0) 2 : 0.000031 0.000031 0.000031 0.000031 0.000031 0.000031 0.000031 0.000031 0.999754
115 115 (0) 3 : 0.000022 0.000022 0.000022 0.000022 0.000022 0.000022 0.000022 0.000022 0.999825
