1 1 (0) 1 : 0.999764 0.000059 0.000059 0.000059 0.000059
2 2 (0) 1 : 0.999775 0.000056 0.000057 0.000056 0.000056
3 3 (0) 1 : 0.999761 0.000060 0.000060 0.000059 0.000059
4 4 (0) 1 : 0.999759 0.000061 0.000061 0.000060 0.000060
5 5 (0) 1 : 0.999749 0.000063 0.000063 0.000062 0.000062
6 6 (0) 1 : 0.999759 0.000061 0.000061 0.000060 0.000060
7 7 (0) 1 : 0.999741 0.000065 0.000065 0.000064 0.000064
8 8 (0) 1 : 0.999817 0.000046 0.000046 0.000045 0.000045
9 9 (0) 1 : 0.999828 0.000043 0.000043 0.000043 0.000043
10 10 (0) 1 : 0.999799 0.000051 0.000051 0.000050 0.000050
11 11 (0) 1 : 0.999766 0.000059 0.000059 0.000058 0.000058
12 12 (0) 1 : 0.999808 0.000048 0.000048 0.000048 0.000048
13 13 (0) 1 : 0.999771 0.000058 0.000058 0.000057 0.000057
14 14 (0) 1 : 0.999768 0.000058 0.000058 0.000058 0.000058
15 15 (0) 1 : 0.999768 0.000058 0.000059 0.000058 0.000058
16 16 (0) 1 : 0.999755 0.000062 0.000062 0.000061 0.000061
17 17 (0) 1 : 0.999734 0.000067 0.000067 0.000066 0.000066
18 18 (0) 2 : 0.000046 0.999819 0.000045 0.000045 0.000045
19 19 (0) 2 : 0.000093 0.999733 0.000059 0.000058 0.000058
20 20 (0) 3 : 0.999816 0.000046 0.000046 0.000046 0.000046
21 21 (0) 3 : 0.999808 0.000048 0.000048 0.000048 0.000048
22 22 (0) 2 : 0.000060 0.999762 0.000060 0.000059 0.000059
23 23 (0) 2 : 0.000046 0.999817 0.000046 0.000045 0.000045
24 24 (0) 2 : 0.000045 0.999823 0.000045 0.000044 0.000044
25 25 (0) 4 : 0.000053 0.000053 0.999788 0.000053 0.000053
26 26 (0) 4 : 0.000047 0.000047 0.999815 0.000046 0.000046
27 27 (0) 4 : 0.000069 0.000069 0.999727 0.000068 0.000068
28 28 (0) 4 : 0.000060 0.000060 0.999760 0.000060 0.000060
29 29 (0) 4 : 0.000071 0.000071 0.999718 0.000070 0.000070
30 30 (0) 4 : 0.000079 0.000079 0.999685 0.000078 0.000078
31 31 (0) 4 : 0.000065 0.000065 0.999743 0.000064 0.000064
32 32 (0) 4 : 0.000068 0.000068 0.999731 0.000067 0.000067
33 33 (0) 4 : 0.000058 0.000058 0.999771 0.000057 0.000057
34 34 (0) 4 : 0.000044 0.000044 0.999824 0.000044 0.000044
35 35 (0) 4 : 0.050921 0.000043 0.948952 0.000042 0.000042
36 36 (0) 4 : 0.000043 0.000043 0.999830 0.000042 0.000042
37 37 (0) 4 : 0.000044 0.000044 0.999827 0.000043 0.000043
38 38 (0) 4 : 0.000055 0.000055 0.999781 0.000054 0.000054
39 39 (0) 4 : 0.000046 0.000046 0.999818 0.000045 0.000045
40 40 (0) 4 : 0.000043 0.000043 0.999830 0.000042 0.000042
41 41 (0) 4 : 0.000061 0.000061 0.999757 0.000060 0.000060
42 42 (0) 4 : 0.000059 0.000059 0.999765 0.000058 0.000058
43 43 (0) 4 : 0.000062 0.000062 0.999755 0.000061 0.000061
44 44 (0) 4 : 0.000059 0.000059 0.999764 0.000059 0.000059
45 45 (0) 4 : 0.000060 0.000060 0.999762 0.000059 0.000059
46 46 (0) 4 : 0.000060 0.000060 0.999763 0.000059 0.000059
47 47 (0) 4 : 0.000062 0.000062 0.999755 0.000061 0.000061
48 48 (0) 4 : 0.050837 0.000058 0.948989 0.000058 0.000058
49 49 (0) 4 : 0.000057 0.000057 0.999773 0.000056 0.000056
50 50 (0) 4 : 0.000059 0.000059 0.999766 0.000058 0.000058
51 51 (0) 1 : 0.999845 0.000039 0.000039 0.000039 0.000039
52 52 (0) 1 : 0.999836 0.000041 0.000041 0.000041 0.000041
53 53 (0) 1 : 0.999736 0.000066 0.000066 0.000066 0.000066
54 54 (0) 1 : 0.435698 0.000046 0.564166 0.000045 0.000045
55 55 (0) 1 : 0.999717 0.000071 0.000071 0.000070 0.000070
56 56 (0) 1 : 0.423639 0.000044 0.576229 0.000044 0.000044
57 57 (0) 1 : 0.534729 0.000042 0.465145 0.000042 0.000042
58 58 (0) 1 : 0.607644 0.000057 0.392186 0.000057 0.000057
59 59 (0) 1 : 0.999778 0.000056 0.000056 0.000055 0.000055
60 60 (0) 1 : 0.999773 0.000057 0.000057 0.000056 0.000056
61 61 (0) 1 : 0.999841 0.000040 0.000040 0.000039 0.000039
62 62 (0) 1 : 0.999798 0.000051 0.000051 0.000050 0.000050
63 63 (0) 1 : 0.999788 0.000053 0.000053 0.000053 0.000053
64 64 (0) 1 : 0.999765 0.000059 0.000059 0.000058 0.000058
65 65 (0) 1 : 0.999769 0.000058 0.000058 0.000057 0.000057
66 66 (0) 1 : 0.999743 0.000065 0.000065 0.000064 0.000064
67 67 (0) 1 : 0.999774 0.000057 0.000057 0.000056 0.000056
68 68 (0) 1 : 0.999738 0.000066 0.000066 0.000065 0.000065
69 69 (0) 1 : 0.999721 0.000070 0.000070 0.000069 0.000069
70 70 (0) 1 : 0.999787 0.000054 0.000054 0.000053 0.000053
71 71 (0) 1 : 0.999749 0.000063 0.000063 0.000062 0.000062
72 72 (0) 1 : 0.999756 0.000061 0.000061 0.000061 0.000061
73 73 (0) 1 : 0.999773 0.000057 0.000057 0.000056 0.000056
74 74 (0) 1 : 0.999839 0.000041 0.000041 0.000040 0.000040
75 75 (0) 1 : 0.999841 0.000040 0.000040 0.000039 0.000039
76 76 (0) 1 : 0.999687 0.000079 0.000079 0.000078 0.000078
77 77 (0) 1 : 0.999754 0.000062 0.000062 0.000061 0.000061
78 78 (0) 1 : 0.999758 0.000061 0.000061 0.000060 0.000060
79 79 (0) 1 : 0.999798 0.000051 0.000051 0.000050 0.000050
80 80 (0) 1 : 0.999841 0.000040 0.000040 0.000039 0.000039
81 81 (0) 1 : 0.999841 0.000040 0.000040 0.000039 0.000039
82 82 (0) 1 : 0.999822 0.000045 0.000045 0.000044 0.000044
83 83 (0) 1 : 0.999769 0.000058 0.000058 0.000058 0.000058
84 84 (0) 1 : 0.999684 0.000079 0.000079 0.000079 0.000079
85 85 (0) 1 : 0.999839 0.000041 0.000041 0.000040 0.000040
86 86 (0) 1 : 0.999841 0.000040 0.000040 0.000039 0.000039
87 87 (0) 5 : 0.220683 0.000060 0.779134 0.000061 0.000061
88 88 (0) 5 : 0.267555 0.000052 0.732287 0.000053 0.000053
89 89 (0) 5 : 0.400142 0.000042 0.599733 0.000042 0.000042
90 90 (0) 5 : 0.000062 0.000062 0.999754 0.000061 0.000061
91 91 (0) 5 : 0.000059 0.000059 0.999767 0.000058 0.000058
92 92 (0) 5 : 0.329276 0.000047 0.670583 0.000047 0.000047
93 93 (0) 5 : 0.000066 0.000066 0.999738 0.000065 0.000065
94 94 (0) 5 : 0.182177 0.000049 0.817676 0.000049 0.000049
95 95 (0) 5 : 0.000064 0.000063 0.999748 0.000063 0.000063
96 96 (0) 5 : 0.000056 0.000056 0.999776 0.000056 0.000056
97 97 (0) 6 : 0.999777 0.000056 0.000056 0.000055 0.000055
98 98 (0) 6 : 0.999786 0.000054 0.000054 0.000053 0.000053
99 99 (0) 6 : 0.999784 0.000054 0.000054 0.000054 0.000054
100 100 (0) 6 : 0.999825 0.000044 0.000044 0.000043 0.000043
101 101 (0) 6 : 0.999826 0.000044 0.000044 0.000043 0.000043
102 102 (0) 6 : 0.999836 0.000041 0.000041 0.000041 0.000041
103 103 (0) 6 : 0.999780 0.000055 0.000055 0.000055 0.000055
104 104 (0) 6 : 0.999768 0.000058 0.000058 0.000057 0.000057
105 105 (0) 6 : 0.999772 0.000057 0.000057 0.000057 0.000057
106 106 (0) 6 : 0.999743 0.000065 0.000065 0.000064 0.000064
107 107 (0) 6 : 0.999772 0.000057 0.000057 0.000057 0.000057
108 108 (0) 6 : 0.999759 0.000061 0.000061 0.000060 0.000060
109 109 (0) 6 : 0.999764 0.000059 0.000059 0.000059 0.000059
110 110 (0) 2 : 0.000046 0.999818 0.000046 0.000045 0.000045
111 111 (0) 2 : 0.000059 0.999766 0.000059 0.000058 0.000058
112 112 (0) 2 : 0.000058 0.999764 0.000060 0.000059 0.000059
113 113 (0) 2 : 0.013804 0.986033 0.000055 0.000054 0.000054
114 114 (0) 2 : 0.238666 0.761165 0.000057 0.000056 0.000056
115 115 (0) 3 : 0.999838 0.000041 0.000041 0.000040 0.000040
1 1 (0) 1 : 0.000059 0.999768 0.000059 0.000058 0.000058
2 2 (0) 1 : 0.000056 0.999778 0.000056 0.000055 0.000055
3 3 (0) 1 : 0.000059 0.999764 0.000059 0.000059 0.000059
4 4 (0) 1 : 0.000060 0.999762 0.000060 0.000059 0.000059
5 5 (0) 1 : 0.000062 0.999752 0.000062 0.000061 0.000062
6 6 (0) 1 : 0.000060 0.999762 0.000060 0.000059 0.000059
7 7 (0) 1 : 0.000064 0.999744 0.000064 0.000064 0.000064
8 8 (0) 1 : 0.000045 0.999819 0.000045 0.000045 0.000045
9 9 (0) 1 : 0.000043 0.999830 0.000043 0.000042 0.000042
10 10 (0) 1 : 0.000050 0.999802 0.000050 0.000049 0.000049
11 11 (0) 1 : 0.000058 0.999769 0.000058 0.000057 0.000057
12 12 (0) 1 : 0.000048 0.999811 0.000048 0.000047 0.000047
13 13 (0) 1 : 0.000057 0.999774 0.000057 0.000056 0.000056
14 14 (0) 1 : 0.000058 0.999771 0.000058 0.000057 0.000057
15 15 (0) 1 : 0.000058 0.999771 0.000058 0.000057 0.000057
16 16 (0) 1 : 0.000061 0.999758 0.000061 0.000060 0.000060
17 17 (0) 1 : 0.000066 0.999738 0.000066 0.000065 0.000065
18 18 (0) 2 : 0.000045 0.139538 0.000045 0.000044 0.860328
19 19 (0) 2 : 0.000058 0.234487 0.000058 0.000057 0.765340
20 20 (0) 3 : 0.000046 0.980269 0.000046 0.000045 0.019594
21 21 (0) 3 : 0.000048 0.999810 0.000048 0.000047 0.000047
22 22 (0) 2 : 0.000059 0.000058 0.000059 0.000058 0.999766
23 23 (0) 2 : 0.000045 0.000045 0.000045 0.000045 0.999820
24 24 (0) 2 : 0.000044 0.000043 0.000044 0.000043 0.999826
25 25 (0) 4 : 0.000053 0.000052 0.000053 0.999791 0.000052
26 26 (0) 4 : 0.000046 0.000045 0.000046 0.999817 0.000045
27 27 (0) 4 : 0.000068 0.000067 0.000068 0.999730 0.000067
28 28 (0) 4 : 0.000060 0.000059 0.000060 0.999763 0.000059
29 29 (0) 4 : 0.000070 0.000069 0.000070 0.999722 0.000069
30 30 (0) 4 : 0.000078 0.079011 0.000078 0.920755 0.000077
31 31 (0) 4 : 0.000064 0.000063 0.000064 0.999746 0.000063
32 32 (0) 4 : 0.000067 0.000066 0.000067 0.999734 0.000066
33 33 (0) 4 : 0.000057 0.000056 0.000057 0.999773 0.000056
34 34 (0) 4 : 0.000044 0.000043 0.000044 0.999826 0.000043
35 35 (0) 4 : 0.000042 0.095926 0.000042 0.903948 0.000042
36 36 (0) 4 : 0.000042 0.000042 0.000042 0.999832 0.000042
37 37 (0) 4 : 0.000043 0.000042 0.000043 0.999829 0.000043
38 38 (0) 4 : 0.000054 0.000054 0.000054 0.999783 0.000054
39 39 (0) 4 : 0.000045 0.000045 0.000045 0.999820 0.000045
40 40 (0) 4 : 0.000042 0.000042 0.000042 0.999832 0.000042
41 41 (0) 4 : 0.000060 0.000060 0.000060 0.999760 0.000060
42 42 (0) 4 : 0.000058 0.000058 0.000058 0.999768 0.000058
43 43 (0) 4 : 0.000061 0.000060 0.000061 0.999759 0.000060
44 44 (0) 4 : 0.000059 0.000058 0.000059 0.999767 0.000058
45 45 (0) 4 : 0.000059 0.000058 0.000059 0.999765 0.000059
46 46 (0) 4 : 0.000059 0.000058 0.000059 0.999767 0.000058
47 47 (0) 4 : 0.000061 0.000060 0.000061 0.999758 0.000060
48 48 (0) 4 : 0.000058 0.084906 0.000058 0.914922 0.000057
49 49 (0) 4 : 0.000056 0.000056 0.000056 0.999776 0.000056
50 50 (0) 4 : 0.000058 0.000057 0.000058 0.999769 0.000057
51 51 (0) 1 : 0.000039 0.999847 0.000039 0.000038 0.000038
52 52 (0) 1 : 0.000041 0.999838 0.000041 0.000040 0.000040
53 53 (0) 1 : 0.000065 0.858781 0.000065 0.141025 0.000064
54 54 (0) 1 : 0.000045 0.402036 0.000045 0.597829 0.000044
55 55 (0) 1 : 0.000070 0.613400 0.000070 0.386391 0.000069
56 56 (0) 1 : 0.000044 0.386592 0.000044 0.613277 0.000043
57 57 (0) 1 : 0.000042 0.489943 0.000042 0.509932 0.000041
58 58 (0) 1 : 0.000057 0.549647 0.000057 0.450185 0.000056
59 59 (0) 1 : 0.000054 0.999783 0.000054 0.000054 0.000054
60 60 (0) 1 : 0.000056 0.999776 0.000056 0.000056 0.000056
61 61 (0) 1 : 0.000039 0.999843 0.000039 0.000039 0.000039
62 62 (0) 1 : 0.000050 0.881346 0.000050 0.118504 0.000049
63 63 (0) 1 : 0.000053 0.910116 0.000053 0.089727 0.000052
64 64 (0) 1 : 0.000058 0.999768 0.000058 0.000058 0.000058
65 65 (0) 1 : 0.000057 0.999358 0.000057 0.000471 0.000057
66 66 (0) 1 : 0.000064 0.999747 0.000064 0.000063 0.000063
67 67 (0) 1 : 0.000056 0.999777 0.000056 0.000055 0.000055
68 68 (0) 1 : 0.000065 0.999742 0.000065 0.000064 0.000064
69 69 (0) 1 : 0.000069 0.999724 0.000069 0.000068 0.000068
70 70 (0) 1 : 0.000053 0.999789 0.000053 0.000052 0.000052
71 71 (0) 1 : 0.000062 0.999752 0.000062 0.000061 0.000061
72 72 (0) 1 : 0.000061 0.999759 0.000061 0.000060 0.000060
73 73 (0) 1 : 0.000056 0.999776 0.000056 0.000056 0.000056
74 74 (0) 1 : 0.000040 0.999841 0.000040 0.000040 0.000040
75 75 (0) 1 : 0.000039 0.999843 0.000039 0.000039 0.000039
76 76 (0) 1 : 0.000078 0.999691 0.000078 0.000077 0.000077
77 77 (0) 1 : 0.000061 0.999757 0.000061 0.000060 0.000060
78 78 (0) 1 : 0.000060 0.999761 0.000060 0.000059 0.000059
79 79 (0) 1 : 0.000050 0.691977 0.000050 0.307874 0.000049
80 80 (0) 1 : 0.000039 0.999843 0.000039 0.000039 0.000039
81 81 (0) 1 : 0.000039 0.999843 0.000039 0.000039 0.000039
82 82 (0) 1 : 0.000044 0.999824 0.000044 0.000044 0.000044
83 83 (0) 1 : 0.000058 0.999772 0.000058 0.000057 0.000057
84 84 (0) 1 : 0.000079 0.999688 0.000079 0.000077 0.000077
85 85 (0) 1 : 0.000040 0.999841 0.000040 0.000040 0.000040
86 86 (0) 1 : 0.000039 0.999843 0.000039 0.000039 0.000039
87 87 (0) 5 : 0.000061 0.261322 0.000061 0.738495 0.000060
88 88 (0) 5 : 0.000053 0.303662 0.000053 0.696180 0.000052
89 89 (0) 5 : 0.000042 0.424962 0.000042 0.574914 0.000041
90 90 (0) 5 : 0.000061 0.126434 0.000061 0.873384 0.000060
91 91 (0) 5 : 0.000058 0.000057 0.000058 0.999770 0.000057
92 92 (0) 5 : 0.000047 0.355881 0.000047 0.643979 0.000046
93 93 (0) 5 : 0.000065 0.171461 0.000065 0.828344 0.000064
94 94 (0) 5 : 0.000049 0.216299 0.000049 0.783555 0.000048
95 95 (0) 5 : 0.000063 0.000062 0.000063 0.999751 0.000062
96 96 (0) 5 : 0.000056 0.104705 0.000056 0.895128 0.000055
97 97 (0) 6 : 0.000055 0.999780 0.000055 0.000055 0.000055
98 98 (0) 6 : 0.000053 0.999788 0.000053 0.000053 0.000053
99 99 (0) 6 : 0.000054 0.999787 0.000054 0.000053 0.000053
100 100 (0) 6 : 0.000043 0.999828 0.000043 0.000043 0.000043
101 101 (0) 6 : 0.000043 0.999828 0.000043 0.000043 0.000043
102 102 (0) 6 : 0.000041 0.999838 0.000041 0.000040 0.000040
103 103 (0) 6 : 0.000055 0.999783 0.000055 0.000054 0.000054
104 104 (0) 6 : 0.000057 0.999771 0.000057 0.000057 0.000057
105 105 (0) 6 : 0.000057 0.999775 0.000057 0.000056 0.000056
106 106 (0) 6 : 0.000064 0.999746 0.000064 0.000063 0.000063
107 107 (0) 6 : 0.000057 0.999775 0.000057 0.000056 0.000056
108 108 (0) 6 : 0.000060 0.999762 0.000060 0.000059 0.000059
109 109 (0) 6 : 0.000059 0.999767 0.000059 0.000058 0.000058
110 110 (0) 2 : 0.000045 0.251458 0.000045 0.000045 0.748407
111 111 (0) 2 : 0.000058 0.000057 0.000058 0.000057 0.999769
112 112 (0) 2 : 0.000059 0.279473 0.000059 0.000058 0.720351
113 113 (0) 2 : 0.000054 0.248241 0.000054 0.000053 0.751598
114 114 (0) 2 : 0.000056 0.389888 0.000056 0.000056 0.609943
115 115 (0) 3 : 0.000040 0.944845 0.000040 0.000040 0.055035
1 1 (0) 1 : 0.999764 0.000058 0.000059 0.000059 0.000059
2 2 (0) 1 : 0.999774 0.000057 0.000056 0.000056 0.000056
3 3 (0) 1 : 0.999749 0.000060 0.000060 0.000071 0.000060
4 4 (0) 1 : 0.999758 0.000061 0.000061 0.000061 0.000061
5 5 (0) 1 : 0.999748 0.000063 0.000063 0.000063 0.000063
6 6 (0) 1 : 0.999757 0.000061 0.000061 0.000061 0.000061
7 7 (0) 1 : 0.999739 0.000065 0.000065 0.000065 0.000065
8 8 (0) 1 : 0.999816 0.000046 0.000046 0.000046 0.000046
9 9 (0) 1 : 0.999827 0.000043 0.000043 0.000043 0.000043
10 10 (0) 1 : 0.999798 0.000051 0.000050 0.000051 0.000050
11 11 (0) 1 : 0.999765 0.000059 0.000059 0.000059 0.000059
12 12 (0) 1 : 0.999808 0.000048 0.000048 0.000048 0.000048
13 13 (0) 1 : 0.999770 0.000058 0.000058 0.000058 0.000058
14 14 (0) 1 : 0.999767 0.000058 0.000058 0.000058 0.000058
15 15 (0) 1 : 0.999766 0.000058 0.000058 0.000058 0.000058
16 16 (0) 1 : 0.999753 0.000062 0.000062 0.000062 0.000062
17 17 (0) 1 : 0.999733 0.000067 0.000067 0.000067 0.000067
18 18 (0) 2 : 0.000046 0.000045 0.000045 0.999818 0.000045
19 19 (0) 2 : 0.000059 0.000059 0.000058 0.999766 0.000058
20 20 (0) 3 : 0.999816 0.000046 0.000046 0.000046 0.000046
21 21 (0) 3 : 0.999807 0.000048 0.000048 0.000048 0.000048
22 22 (0) 2 : 0.000060 0.000060 0.000060 0.999761 0.000060
23 23 (0) 2 : 0.000046 0.000046 0.000046 0.999816 0.000046
24 24 (0) 2 : 0.000045 0.000045 0.000044 0.999822 0.000044
25 25 (0) 4 : 0.000053 0.999786 0.000053 0.000053 0.000053
26 26 (0) 4 : 0.000047 0.999814 0.000047 0.000047 0.000046
27 27 (0) 4 : 0.000069 0.999725 0.000069 0.000069 0.000068
28 28 (0) 4 : 0.000060 0.999758 0.000061 0.000060 0.000060
29 29 (0) 4 : 0.000071 0.999716 0.000071 0.000071 0.000071
30 30 (0) 4 : 0.090934 0.908828 0.000079 0.000079 0.000079
31 31 (0) 4 : 0.000065 0.999742 0.000065 0.000065 0.000064
32 32 (0) 4 : 0.000068 0.999729 0.000068 0.000068 0.000068
33 33 (0) 4 : 0.000058 0.999769 0.000058 0.000058 0.000058
34 34 (0) 4 : 0.000044 0.999823 0.000044 0.000044 0.000044
35 35 (0) 4 : 0.000043 0.999823 0.000049 0.000043 0.000043
36 36 (0) 4 : 0.000043 0.000043 0.999828 0.000043 0.000043
37 37 (0) 4 : 0.000044 0.000044 0.999825 0.000044 0.000044
38 38 (0) 4 : 0.000055 0.999779 0.000055 0.000055 0.000055
39 39 (0) 4 : 0.000046 0.000046 0.999817 0.000046 0.000046
40 40 (0) 4 : 0.000043 0.000043 0.999829 0.000043 0.000043
41 41 (0) 4 : 0.000061 0.999756 0.000061 0.000061 0.000061
42 42 (0) 4 : 0.000059 0.999764 0.000059 0.000059 0.000059
43 43 (0) 4 : 0.000062 0.999754 0.000062 0.000062 0.000061
44 44 (0) 4 : 0.000059 0.999763 0.000059 0.000059 0.000059
45 45 (0) 4 : 0.000060 0.999760 0.000060 0.000060 0.000060
46 46 (0) 4 : 0.080665 0.919157 0.000060 0.000059 0.000059
47 47 (0) 4 : 0.000062 0.999752 0.000062 0.000062 0.000063
48 48 (0) 4 : 0.000059 0.999766 0.000058 0.000058 0.000058
49 49 (0) 4 : 0.000057 0.999771 0.000057 0.000057 0.000057
50 50 (0) 4 : 0.000059 0.999765 0.000059 0.000059 0.000059
51 51 (0) 1 : 0.999844 0.000039 0.000039 0.000039 0.000039
52 52 (0) 1 : 0.999835 0.000041 0.000041 0.000041 0.000041
53 53 (0) 1 : 0.854742 0.000066 0.145060 0.000066 0.000066
54 54 (0) 1 : 0.556132 0.000046 0.443731 0.000046 0.000046
55 55 (0) 1 : 0.770858 0.000071 0.228930 0.000071 0.000071
56 56 (0) 1 : 0.579076 0.000044 0.420791 0.000044 0.000044
57 57 (0) 1 : 0.661732 0.000042 0.338141 0.000042 0.000042
58 58 (0) 1 : 0.710950 0.000058 0.288878 0.000057 0.000057
59 59 (0) 1 : 0.999778 0.000056 0.000056 0.000056 0.000055
60 60 (0) 1 : 0.999771 0.000057 0.000057 0.000057 0.000057
61 61 (0) 1 : 0.999840 0.000040 0.000040 0.000040 0.000040
62 62 (0) 1 : 0.999797 0.000051 0.000051 0.000051 0.000051
63 63 (0) 1 : 0.991788 0.000053 0.008054 0.000053 0.000053
64 64 (0) 1 : 0.999763 0.000059 0.000059 0.000059 0.000059
65 65 (0) 1 : 0.999768 0.000058 0.000058 0.000058 0.000058
66 66 (0) 1 : 0.999742 0.000065 0.000064 0.000064 0.000064
67 67 (0) 1 : 0.999772 0.000057 0.000057 0.000057 0.000057
68 68 (0) 1 : 0.999737 0.000066 0.000066 0.000066 0.000066
69 69 (0) 1 : 0.999719 0.000070 0.000070 0.000070 0.000070
70 70 (0) 1 : 0.999786 0.000054 0.000054 0.000054 0.000054
71 71 (0) 1 : 0.999748 0.000063 0.000063 0.000063 0.000063
72 72 (0) 1 : 0.999754 0.000061 0.000061 0.000061 0.000061
73 73 (0) 1 : 0.999772 0.000057 0.000057 0.000057 0.000057
74 74 (0) 1 : 0.999838 0.000041 0.000040 0.000041 0.000040
75 75 (0) 1 : 0.999840 0.000040 0.000040 0.000040 0.000040
76 76 (0) 1 : 0.999685 0.000079 0.000079 0.000079 0.000079
77 77 (0) 1 : 0.999752 0.000062 0.000062 0.000062 0.000062
78 78 (0) 1 : 0.999757 0.000061 0.000061 0.000061 0.000061
79 79 (0) 1 : 0.807241 0.000051 0.192587 0.000071 0.000050
80 80 (0) 1 : 0.999840 0.000040 0.000040 0.000040 0.000040
81 81 (0) 1 : 0.999840 0.000040 0.000040 0.000040 0.000040
82 82 (0) 1 : 0.999821 0.000045 0.000045 0.000045 0.000045
83 83 (0) 1 : 0.947453 0.000058 0.000058 0.000058 0.052373
84 84 (0) 1 : 0.999683 0.000079 0.000079 0.000079 0.000079
85 85 (0) 1 : 0.999838 0.000041 0.000041 0.000041 0.000040
86 86 (0) 1 : 0.999840 0.000040 0.000040 0.000040 0.000040
87 87 (0) 5 : 0.234354 0.765461 0.000062 0.000062 0.000062
88 88 (0) 5 : 0.250499 0.749341 0.000053 0.000054 0.000053
89 89 (0) 5 : 0.365846 0.634028 0.000042 0.000042 0.000042
90 90 (0) 5 : 0.000062 0.999753 0.000062 0.000062 0.000062
91 91 (0) 5 : 0.000059 0.999766 0.000058 0.000059 0.000058
92 92 (0) 5 : 0.314137 0.685722 0.000047 0.000047 0.000047
93 93 (0) 5 : 0.148380 0.851422 0.000066 0.000066 0.000066
94 94 (0) 5 : 0.116629 0.883224 0.000049 0.000049 0.000049
95 95 (0) 5 : 0.000064 0.999746 0.000063 0.000063 0.000063
96 96 (0) 5 : 0.090967 0.908865 0.000056 0.000056 0.000056
97 97 (0) 6 : 0.000056 0.000056 0.000056 0.000056 0.999775
98 98 (0) 6 : 0.800472 0.000054 0.000054 0.000054 0.199367
99 99 (0) 6 : 0.776038 0.000054 0.000054 0.000054 0.223799
100 100 (0) 6 : 0.999824 0.000044 0.000044 0.000044 0.000044
101 101 (0) 6 : 0.999825 0.000044 0.000044 0.000044 0.000044
102 102 (0) 6 : 0.999836 0.000041 0.000041 0.000041 0.000040
103 103 (0) 6 : 0.000055 0.000055 0.000055 0.000055 0.999778
104 104 (0) 6 : 0.616780 0.000058 0.000058 0.000058 0.383045
105 105 (0) 6 : 0.000057 0.000057 0.000057 0.000057 0.999771
106 106 (0) 6 : 0.000065 0.000065 0.000065 0.000065 0.999741
107 107 (0) 6 : 0.000057 0.000057 0.000057 0.000057 0.999770
108 108 (0) 6 : 0.000061 0.000061 0.000061 0.000061 0.999757
109 109 (0) 6 : 0.000059 0.000059 0.000059 0.000059 0.999763
110 110 (0) 2 : 0.000046 0.000046 0.000046 0.999817 0.000046
111 111 (0) 2 : 0.000059 0.000059 0.000059 0.999764 0.000059
112 112 (0) 2 : 0.000060 0.000060 0.000060 0.999761 0.000060
113 113 (0) 2 : 0.000055 0.000055 0.000055 0.999781 0.000055
114 114 (0) 2 : 0.254672 0.000057 0.000057 0.745157 0.000057
115 115 (0) 3 : 0.961077 0.000041 0.000041 0.038801 0.000041
1 1 (0) 1 : 0.999764 0.000059 0.000059 0.000059 0.000059
2 2 (0) 1 : 0.999775 0.000056 0.000056 0.000056 0.000056
3 3 (0) 1 : 0.999760 0.000060 0.000060 0.000060 0.000059
4 4 (0) 1 : 0.999759 0.000061 0.000061 0.000061 0.000060
5 5 (0) 1 : 0.999748 0.000063 0.000063 0.000063 0.000062
6 6 (0) 1 : 0.999758 0.000061 0.000061 0.000061 0.000060
7 7 (0) 1 : 0.999740 0.000065 0.000065 0.000065 0.000064
8 8 (0) 1 : 0.999817 0.000046 0.000046 0.000046 0.000045
9 9 (0) 1 : 0.999828 0.000043 0.000043 0.000043 0.000043
10 10 (0) 1 : 0.999799 0.000051 0.000050 0.000051 0.000050
11 11 (0) 1 : 0.999766 0.000059 0.000059 0.000059 0.000058
12 12 (0) 1 : 0.999808 0.000048 0.000048 0.000048 0.000048
13 13 (0) 1 : 0.999770 0.000058 0.000058 0.000058 0.000057
14 14 (0) 1 : 0.999768 0.000058 0.000058 0.000058 0.000058
15 15 (0) 1 : 0.999767 0.000058 0.000058 0.000058 0.000058
16 16 (0) 1 : 0.999754 0.000062 0.000062 0.000062 0.000061
17 17 (0) 1 : 0.999734 0.000067 0.000067 0.000067 0.000066
18 18 (0) 2 : 0.175174 0.824690 0.000045 0.000045 0.000045
19 19 (0) 2 : 0.263596 0.736229 0.000058 0.000059 0.000058
20 20 (0) 3 : 0.999816 0.000046 0.000046 0.000046 0.000046
21 21 (0) 3 : 0.999808 0.000048 0.000048 0.000048 0.000048
22 22 (0) 2 : 0.000060 0.999762 0.000060 0.000060 0.000059
23 23 (0) 2 : 0.000046 0.999817 0.000046 0.000046 0.000045
24 24 (0) 2 : 0.000045 0.999823 0.000044 0.000045 0.000044
25 25 (0) 4 : 0.000054 0.000053 0.000053 0.999787 0.000053
26 26 (0) 4 : 0.000047 0.000047 0.000047 0.999814 0.000046
27 27 (0) 4 : 0.000069 0.000069 0.000069 0.999726 0.000068
28 28 (0) 4 : 0.000061 0.000060 0.000060 0.999759 0.000060
29 29 (0) 4 : 0.000071 0.000071 0.000071 0.999717 0.000070
30 30 (0) 4 : 0.000079 0.000079 0.000079 0.999684 0.000078
31 31 (0) 4 : 0.000065 0.000065 0.000064 0.999742 0.000064
32 32 (0) 4 : 0.000068 0.000068 0.000068 0.999730 0.000067
33 33 (0) 4 : 0.000058 0.000058 0.000058 0.999770 0.000057
34 34 (0) 4 : 0.000044 0.000044 0.000044 0.999823 0.000044
35 35 (0) 4 : 0.000043 0.000043 0.000043 0.999829 0.000042
36 36 (0) 4 : 0.000043 0.000043 0.000043 0.999829 0.000042
37 37 (0) 4 : 0.000044 0.000044 0.000043 0.999826 0.000043
38 38 (0) 4 : 0.000055 0.000055 0.000055 0.999780 0.000054
39 39 (0) 4 : 0.000046 0.000046 0.000046 0.999818 0.000045
40 40 (0) 4 : 0.000043 0.000043 0.000043 0.999830 0.000042
41 41 (0) 4 : 0.000061 0.000061 0.000061 0.999757 0.000060
42 42 (0) 4 : 0.000059 0.000059 0.000059 0.999765 0.000058
43 43 (0) 4 : 0.000062 0.000062 0.000061 0.999755 0.000061
44 44 (0) 4 : 0.000059 0.000059 0.000059 0.999764 0.000059
45 45 (0) 4 : 0.000060 0.000060 0.000060 0.999761 0.000059
46 46 (0) 4 : 0.000060 0.000060 0.000059 0.999763 0.000059
47 47 (0) 4 : 0.000062 0.000062 0.000062 0.999754 0.000061
48 48 (0) 4 : 0.000059 0.000058 0.000058 0.999767 0.000058
49 49 (0) 4 : 0.000057 0.000057 0.000057 0.999772 0.000056
50 50 (0) 4 : 0.000059 0.000059 0.000059 0.999766 0.000058
51 51 (0) 1 : 0.999845 0.000039 0.000039 0.000039 0.000039
52 52 (0) 1 : 0.999836 0.000041 0.000041 0.000041 0.000041
53 53 (0) 1 : 0.999736 0.000066 0.000066 0.000066 0.000066
54 54 (0) 1 : 0.999818 0.000046 0.000046 0.000045 0.000046
55 55 (0) 1 : 0.702549 0.000071 0.000071 0.297240 0.000070
56 56 (0) 1 : 0.491329 0.000044 0.000044 0.508539 0.000044
57 57 (0) 1 : 0.605848 0.000042 0.000042 0.394025 0.000042
58 58 (0) 1 : 0.649781 0.000057 0.000057 0.350048 0.000057
59 59 (0) 1 : 0.999778 0.000056 0.000056 0.000056 0.000055
60 60 (0) 1 : 0.999772 0.000057 0.000057 0.000057 0.000056
61 61 (0) 1 : 0.999841 0.000040 0.000040 0.000040 0.000039
62 62 (0) 1 : 0.999797 0.000051 0.000051 0.000051 0.000050
63 63 (0) 1 : 0.999788 0.000053 0.000053 0.000053 0.000053
64 64 (0) 1 : 0.999764 0.000059 0.000059 0.000059 0.000058
65 65 (0) 1 : 0.999769 0.000058 0.000058 0.000058 0.000057
66 66 (0) 1 : 0.999743 0.000064 0.000064 0.000065 0.000064
67 67 (0) 1 : 0.999773 0.000057 0.000057 0.000057 0.000056
68 68 (0) 1 : 0.999738 0.000066 0.000066 0.000066 0.000065
69 69 (0) 1 : 0.999720 0.000070 0.000070 0.000070 0.000069
70 70 (0) 1 : 0.999786 0.000054 0.000054 0.000054 0.000053
71 71 (0) 1 : 0.999748 0.000063 0.000063 0.000063 0.000062
72 72 (0) 1 : 0.999755 0.000061 0.000061 0.000061 0.000061
73 73 (0) 1 : 0.999773 0.000057 0.000057 0.000057 0.000056
74 74 (0) 1 : 0.999839 0.000041 0.000040 0.000041 0.000040
75 75 (0) 1 : 0.999841 0.000040 0.000040 0.000040 0.000039
76 76 (0) 1 : 0.999686 0.000079 0.000079 0.000079 0.000078
77 77 (0) 1 : 0.999753 0.000062 0.000062 0.000062 0.000061
78 78 (0) 1 : 0.999758 0.000061 0.000061 0.000061 0.000060
79 79 (0) 1 : 0.999798 0.000051 0.000050 0.000051 0.000050
80 80 (0) 1 : 0.999841 0.000040 0.000040 0.000040 0.000039
81 81 (0) 1 : 0.999841 0.000040 0.000040 0.000040 0.000039
82 82 (0) 1 : 0.999822 0.000045 0.000045 0.000045 0.000044
83 83 (0) 1 : 0.999768 0.000058 0.000059 0.000058 0.000058
84 84 (0) 1 : 0.999684 0.000079 0.000079 0.000079 0.000079
85 85 (0) 1 : 0.999838 0.000041 0.000040 0.000041 0.000040
86 86 (0) 1 : 0.999841 0.000040 0.000040 0.000040 0.000039
87 87 (0) 5 : 0.245398 0.000062 0.000062 0.754417 0.000061
88 88 (0) 5 : 0.279872 0.000054 0.000053 0.719968 0.000053
89 89 (0) 5 : 0.402386 0.000042 0.000042 0.597488 0.000041
90 90 (0) 5 : 0.000062 0.000062 0.000062 0.999753 0.000061
91 91 (0) 5 : 0.000059 0.000059 0.000058 0.999766 0.000058
92 92 (0) 5 : 0.339959 0.000047 0.000047 0.659899 0.000047
93 93 (0) 5 : 0.149695 0.000066 0.000066 0.850108 0.000065
94 94 (0) 5 : 0.174829 0.000049 0.000049 0.825023 0.000049
95 95 (0) 5 : 0.000064 0.000064 0.000063 0.999747 0.000063
96 96 (0) 5 : 0.000057 0.000056 0.000056 0.999775 0.000056
97 97 (0) 6 : 0.999776 0.000056 0.000056 0.000056 0.000055
98 98 (0) 6 : 0.999784 0.000054 0.000055 0.000054 0.000053
99 99 (0) 6 : 0.999785 0.000054 0.000053 0.000054 0.000054
100 100 (0) 6 : 0.999825 0.000044 0.000044 0.000044 0.000043
101 101 (0) 6 : 0.999826 0.000044 0.000044 0.000044 0.000043
102 102 (0) 6 : 0.999836 0.000041 0.000041 0.000041 0.000041
103 103 (0) 6 : 0.999780 0.000055 0.000055 0.000055 0.000055
104 104 (0) 6 : 0.999768 0.000058 0.000058 0.000058 0.000058
105 105 (0) 6 : 0.000057 0.000057 0.999773 0.000057 0.000057
106 106 (0) 6 : 0.000064 0.000064 0.999744 0.000064 0.000064
107 107 (0) 6 : 0.999770 0.000057 0.000056 0.000060 0.000057
108 108 (0) 6 : 0.980429 0.000061 0.019389 0.000062 0.000060
109 109 (0) 6 : 0.000059 0.000059 0.999765 0.000059 0.000059
110 110 (0) 2 : 0.285332 0.714531 0.000046 0.000046 0.000045
111 111 (0) 2 : 0.000059 0.999765 0.000059 0.000059 0.000058
112 112 (0) 2 : 0.309427 0.690394 0.000060 0.000060 0.000059
113 113 (0) 2 : 0.280478 0.719359 0.000055 0.000055 0.000054
114 114 (0) 2 : 0.420819 0.579011 0.000057 0.000057 0.000056
115 115 (0) 3 : 0.960269 0.039609 0.000040 0.000041 0.000040
