1 1 (0) 1 : 0.000041 0.000041 0.000041 0.999752 0.000041 0.000041 0.000041
2 2 (0) 1 : 0.000039 0.000039 0.000040 0.999763 0.000040 0.000039 0.000039
3 3 (0) 1 : 0.000042 0.000042 0.000042 0.999748 0.000042 0.000042 0.000042
4 4 (0) 1 : 0.000042 0.000042 0.000042 0.999747 0.000042 0.000042 0.000042
5 5 (0) 1 : 0.000044 0.000044 0.000044 0.999735 0.000044 0.000044 0.000044
6 6 (0) 1 : 0.000042 0.000042 0.000042 0.999745 0.000042 0.000042 0.000042
7 7 (0) 1 : 0.000045 0.000045 0.000046 0.999727 0.000046 0.000045 0.000045
8 8 (0) 1 : 0.000032 0.000032 0.000032 0.999808 0.000032 0.000032 0.000032
9 9 (0) 1 : 0.000030 0.000030 0.000030 0.999820 0.000030 0.000030 0.000030
10 10 (0) 1 : 0.000035 0.000035 0.000035 0.999789 0.000035 0.000035 0.000035
11 11 (0) 1 : 0.000041 0.000041 0.000041 0.999754 0.000041 0.000041 0.000041
12 12 (0) 1 : 0.000034 0.000034 0.000034 0.999798 0.000034 0.000034 0.000034
13 13 (0) 1 : 0.000040 0.000040 0.000040 0.999759 0.000040 0.000040 0.000040
14 14 (0) 1 : 0.000041 0.000041 0.000041 0.999756 0.000041 0.000041 0.000041
15 15 (0) 1 : 0.000041 0.000041 0.000041 0.999755 0.000041 0.000041 0.000041
16 16 (0) 1 : 0.000043 0.000043 0.000043 0.999742 0.000043 0.000043 0.000043
17 17 (0) 1 : 0.000047 0.000047 0.000047 0.999720 0.000047 0.000047 0.000047
18 18 (0) 2 : 0.000032 0.000032 0.000032 0.000032 0.999810 0.000032 0.000032
19 19 (0) 2 : 0.000041 0.000041 0.000041 0.000041 0.999754 0.000041 0.000041
20 20 (0) 3 : 0.000032 0.000032 0.000032 0.999807 0.000032 0.000032 0.000032
21 21 (0) 3 : 0.000034 0.000034 0.000034 0.999798 0.000034 0.000034 0.000034
22 22 (0) 2 : 0.000042 0.000042 0.000042 0.000042 0.999750 0.000042 0.000042
23 23 (0) 2 : 0.000032 0.000032 0.000032 0.000032 0.999807 0.000032 0.000032
24 24 (0) 2 : 0.000031 0.000031 0.000031 0.000031 0.999814 0.000031 0.000031
25 25 (0) 4 : 0.000037 0.000037 0.895944 0.103871 0.000037 0.000037 0.000037
26 26 (0) 4 : 0.000032 0.000032 0.999805 0.000032 0.000032 0.000032 0.000032
27 27 (0) 4 : 0.000048 0.000048 0.999714 0.000048 0.000048 0.000048 0.000048
28 28 (0) 4 : 0.000042 0.000042 0.999748 0.000042 0.000042 0.000042 0.000042
29 29 (0) 4 : 0.000049 0.000049 0.999703 0.000049 0.000049 0.000049 0.000049
30 30 (0) 4 : 0.000055 0.000055 0.887968 0.111757 0.000055 0.000055 0.000055
31 31 (0) 4 : 0.000045 0.000045 0.999730 0.000045 0.000045 0.000045 0.000045
32 32 (0) 4 : 0.000047 0.000047 0.999717 0.000047 0.000047 0.000047 0.000047
33 33 (0) 4 : 0.000040 0.000040 0.999758 0.000040 0.000040 0.000040 0.000040
34 34 (0) 4 : 0.000031 0.000031 0.999814 0.000031 0.000031 0.000031 0.000031
35 35 (0) 4 : 0.000030 0.000030 0.902875 0.096976 0.000030 0.000030 0.000030
36 36 (0) 4 : 0.000030 0.000030 0.999821 0.000030 0.000030 0.000030 0.000030
37 37 (0) 4 : 0.000030 0.000030 0.999818 0.000030 0.000030 0.000030 0.000030
38 38 (0) 4 : 0.000038 0.000038 0.999769 0.000039 0.000038 0.000038 0.000038
39 39 (0) 4 : 0.000032 0.000032 0.999809 0.000032 0.000032 0.000032 0.000032
40 40 (0) 4 : 0.000030 0.000030 0.999821 0.000030 0.000030 0.000030 0.000030
41 41 (0) 4 : 0.000043 0.000043 0.999745 0.000043 0.000043 0.000043 0.000043
42 42 (0) 4 : 0.000041 0.000041 0.999753 0.000041 0.000041 0.000041 0.000041
43 43 (0) 4 : 0.000043 0.000043 0.999743 0.000043 0.000043 0.000043 0.000043
44 44 (0) 4 : 0.000041 0.000041 0.999752 0.000041 0.000041 0.000041 0.000041
45 45 (0) 4 : 0.000042 0.000042 0.999749 0.000042 0.000042 0.000042 0.000042
46 46 (0) 4 : 0.000041 0.000041 0.999751 0.000042 0.000042 0.000041 0.000041
47 47 (0) 4 : 0.000043 0.000043 0.999742 0.000043 0.000043 0.000043 0.000043
48 48 (0) 4 : 0.000041 0.000041 0.907620 0.092176 0.000041 0.000041 0.000041
49 49 (0) 4 : 0.000040 0.000040 0.999761 0.000040 0.000040 0.000040 0.000040
50 50 (0) 4 : 0.000041 0.000041 0.999754 0.000041 0.000041 0.000041 0.000041
51 51 (0) 1 : 0.000027 0.000027 0.000027 0.999837 0.000027 0.000027 0.000027
52 52 (0) 1 : 0.000029 0.000029 0.000029 0.999829 0.000029 0.000029 0.000029
53 53 (0) 1 : 0.000046 0.000046 0.315686 0.684085 0.000046 0.000046 0.000046
54 54 (0) 1 : 0.000032 0.000032 0.596864 0.402977 0.000032 0.000032 0.000032
55 55 (0) 1 : 0.000049 0.000049 0.330487 0.669267 0.000049 0.000049 0.000049
56 56 (0) 1 : 0.000031 0.000031 0.533408 0.466437 0.000031 0.000031 0.000031
57 57 (0) 1 : 0.000029 0.000029 0.512603 0.487250 0.000029 0.000029 0.000029
58 58 (0) 1 : 0.000040 0.000040 0.414353 0.585449 0.000040 0.000040 0.000040
59 59 (0) 1 : 0.000039 0.000039 0.000039 0.999769 0.000039 0.000039 0.000039
60 60 (0) 1 : 0.000040 0.000040 0.000040 0.999761 0.000040 0.000040 0.000040
61 61 (0) 1 : 0.000028 0.000028 0.000028 0.999833 0.000028 0.000028 0.000028
62 62 (0) 1 : 0.000035 0.000035 0.156801 0.843022 0.000035 0.000035 0.000035
63 63 (0) 1 : 0.000037 0.000037 0.121635 0.878180 0.000037 0.000037 0.000037
64 64 (0) 1 : 0.000041 0.000041 0.000041 0.999752 0.000041 0.000041 0.000041
65 65 (0) 1 : 0.000040 0.000040 0.000041 0.999757 0.000041 0.000040 0.000040
66 66 (0) 1 : 0.000045 0.000045 0.000045 0.999730 0.000045 0.000045 0.000045
67 67 (0) 1 : 0.000040 0.000040 0.000040 0.999762 0.000040 0.000040 0.000040
68 68 (0) 1 : 0.000046 0.000046 0.000046 0.999724 0.000046 0.000046 0.000046
69 69 (0) 1 : 0.000049 0.000049 0.000049 0.999706 0.000049 0.000049 0.000049
70 70 (0) 1 : 0.000037 0.000037 0.000038 0.999775 0.000038 0.000037 0.000037
71 71 (0) 1 : 0.000044 0.000044 0.000044 0.999737 0.000044 0.000044 0.000044
72 72 (0) 1 : 0.000043 0.000043 0.000043 0.999743 0.000043 0.000043 0.000043
73 73 (0) 1 : 0.000040 0.000040 0.000040 0.999760 0.000040 0.000040 0.000040
74 74 (0) 1 : 0.000028 0.000028 0.000028 0.999830 0.000028 0.000028 0.000028
75 75 (0) 1 : 0.000028 0.000028 0.000028 0.999833 0.000028 0.000028 0.000028
76 76 (0) 1 : 0.000055 0.000055 0.000055 0.999671 0.000055 0.000055 0.000055
77 77 (0) 1 : 0.000043 0.000043 0.000043 0.999741 0.000043 0.000043 0.000043
78 78 (0) 1 : 0.000042 0.000042 0.000043 0.999745 0.000042 0.000042 0.000042
79 79 (0) 1 : 0.000035 0.000035 0.296551 0.703272 0.000035 0.000035 0.000035
80 80 (0) 1 : 0.000028 0.000028 0.000028 0.999833 0.000028 0.000028 0.000028
81 81 (0) 1 : 0.000028 0.000028 0.000028 0.999833 0.000028 0.000028 0.000028
82 82 (0) 1 : 0.000031 0.000031 0.000031 0.999813 0.000031 0.000031 0.000031
83 83 (0) 1 : 0.000040 0.000040 0.000040 0.999758 0.000040 0.000040 0.000040
84 84 (0) 1 : 0.000055 0.000055 0.039541 0.960184 0.000055 0.000055 0.000055
85 85 (0) 1 : 0.000028 0.000028 0.000028 0.999830 0.000028 0.000028 0.000028
86 86 (0) 1 : 0.000028 0.000028 0.000028 0.999833 0.000028 0.000028 0.000028
87 87 (0) 5 : 0.000043 0.000043 0.659401 0.340383 0.000043 0.000043 0.000043
88 88 (0) 5 : 0.000037 0.000037 0.689170 0.310645 0.000037 0.000037 0.000037
89 89 (0) 5 : 0.000029 0.000029 0.545959 0.453894 0.000029 0.000029 0.000029
90 90 (0) 5 : 0.000043 0.000043 0.860354 0.139432 0.000043 0.000043 0.000043
91 91 (0) 5 : 0.000041 0.000041 0.999756 0.000041 0.000041 0.000041 0.000041
92 92 (0) 5 : 0.000033 0.000033 0.685470 0.314366 0.000033 0.000033 0.000033
93 93 (0) 5 : 0.000046 0.000046 0.802397 0.197373 0.000046 0.000046 0.000046
94 94 (0) 5 : 0.000034 0.000034 0.782049 0.217780 0.000034 0.000034 0.000034
95 95 (0) 5 : 0.000044 0.000044 0.960440 0.039339 0.000044 0.000044 0.000044
96 96 (0) 5 : 0.000039 0.000039 0.815173 0.184630 0.000039 0.000039 0.000039
97 97 (0) 6 : 0.000039 0.000039 0.000039 0.999766 0.000039 0.000039 0.000039
98 98 (0) 6 : 0.000038 0.000038 0.000038 0.999774 0.000038 0.000038 0.000038
99 99 (0) 6 : 0.000038 0.000038 0.000038 0.999773 0.000038 0.000038 0.000038
100 100 (0) 6 : 0.000031 0.000031 0.000031 0.999817 0.000031 0.000031 0.000031
101 101 (0) 6 : 0.000030 0.000030 0.000031 0.999817 0.000031 0.000030 0.000030
102 102 (0) 6 : 0.000029 0.000029 0.000029 0.999827 0.000029 0.000029 0.000029
103 103 (0) 6 : 0.000038 0.000038 0.000038 0.999769 0.000038 0.000038 0.000038
104 104 (0) 6 : 0.000041 0.000041 0.000041 0.999756 0.000041 0.000041 0.000041
105 105 (0) 6 : 0.000040 0.000040 0.000040 0.999760 0.000040 0.000040 0.000040
106 106 (0) 6 : 0.000045 0.000045 0.000045 0.999730 0.000045 0.000045 0.000045
107 107 (0) 6 : 0.000040 0.000040 0.000040 0.999760 0.000040 0.000040 0.000040
108 108 (0) 6 : 0.000042 0.000042 0.000042 0.999747 0.000042 0.000042 0.000042
109 109 (0) 6 : 0.000041 0.000041 0.000041 0.999752 0.000041 0.000041 0.000041
110 110 (0) 2 : 0.000032 0.000032 0.000032 0.167568 0.832272 0.000032 0.000032
111 111 (0) 2 : 0.000041 0.000041 0.000041 0.000041 0.999755 0.000041 0.000041
112 112 (0) 2 : 0.000042 0.000042 0.000042 0.109979 0.889814 0.000042 0.000042
113 113 (0) 2 : 0.000038 0.000038 0.000038 0.000038 0.999771 0.000038 0.000038
114 114 (0) 2 : 0.000040 0.000040 0.000040 0.000040 0.999762 0.000040 0.000040
115 115 (0) 3 : 0.000028 0.000028 0.000028 0.952990 0.046868 0.000028 0.000028
1 1 (0) 1 : 0.999752 0.000041 0.000041 0.000041 0.000041 0.000041 0.000041
2 2 (0) 1 : 0.999763 0.000039 0.000040 0.000039 0.000039 0.000039 0.000040
3 3 (0) 1 : 0.999748 0.000042 0.000042 0.000042 0.000042 0.000042 0.000042
4 4 (0) 1 : 0.999747 0.000042 0.000042 0.000042 0.000042 0.000042 0.000042
5 5 (0) 1 : 0.999735 0.000044 0.000044 0.000044 0.000044 0.000044 0.000044
6 6 (0) 1 : 0.999745 0.000042 0.000042 0.000042 0.000042 0.000042 0.000042
7 7 (0) 1 : 0.999727 0.000045 0.000046 0.000045 0.000045 0.000045 0.000046
8 8 (0) 1 : 0.999808 0.000032 0.000032 0.000032 0.000032 0.000032 0.000032
9 9 (0) 1 : 0.999820 0.000030 0.000030 0.000030 0.000030 0.000030 0.000030
10 10 (0) 1 : 0.999789 0.000035 0.000035 0.000035 0.000035 0.000035 0.000035
11 11 (0) 1 : 0.999754 0.000041 0.000041 0.000041 0.000041 0.000041 0.000041
12 12 (0) 1 : 0.999798 0.000034 0.000034 0.000034 0.000034 0.000034 0.000034
13 13 (0) 1 : 0.999759 0.000040 0.000040 0.000040 0.000040 0.000040 0.000040
14 14 (0) 1 : 0.999756 0.000041 0.000041 0.000041 0.000041 0.000041 0.000041
15 15 (0) 1 : 0.999755 0.000041 0.000041 0.000041 0.000041 0.000041 0.000041
16 16 (0) 1 : 0.999742 0.000043 0.000043 0.000043 0.000043 0.000043 0.000043
17 17 (0) 1 : 0.999720 0.000047 0.000047 0.000047 0.000047 0.000047 0.000047
18 18 (0) 2 : 0.000032 0.000032 0.999810 0.000032 0.000032 0.000032 0.000032
19 19 (0) 2 : 0.000041 0.000041 0.999754 0.000041 0.000041 0.000041 0.000041
20 20 (0) 3 : 0.999807 0.000032 0.000032 0.000032 0.000032 0.000032 0.000032
21 21 (0) 3 : 0.999798 0.000034 0.000034 0.000034 0.000034 0.000034 0.000034
22 22 (0) 2 : 0.000042 0.000042 0.999750 0.000042 0.000042 0.000042 0.000042
23 23 (0) 2 : 0.000032 0.000032 0.999807 0.000032 0.000032 0.000032 0.000032
24 24 (0) 2 : 0.000031 0.000031 0.999814 0.000031 0.000031 0.000031 0.000031
25 25 (0) 4 : 0.000037 0.000037 0.000037 0.000037 0.000037 0.000037 0.999777
26 26 (0) 4 : 0.000032 0.000032 0.000032 0.000032 0.000032 0.000032 0.999805
27 27 (0) 4 : 0.000048 0.000048 0.000048 0.000048 0.000048 0.000048 0.999714
28 28 (0) 4 : 0.000042 0.000042 0.000042 0.000042 0.000042 0.000042 0.999748
29 29 (0) 4 : 0.000049 0.000049 0.000049 0.000049 0.000049 0.000049 0.999703
30 30 (0) 4 : 0.126920 0.000055 0.000055 0.000055 0.000055 0.000055 0.872805
31 31 (0) 4 : 0.000045 0.000045 0.000045 0.000045 0.000045 0.000045 0.999730
32 32 (0) 4 : 0.000047 0.000047 0.000047 0.000047 0.000047 0.000047 0.999717
33 33 (0) 4 : 0.000040 0.000040 0.000040 0.000040 0.000040 0.000040 0.999758
34 34 (0) 4 : 0.000031 0.000031 0.000031 0.000031 0.000031 0.000031 0.999814
35 35 (0) 4 : 0.000030 0.000030 0.000030 0.000030 0.000030 0.000030 0.999821
36 36 (0) 4 : 0.000030 0.000030 0.999821 0.000030 0.000030 0.000030 0.000030
37 37 (0) 4 : 0.000030 0.000030 0.999818 0.000030 0.000030 0.000030 0.000030
38 38 (0) 4 : 0.000039 0.000038 0.000039 0.000038 0.000038 0.000038 0.999769
39 39 (0) 4 : 0.000032 0.000032 0.138468 0.000032 0.000032 0.000032 0.861372
40 40 (0) 4 : 0.000030 0.000030 0.999821 0.000030 0.000030 0.000030 0.000030
41 41 (0) 4 : 0.000043 0.000043 0.000043 0.000043 0.000043 0.000043 0.999745
42 42 (0) 4 : 0.000041 0.000041 0.000041 0.000041 0.000041 0.000041 0.999753
43 43 (0) 4 : 0.000043 0.000043 0.000043 0.000043 0.000043 0.000043 0.999743
44 44 (0) 4 : 0.000041 0.000041 0.000041 0.000041 0.000041 0.000041 0.999752
45 45 (0) 4 : 0.000042 0.000042 0.000042 0.000042 0.000042 0.000042 0.999749
46 46 (0) 4 : 0.000042 0.000041 0.000042 0.000041 0.000041 0.000041 0.999751
47 47 (0) 4 : 0.000043 0.000043 0.000043 0.000043 0.000043 0.000043 0.999742
48 48 (0) 4 : 0.068016 0.000041 0.000041 0.000041 0.000041 0.000041 0.931780
49 49 (0) 4 : 0.000040 0.000040 0.000040 0.000040 0.000040 0.000040 0.999761
50 50 (0) 4 : 0.000041 0.000041 0.000041 0.000041 0.000041 0.000041 0.999754
51 51 (0) 1 : 0.999837 0.000027 0.000027 0.000027 0.000027 0.000027 0.000027
52 52 (0) 1 : 0.999829 0.000029 0.000029 0.000029 0.000029 0.000029 0.000029
53 53 (0) 1 : 0.581273 0.000046 0.418498 0.000046 0.000046 0.000046 0.000046
54 54 (0) 1 : 0.299831 0.000032 0.700010 0.000032 0.000032 0.000032 0.000032
55 55 (0) 1 : 0.654729 0.000049 0.345025 0.000049 0.000049 0.000049 0.000049
56 56 (0) 1 : 0.407245 0.000031 0.592600 0.000031 0.000031 0.000031 0.000031
57 57 (0) 1 : 0.424188 0.000029 0.575665 0.000029 0.000029 0.000029 0.000029
58 58 (0) 1 : 0.558173 0.000040 0.441629 0.000040 0.000040 0.000040 0.000040
59 59 (0) 1 : 0.999769 0.000039 0.000039 0.000039 0.000039 0.000039 0.000039
60 60 (0) 1 : 0.999761 0.000040 0.000040 0.000040 0.000040 0.000040 0.000040
61 61 (0) 1 : 0.999833 0.000028 0.000028 0.000028 0.000028 0.000028 0.000028
62 62 (0) 1 : 0.849059 0.000035 0.150765 0.000035 0.000035 0.000035 0.000035
63 63 (0) 1 : 0.868696 0.000037 0.131118 0.000037 0.000037 0.000037 0.000037
64 64 (0) 1 : 0.999752 0.000041 0.000041 0.000041 0.000041 0.000041 0.000041
65 65 (0) 1 : 0.999757 0.000040 0.000041 0.000040 0.000040 0.000040 0.000041
66 66 (0) 1 : 0.999730 0.000045 0.000045 0.000045 0.000045 0.000045 0.000045
67 67 (0) 1 : 0.999762 0.000040 0.000040 0.000040 0.000040 0.000040 0.000040
68 68 (0) 1 : 0.999724 0.000046 0.000046 0.000046 0.000046 0.000046 0.000046
69 69 (0) 1 : 0.999706 0.000049 0.000049 0.000049 0.000049 0.000049 0.000049
70 70 (0) 1 : 0.999775 0.000037 0.000038 0.000037 0.000037 0.000037 0.000038
71 71 (0) 1 : 0.999737 0.000044 0.000044 0.000044 0.000044 0.000044 0.000044
72 72 (0) 1 : 0.999743 0.000043 0.000043 0.000043 0.000043 0.000043 0.000043
73 73 (0) 1 : 0.999760 0.000040 0.000040 0.000040 0.000040 0.000040 0.000040
74 74 (0) 1 : 0.999830 0.000028 0.000028 0.000028 0.000028 0.000028 0.000028
75 75 (0) 1 : 0.999833 0.000028 0.000028 0.000028 0.000028 0.000028 0.000028
76 76 (0) 1 : 0.999670 0.000055 0.000055 0.000055 0.000055 0.000055 0.000055
77 77 (0) 1 : 0.999741 0.000043 0.000043 0.000043 0.000043 0.000043 0.000043
78 78 (0) 1 : 0.999745 0.000042 0.000043 0.000042 0.000042 0.000042 0.000043
79 79 (0) 1 : 0.643946 0.000035 0.355878 0.000035 0.000035 0.000035 0.000035
80 80 (0) 1 : 0.999833 0.000028 0.000028 0.000028 0.000028 0.000028 0.000028
81 81 (0) 1 : 0.999833 0.000028 0.000028 0.000028 0.000028 0.000028 0.000028
82 82 (0) 1 : 0.999813 0.000031 0.000031 0.000031 0.000031 0.000031 0.000031
83 83 (0) 1 : 0.999758 0.000040 0.000040 0.000040 0.000040 0.000040 0.000040
84 84 (0) 1 : 0.999669 0.000055 0.000055 0.000055 0.000055 0.000055 0.000055
85 85 (0) 1 : 0.999830 0.000028 0.000028 0.000028 0.000028 0.000028 0.000028
86 86 (0) 1 : 0.999833 0.000028 0.000028 0.000028 0.000028 0.000028 0.000028
87 87 (0) 5 : 0.310295 0.000043 0.000043 0.000043 0.000043 0.000043 0.689490
88 88 (0) 5 : 0.205942 0.000037 0.000037 0.000037 0.000037 0.000037 0.793872
89 89 (0) 5 : 0.381692 0.000029 0.000029 0.000029 0.000029 0.000029 0.618162
90 90 (0) 5 : 0.131384 0.000043 0.000043 0.000043 0.000043 0.000043 0.868402
91 91 (0) 5 : 0.000041 0.000041 0.000041 0.000041 0.000041 0.000041 0.999756
92 92 (0) 5 : 0.253257 0.000033 0.000033 0.000033 0.000033 0.000033 0.746578
93 93 (0) 5 : 0.179268 0.000046 0.000046 0.000046 0.000046 0.000046 0.820503
94 94 (0) 5 : 0.084092 0.000034 0.000034 0.000034 0.000034 0.000034 0.915737
95 95 (0) 5 : 0.027904 0.000044 0.000044 0.000044 0.000044 0.000044 0.971875
96 96 (0) 5 : 0.169656 0.000039 0.000039 0.000039 0.000039 0.000039 0.830147
97 97 (0) 6 : 0.999766 0.000039 0.000039 0.000039 0.000039 0.000039 0.000039
98 98 (0) 6 : 0.999774 0.000038 0.000038 0.000038 0.000038 0.000038 0.000038
99 99 (0) 6 : 0.999773 0.000038 0.000038 0.000038 0.000038 0.000038 0.000038
100 100 (0) 6 : 0.999817 0.000031 0.000031 0.000031 0.000031 0.000031 0.000031
101 101 (0) 6 : 0.999817 0.000030 0.000031 0.000030 0.000030 0.000030 0.000031
102 102 (0) 6 : 0.999827 0.000029 0.000029 0.000029 0.000029 0.000029 0.000029
103 103 (0) 6 : 0.999769 0.000038 0.000038 0.000038 0.000038 0.000038 0.000038
104 104 (0) 6 : 0.999756 0.000041 0.000041 0.000041 0.000041 0.000041 0.000041
105 105 (0) 6 : 0.999760 0.000040 0.000040 0.000040 0.000040 0.000040 0.000040
106 106 (0) 6 : 0.999730 0.000045 0.000045 0.000045 0.000045 0.000045 0.000045
107 107 (0) 6 : 0.999760 0.000040 0.000040 0.000040 0.000040 0.000040 0.000040
108 108 (0) 6 : 0.999747 0.000042 0.000042 0.000042 0.000042 0.000042 0.000042
109 109 (0) 6 : 0.999752 0.000041 0.000041 0.000041 0.000041 0.000041 0.000041
110 110 (0) 2 : 0.006719 0.000032 0.993121 0.000032 0.000032 0.000032 0.000032
111 111 (0) 2 : 0.000041 0.000041 0.999755 0.000041 0.000041 0.000041 0.000041
112 112 (0) 2 : 0.000042 0.000042 0.999751 0.000042 0.000042 0.000042 0.000042
113 113 (0) 2 : 0.000038 0.000038 0.999771 0.000038 0.000038 0.000038 0.000038
114 114 (0) 2 : 0.000040 0.000040 0.999762 0.000040 0.000040 0.000040 0.000040
115 115 (0) 3 : 0.953369 0.000028 0.046489 0.000028 0.000028 0.000028 0.000028
1 1 (0) 1 : 0.000041 0.999752 0.000041 0.000041 0.000041 0.000041 0.000041
2 2 (0) 1 : 0.000039 0.999763 0.000040 0.000039 0.000040 0.000039 0.000039
3 3 (0) 1 : 0.000042 0.999748 0.000042 0.000042 0.000042 0.000042 0.000042
4 4 (0) 1 : 0.000042 0.999747 0.000042 0.000042 0.000042 0.000042 0.000042
5 5 (0) 1 : 0.000044 0.999735 0.000044 0.000044 0.000044 0.000044 0.000044
6 6 (0) 1 : 0.000042 0.999745 0.000042 0.000042 0.000042 0.000042 0.000042
7 7 (0) 1 : 0.000045 0.999727 0.000046 0.000046 0.000046 0.000045 0.000045
8 8 (0) 1 : 0.000032 0.999808 0.000032 0.000032 0.000032 0.000032 0.000032
9 9 (0) 1 : 0.000030 0.999820 0.000030 0.000030 0.000030 0.000030 0.000030
10 10 (0) 1 : 0.000035 0.999789 0.000035 0.000035 0.000035 0.000035 0.000035
11 11 (0) 1 : 0.000041 0.999754 0.000041 0.000041 0.000041 0.000041 0.000041
12 12 (0) 1 : 0.000034 0.999797 0.000034 0.000034 0.000034 0.000034 0.000034
13 13 (0) 1 : 0.000040 0.999759 0.000040 0.000040 0.000040 0.000040 0.000040
14 14 (0) 1 : 0.000041 0.999756 0.000041 0.000041 0.000041 0.000041 0.000041
15 15 (0) 1 : 0.000041 0.999755 0.000041 0.000041 0.000041 0.000041 0.000041
16 16 (0) 1 : 0.000043 0.999742 0.000043 0.000043 0.000043 0.000043 0.000043
17 17 (0) 1 : 0.000047 0.999720 0.000047 0.000047 0.000047 0.000047 0.000047
18 18 (0) 2 : 0.000032 0.000032 0.000032 0.000032 0.999810 0.000032 0.000032
19 19 (0) 2 : 0.000041 0.000041 0.000041 0.000041 0.999754 0.000041 0.000041
20 20 (0) 3 : 0.000032 0.999807 0.000032 0.000032 0.000032 0.000032 0.000032
21 21 (0) 3 : 0.000034 0.999798 0.000034 0.000034 0.000034 0.000034 0.000034
22 22 (0) 2 : 0.000042 0.000042 0.000042 0.000042 0.999750 0.000042 0.000042
23 23 (0) 2 : 0.000032 0.000032 0.000032 0.000032 0.999807 0.000032 0.000032
24 24 (0) 2 : 0.000031 0.000031 0.000031 0.000031 0.999814 0.000031 0.000031
25 25 (0) 4 : 0.000037 0.000037 0.999777 0.000037 0.000037 0.000037 0.000037
26 26 (0) 4 : 0.000032 0.000032 0.999805 0.000032 0.000032 0.000032 0.000032
27 27 (0) 4 : 0.000048 0.000048 0.999714 0.000048 0.000048 0.000048 0.000048
28 28 (0) 4 : 0.000042 0.000042 0.999748 0.000042 0.000042 0.000042 0.000042
29 29 (0) 4 : 0.000049 0.000049 0.999703 0.000049 0.000049 0.000049 0.000049
30 30 (0) 4 : 0.000055 0.106814 0.892911 0.000055 0.000055 0.000055 0.000055
31 31 (0) 4 : 0.000045 0.000045 0.999730 0.000045 0.000045 0.000045 0.000045
32 32 (0) 4 : 0.000047 0.000047 0.999717 0.000047 0.000047 0.000047 0.000047
33 33 (0) 4 : 0.000040 0.000040 0.999758 0.000040 0.000040 0.000040 0.000040
34 34 (0) 4 : 0.000031 0.000031 0.999814 0.000031 0.000031 0.000031 0.000031
35 35 (0) 4 : 0.000030 0.000030 0.999821 0.000030 0.000030 0.000030 0.000030
36 36 (0) 4 : 0.000030 0.000030 0.999821 0.000030 0.000030 0.000030 0.000030
37 37 (0) 4 : 0.000030 0.000030 0.999818 0.000030 0.000030 0.000030 0.000030
38 38 (0) 4 : 0.000038 0.000039 0.999769 0.000038 0.000039 0.000038 0.000038
39 39 (0) 4 : 0.000032 0.000032 0.999809 0.000032 0.000032 0.000032 0.000032
40 40 (0) 4 : 0.000030 0.000030 0.999821 0.000030 0.000030 0.000030 0.000030
41 41 (0) 4 : 0.000043 0.000043 0.999745 0.000043 0.000043 0.000043 0.000043
42 42 (0) 4 : 0.000041 0.000041 0.999753 0.000041 0.000041 0.000041 0.000041
43 43 (0) 4 : 0.000043 0.000043 0.999742 0.000043 0.000043 0.000043 0.000043
44 44 (0) 4 : 0.000041 0.000041 0.999752 0.000041 0.000041 0.000041 0.000041
45 45 (0) 4 : 0.000042 0.000042 0.999749 0.000042 0.000042 0.000042 0.000042
46 46 (0) 4 : 0.000041 0.000042 0.999751 0.000042 0.000042 0.000041 0.000041
47 47 (0) 4 : 0.000043 0.000043 0.999742 0.000043 0.000043 0.000043 0.000043
48 48 (0) 4 : 0.000041 0.086011 0.913785 0.000041 0.000041 0.000041 0.000041
49 49 (0) 4 : 0.000040 0.000040 0.999760 0.000040 0.000040 0.000040 0.000040
50 50 (0) 4 : 0.000041 0.000041 0.999754 0.000041 0.000041 0.000041 0.000041
51 51 (0) 1 : 0.000027 0.999837 0.000027 0.000027 0.000027 0.000027 0.000027
52 52 (0) 1 : 0.000029 0.999829 0.000029 0.000029 0.000029 0.000029 0.000029
53 53 (0) 1 : 0.000046 0.700074 0.299697 0.000046 0.000046 0.000046 0.000046
54 54 (0) 1 : 0.000032 0.408857 0.590985 0.000032 0.000032 0.000032 0.000032
55 55 (0) 1 : 0.000049 0.672502 0.327252 0.000049 0.000049 0.000049 0.000049
56 56 (0) 1 : 0.000031 0.470711 0.529135 0.000031 0.000031 0.000031 0.000031
57 57 (0) 1 : 0.000029 0.491524 0.508328 0.000029 0.000029 0.000029 0.000029
58 58 (0) 1 : 0.000040 0.590043 0.409759 0.000040 0.000040 0.000040 0.000040
59 59 (0) 1 : 0.000039 0.999769 0.000039 0.000039 0.000039 0.000039 0.000039
60 60 (0) 1 : 0.000040 0.999761 0.000040 0.000040 0.000040 0.000040 0.000040
61 61 (0) 1 : 0.000028 0.999833 0.000028 0.000028 0.000028 0.000028 0.000028
62 62 (0) 1 : 0.000035 0.849086 0.150737 0.000035 0.000035 0.000035 0.000035
63 63 (0) 1 : 0.000037 0.882950 0.116865 0.000037 0.000037 0.000037 0.000037
64 64 (0) 1 : 0.000041 0.999752 0.000041 0.000041 0.000041 0.000041 0.000041
65 65 (0) 1 : 0.000040 0.999757 0.000041 0.000041 0.000041 0.000040 0.000040
66 66 (0) 1 : 0.000045 0.999730 0.000045 0.000045 0.000045 0.000045 0.000045
67 67 (0) 1 : 0.000040 0.999762 0.000040 0.000040 0.000040 0.000040 0.000040
68 68 (0) 1 : 0.000046 0.999724 0.000046 0.000046 0.000046 0.000046 0.000046
69 69 (0) 1 : 0.000049 0.999706 0.000049 0.000049 0.000049 0.000049 0.000049
70 70 (0) 1 : 0.000037 0.999775 0.000038 0.000038 0.000038 0.000037 0.000037
71 71 (0) 1 : 0.000044 0.999737 0.000044 0.000044 0.000044 0.000044 0.000044
72 72 (0) 1 : 0.000043 0.999743 0.000043 0.000043 0.000043 0.000043 0.000043
73 73 (0) 1 : 0.000040 0.999760 0.000040 0.000040 0.000040 0.000040 0.000040
74 74 (0) 1 : 0.000028 0.999830 0.000028 0.000028 0.000028 0.000028 0.000028
75 75 (0) 1 : 0.000028 0.999833 0.000028 0.000028 0.000028 0.000028 0.000028
76 76 (0) 1 : 0.000055 0.999670 0.000055 0.000055 0.000055 0.000055 0.000055
77 77 (0) 1 : 0.000043 0.999741 0.000043 0.000043 0.000043 0.000043 0.000043
78 78 (0) 1 : 0.000042 0.999745 0.000043 0.000042 0.000042 0.000042 0.000042
79 79 (0) 1 : 0.000035 0.710464 0.289360 0.000035 0.000035 0.000035 0.000035
80 80 (0) 1 : 0.000028 0.999833 0.000028 0.000028 0.000028 0.000028 0.000028
81 81 (0) 1 : 0.000028 0.999833 0.000028 0.000028 0.000028 0.000028 0.000028
82 82 (0) 1 : 0.000031 0.999813 0.000031 0.000031 0.000031 0.000031 0.000031
83 83 (0) 1 : 0.000040 0.999758 0.000040 0.000040 0.000040 0.000040 0.000040
84 84 (0) 1 : 0.000055 0.964847 0.034878 0.000055 0.000055 0.000055 0.000055
85 85 (0) 1 : 0.000028 0.999830 0.000028 0.000028 0.000028 0.000028 0.000028
86 86 (0) 1 : 0.000028 0.999833 0.000028 0.000028 0.000028 0.000028 0.000028
87 87 (0) 5 : 0.000043 0.336065 0.663719 0.000043 0.000043 0.000043 0.000043
88 88 (0) 5 : 0.000037 0.295304 0.704510 0.000037 0.000037 0.000037 0.000037
89 89 (0) 5 : 0.000029 0.446382 0.553472 0.000029 0.000029 0.000029 0.000029
90 90 (0) 5 : 0.000043 0.133854 0.865931 0.000043 0.000043 0.000043 0.000043
91 91 (0) 5 : 0.000041 0.000041 0.999756 0.000041 0.000041 0.000041 0.000041
92 92 (0) 5 : 0.000033 0.305006 0.694829 0.000033 0.000033 0.000033 0.000033
93 93 (0) 5 : 0.000046 0.190164 0.809606 0.000046 0.000046 0.000046 0.000046
94 94 (0) 5 : 0.000034 0.199147 0.800682 0.000034 0.000034 0.000034 0.000034
95 95 (0) 5 : 0.000044 0.032214 0.967566 0.000044 0.000044 0.000044 0.000044
96 96 (0) 5 : 0.000039 0.174818 0.824985 0.000039 0.000039 0.000039 0.000039
97 97 (0) 6 : 0.000039 0.999766 0.000039 0.000039 0.000039 0.000039 0.000039
98 98 (0) 6 : 0.000038 0.999774 0.000038 0.000038 0.000038 0.000038 0.000038
99 99 (0) 6 : 0.000038 0.999773 0.000038 0.000038 0.000038 0.000038 0.000038
100 100 (0) 6 : 0.000031 0.999816 0.000031 0.000031 0.000031 0.000031 0.000031
101 101 (0) 6 : 0.000030 0.999817 0.000031 0.000031 0.000031 0.000030 0.000030
102 102 (0) 6 : 0.000029 0.999827 0.000029 0.000029 0.000029 0.000029 0.000029
103 103 (0) 6 : 0.000038 0.999769 0.000038 0.000038 0.000038 0.000038 0.000038
104 104 (0) 6 : 0.000041 0.999756 0.000041 0.000041 0.000041 0.000041 0.000041
105 105 (0) 6 : 0.000040 0.000040 0.000040 0.999760 0.000040 0.000040 0.000040
106 106 (0) 6 : 0.000045 0.999730 0.000045 0.000045 0.000045 0.000045 0.000045
107 107 (0) 6 : 0.000040 0.999760 0.000040 0.000040 0.000040 0.000040 0.000040
108 108 (0) 6 : 0.000042 0.999747 0.000042 0.000042 0.000042 0.000042 0.000042
109 109 (0) 6 : 0.000041 0.000041 0.000041 0.999752 0.000041 0.000041 0.000041
110 110 (0) 2 : 0.000032 0.162283 0.000032 0.000032 0.837558 0.000032 0.000032
111 111 (0) 2 : 0.000041 0.000041 0.000041 0.000041 0.999755 0.000041 0.000041
112 112 (0) 2 : 0.000042 0.000042 0.000042 0.000042 0.999751 0.000042 0.000042
113 113 (0) 2 : 0.000038 0.000038 0.000038 0.000038 0.999771 0.000038 0.000038
114 114 (0) 2 : 0.000040 0.000040 0.000040 0.000040 0.999762 0.000040 0.000040
115 115 (0) 3 : 0.000028 0.958671 0.000028 0.000028 0.041187 0.000028 0.000028
1 1 (0) 1 : 0.000041 0.000041 0.000041 0.000041 0.000041 0.000041 0.999752
2 2 (0) 1 : 0.000039 0.000039 0.000040 0.000040 0.000039 0.000040 0.999763
3 3 (0) 1 : 0.000042 0.000042 0.000042 0.000042 0.000042 0.000042 0.999748
4 4 (0) 1 : 0.000042 0.000042 0.000042 0.000042 0.000042 0.000042 0.999747
5 5 (0) 1 : 0.000044 0.000044 0.000044 0.000044 0.000044 0.000044 0.999735
6 6 (0) 1 : 0.000042 0.000042 0.000042 0.000042 0.000042 0.000042 0.999745
7 7 (0) 1 : 0.000045 0.000045 0.000046 0.000046 0.000045 0.000046 0.999727
8 8 (0) 1 : 0.000032 0.000032 0.000032 0.000032 0.000032 0.000032 0.999808
9 9 (0) 1 : 0.000030 0.000030 0.000030 0.000030 0.000030 0.000030 0.999820
10 10 (0) 1 : 0.000035 0.000035 0.000035 0.000035 0.000035 0.000035 0.999789
11 11 (0) 1 : 0.000041 0.000041 0.000041 0.000041 0.000041 0.000041 0.999754
12 12 (0) 1 : 0.000034 0.000034 0.000034 0.000034 0.000034 0.000034 0.999797
13 13 (0) 1 : 0.000040 0.000040 0.000040 0.000040 0.000040 0.000040 0.999759
14 14 (0) 1 : 0.000041 0.000041 0.000041 0.000041 0.000041 0.000041 0.999756
15 15 (0) 1 : 0.000041 0.000041 0.000041 0.000041 0.000041 0.000041 0.999755
16 16 (0) 1 : 0.000043 0.000043 0.000043 0.000043 0.000043 0.000043 0.999742
17 17 (0) 1 : 0.000047 0.000047 0.000047 0.000047 0.000047 0.000047 0.999720
18 18 (0) 2 : 0.000032 0.000032 0.999810 0.000032 0.000032 0.000032 0.000032
19 19 (0) 2 : 0.000041 0.000041 0.999754 0.000041 0.000041 0.000041 0.000041
20 20 (0) 3 : 0.000032 0.000032 0.000032 0.000032 0.000032 0.000032 0.999807
21 21 (0) 3 : 0.000034 0.000034 0.000034 0.000034 0.000034 0.000034 0.999798
22 22 (0) 2 : 0.000042 0.000042 0.999750 0.000042 0.000042 0.000042 0.000042
23 23 (0) 2 : 0.000032 0.000032 0.999807 0.000032 0.000032 0.000032 0.000032
24 24 (0) 2 : 0.000031 0.000031 0.999814 0.000031 0.000031 0.000031 0.000031
25 25 (0) 4 : 0.000037 0.000037 0.000037 0.894112 0.000037 0.000037 0.105703
26 26 (0) 4 : 0.000032 0.000032 0.000032 0.999805 0.000032 0.000032 0.000032
27 27 (0) 4 : 0.000048 0.000048 0.000048 0.999714 0.000048 0.000048 0.000048
28 28 (0) 4 : 0.000042 0.000042 0.000042 0.999748 0.000042 0.000042 0.000042
29 29 (0) 4 : 0.000049 0.000049 0.000049 0.999703 0.000049 0.000049 0.000049
30 30 (0) 4 : 0.000055 0.000055 0.000055 0.891411 0.000055 0.000055 0.108314
31 31 (0) 4 : 0.000045 0.000045 0.000045 0.999730 0.000045 0.000045 0.000045
32 32 (0) 4 : 0.000047 0.000047 0.000047 0.999717 0.000047 0.000047 0.000047
33 33 (0) 4 : 0.000040 0.000040 0.000040 0.999758 0.000040 0.000040 0.000040
34 34 (0) 4 : 0.000031 0.000031 0.000031 0.999814 0.000031 0.000031 0.000031
35 35 (0) 4 : 0.000030 0.000030 0.000030 0.892529 0.000030 0.000030 0.107322
36 36 (0) 4 : 0.000030 0.000030 0.000030 0.999821 0.000030 0.000030 0.000030
37 37 (0) 4 : 0.000030 0.000030 0.000030 0.999818 0.000030 0.000030 0.000030
38 38 (0) 4 : 0.000038 0.000038 0.000039 0.999769 0.000038 0.000039 0.000039
39 39 (0) 4 : 0.000032 0.000032 0.000032 0.999809 0.000032 0.000032 0.000032
40 40 (0) 4 : 0.000030 0.000030 0.000030 0.999821 0.000030 0.000030 0.000030
41 41 (0) 4 : 0.000043 0.000043 0.000043 0.999745 0.000043 0.000043 0.000043
42 42 (0) 4 : 0.000041 0.000041 0.000041 0.999753 0.000041 0.000041 0.000041
43 43 (0) 4 : 0.000043 0.000043 0.000043 0.999742 0.000043 0.000043 0.000043
44 44 (0) 4 : 0.000041 0.000041 0.000041 0.999752 0.000041 0.000041 0.000041
45 45 (0) 4 : 0.000042 0.000042 0.000042 0.999749 0.000042 0.000042 0.000042
46 46 (0) 4 : 0.000041 0.000041 0.000042 0.999751 0.000041 0.000042 0.000042
47 47 (0) 4 : 0.000043 0.000043 0.000043 0.999742 0.000043 0.000043 0.000043
48 48 (0) 4 : 0.000041 0.000041 0.000041 0.903574 0.000041 0.000041 0.096222
49 49 (0) 4 : 0.000040 0.000040 0.000040 0.999760 0.000040 0.000040 0.000040
50 50 (0) 4 : 0.000041 0.000041 0.000041 0.999754 0.000041 0.000041 0.000041
51 51 (0) 1 : 0.000027 0.000027 0.000027 0.000027 0.000027 0.000027 0.999837
52 52 (0) 1 : 0.000029 0.000029 0.000029 0.000029 0.000029 0.000029 0.999828
53 53 (0) 1 : 0.000046 0.000046 0.000046 0.249222 0.000046 0.000046 0.750548
54 54 (0) 1 : 0.000032 0.000032 0.000032 0.572306 0.000032 0.000032 0.427535
55 55 (0) 1 : 0.000049 0.000049 0.000049 0.316873 0.000049 0.000049 0.682881
56 56 (0) 1 : 0.000031 0.000031 0.000031 0.511290 0.000031 0.000031 0.488556
57 57 (0) 1 : 0.000029 0.000029 0.000029 0.488652 0.000029 0.000029 0.511200
58 58 (0) 1 : 0.000040 0.000040 0.000040 0.398379 0.000040 0.000040 0.601423
59 59 (0) 1 : 0.000039 0.000039 0.000039 0.000039 0.000039 0.000039 0.999769
60 60 (0) 1 : 0.000040 0.000040 0.000040 0.000040 0.000040 0.000040 0.999761
61 61 (0) 1 : 0.000028 0.000028 0.000028 0.000028 0.000028 0.000028 0.999833
62 62 (0) 1 : 0.000035 0.000035 0.000035 0.142526 0.000035 0.000035 0.857298
63 63 (0) 1 : 0.000037 0.000037 0.000037 0.111971 0.000037 0.000037 0.887844
64 64 (0) 1 : 0.000041 0.000041 0.000041 0.000041 0.000041 0.000041 0.999752
65 65 (0) 1 : 0.000040 0.000040 0.000041 0.000041 0.000040 0.000041 0.999757
66 66 (0) 1 : 0.000045 0.000045 0.000045 0.000045 0.000045 0.000045 0.999730
67 67 (0) 1 : 0.000040 0.000040 0.000040 0.000040 0.000040 0.000040 0.999762
68 68 (0) 1 : 0.000046 0.000046 0.000046 0.000046 0.000046 0.000046 0.999724
69 69 (0) 1 : 0.000049 0.000049 0.000049 0.000049 0.000049 0.000049 0.999706
70 70 (0) 1 : 0.000037 0.000037 0.000038 0.000038 0.000037 0.000038 0.999775
71 71 (0) 1 : 0.000044 0.000044 0.000044 0.000044 0.000044 0.000044 0.999737
72 72 (0) 1 : 0.000043 0.000043 0.000043 0.000043 0.000043 0.000043 0.999743
73 73 (0) 1 : 0.000040 0.000040 0.000040 0.000040 0.000040 0.000040 0.999760
74 74 (0) 1 : 0.000028 0.000028 0.000028 0.000028 0.000028 0.000028 0.999830
75 75 (0) 1 : 0.000028 0.000028 0.000028 0.000028 0.000028 0.000028 0.999833
76 76 (0) 1 : 0.000055 0.000055 0.000055 0.000055 0.000055 0.000055 0.999670
77 77 (0) 1 : 0.000043 0.000043 0.000043 0.000043 0.000043 0.000043 0.999741
78 78 (0) 1 : 0.000042 0.000042 0.000042 0.000043 0.000042 0.000043 0.999745
79 79 (0) 1 : 0.000035 0.000035 0.000035 0.262649 0.000035 0.000035 0.737175
80 80 (0) 1 : 0.000028 0.000028 0.000028 0.000028 0.000028 0.000028 0.999833
81 81 (0) 1 : 0.000028 0.000028 0.000028 0.000028 0.000028 0.000028 0.999833
82 82 (0) 1 : 0.000031 0.000031 0.000031 0.000031 0.000031 0.000031 0.999813
83 83 (0) 1 : 0.000040 0.000040 0.000040 0.000041 0.000040 0.097328 0.902470
84 84 (0) 1 : 0.000055 0.000055 0.000055 0.000055 0.000055 0.000055 0.999669
85 85 (0) 1 : 0.000028 0.000028 0.000028 0.000028 0.000028 0.000028 0.999830
86 86 (0) 1 : 0.000028 0.000028 0.000028 0.000028 0.000028 0.000028 0.999833
87 87 (0) 5 : 0.000043 0.000043 0.000043 0.650642 0.000043 0.000043 0.349142
88 88 (0) 5 : 0.000037 0.000037 0.000037 0.689082 0.000037 0.000037 0.310732
89 89 (0) 5 : 0.000029 0.000029 0.000029 0.526441 0.000029 0.000029 0.473413
90 90 (0) 5 : 0.000043 0.000043 0.000043 0.860247 0.000043 0.000043 0.139539
91 91 (0) 5 : 0.000041 0.000041 0.000041 0.999756 0.000041 0.000041 0.000041
92 92 (0) 5 : 0.000033 0.000033 0.000033 0.673265 0.000033 0.000033 0.326571
93 93 (0) 5 : 0.000046 0.000046 0.000046 0.807215 0.000046 0.000046 0.192556
94 94 (0) 5 : 0.000034 0.000034 0.000034 0.787838 0.000034 0.000034 0.211991
95 95 (0) 5 : 0.000044 0.000044 0.000044 0.999735 0.000044 0.000044 0.000044
96 96 (0) 5 : 0.000039 0.000039 0.000039 0.821092 0.000039 0.000039 0.178712
97 97 (0) 6 : 0.000039 0.000039 0.000039 0.000039 0.000039 0.999766 0.000039
98 98 (0) 6 : 0.000038 0.000038 0.000038 0.000038 0.000038 0.999774 0.000038
99 99 (0) 6 : 0.000038 0.000038 0.000038 0.000038 0.000038 0.360063 0.639748
100 100 (0) 6 : 0.000031 0.000031 0.000031 0.000031 0.000031 0.000031 0.999816
101 101 (0) 6 : 0.000030 0.000030 0.000031 0.000031 0.000030 0.000031 0.999817
102 102 (0) 6 : 0.000029 0.000029 0.000029 0.000029 0.000029 0.000029 0.999827
103 103 (0) 6 : 0.000038 0.000038 0.000038 0.000038 0.000038 0.999769 0.000038
104 104 (0) 6 : 0.000041 0.000041 0.000041 0.000041 0.000041 0.999756 0.000041
105 105 (0) 6 : 0.000040 0.000040 0.000040 0.000040 0.000040 0.999760 0.000040
106 106 (0) 6 : 0.000045 0.000045 0.000045 0.000045 0.000045 0.999730 0.000045
107 107 (0) 6 : 0.000040 0.000040 0.000040 0.000040 0.000040 0.999760 0.000040
108 108 (0) 6 : 0.000042 0.000042 0.000042 0.000042 0.000042 0.999747 0.000042
109 109 (0) 6 : 0.000041 0.000041 0.000041 0.000041 0.000041 0.999752 0.000041
110 110 (0) 2 : 0.000032 0.000032 0.842089 0.000032 0.000032 0.000032 0.157752
111 111 (0) 2 : 0.000041 0.000041 0.999755 0.000041 0.000041 0.000041 0.000041
112 112 (0) 2 : 0.000042 0.000042 0.999751 0.000042 0.000042 0.000042 0.000042
113 113 (0) 2 : 0.000038 0.000038 0.999771 0.000038 0.000038 0.000038 0.000038
114 114 (0) 2 : 0.000040 0.000040 0.999762 0.000040 0.000040 0.000040 0.000040
115 115 (0) 3 : 0.000028 0.000028 0.023227 0.000028 0.000028 0.000028 0.976632
1 1 (0) 1 : 0.999752 0.000041 0.000041 0.000041 0.000041 0.000041 0.000041
2 2 (0) 1 : 0.999763 0.000039 0.000040 0.000039 0.000040 0.000039 0.000039
3 3 (0) 1 : 0.999748 0.000042 0.000042 0.000042 0.000042 0.000042 0.000042
4 4 (0) 1 : 0.999747 0.000042 0.000042 0.000042 0.000042 0.000042 0.000042
5 5 (0) 1 : 0.999735 0.000044 0.000044 0.000044 0.000044 0.000044 0.000044
6 6 (0) 1 : 0.999745 0.000042 0.000042 0.000042 0.000042 0.000042 0.000042
7 7 (0) 1 : 0.999727 0.000045 0.000046 0.000045 0.000046 0.000045 0.000045
8 8 (0) 1 : 0.999808 0.000032 0.000032 0.000032 0.000032 0.000032 0.000032
9 9 (0) 1 : 0.999820 0.000030 0.000030 0.000030 0.000030 0.000030 0.000030
10 10 (0) 1 : 0.999789 0.000035 0.000035 0.000035 0.000035 0.000035 0.000035
11 11 (0) 1 : 0.999754 0.000041 0.000041 0.000041 0.000041 0.000041 0.000041
12 12 (0) 1 : 0.999798 0.000034 0.000034 0.000034 0.000034 0.000034 0.000034
13 13 (0) 1 : 0.999759 0.000040 0.000040 0.000040 0.000040 0.000040 0.000040
14 14 (0) 1 : 0.999756 0.000041 0.000041 0.000041 0.000041 0.000041 0.000041
15 15 (0) 1 : 0.999755 0.000041 0.000041 0.000041 0.000041 0.000041 0.000041
16 16 (0) 1 : 0.999742 0.000043 0.000043 0.000043 0.000043 0.000043 0.000043
17 17 (0) 1 : 0.999720 0.000047 0.000047 0.000047 0.000047 0.000047 0.000047
18 18 (0) 2 : 0.000032 0.000032 0.999810 0.000032 0.000032 0.000032 0.000032
19 19 (0) 2 : 0.000041 0.000041 0.999754 0.000041 0.000041 0.000041 0.000041
20 20 (0) 3 : 0.999807 0.000032 0.000032 0.000032 0.000032 0.000032 0.000032
21 21 (0) 3 : 0.999798 0.000034 0.000034 0.000034 0.000034 0.000034 0.000034
22 22 (0) 2 : 0.000042 0.000042 0.999750 0.000042 0.000042 0.000042 0.000042
23 23 (0) 2 : 0.000032 0.000032 0.999807 0.000032 0.000032 0.000032 0.000032
24 24 (0) 2 : 0.000031 0.000031 0.999814 0.000031 0.000031 0.000031 0.000031
25 25 (0) 4 : 0.103278 0.000037 0.000037 0.000037 0.896537 0.000037 0.000037
26 26 (0) 4 : 0.000032 0.000032 0.000032 0.000032 0.999805 0.000032 0.000032
27 27 (0) 4 : 0.000048 0.000048 0.000048 0.000048 0.999714 0.000048 0.000048
28 28 (0) 4 : 0.000042 0.000042 0.000042 0.000042 0.999748 0.000042 0.000042
29 29 (0) 4 : 0.000049 0.000049 0.000049 0.000049 0.999703 0.000049 0.000049
30 30 (0) 4 : 0.111376 0.000055 0.000055 0.000055 0.888349 0.000055 0.000055
31 31 (0) 4 : 0.000045 0.000045 0.000045 0.000045 0.999730 0.000045 0.000045
32 32 (0) 4 : 0.000047 0.000047 0.000047 0.000047 0.999717 0.000047 0.000047
33 33 (0) 4 : 0.000040 0.000040 0.000040 0.000040 0.999758 0.000040 0.000040
34 34 (0) 4 : 0.000031 0.000031 0.000031 0.000031 0.999814 0.000031 0.000031
35 35 (0) 4 : 0.096983 0.000030 0.000030 0.000030 0.902868 0.000030 0.000030
36 36 (0) 4 : 0.000030 0.000030 0.000030 0.000030 0.999821 0.000030 0.000030
37 37 (0) 4 : 0.000030 0.000030 0.000030 0.000030 0.999818 0.000030 0.000030
38 38 (0) 4 : 0.000039 0.000038 0.000039 0.000038 0.999769 0.000038 0.000038
39 39 (0) 4 : 0.000032 0.000032 0.000032 0.000032 0.999809 0.000032 0.000032
40 40 (0) 4 : 0.000030 0.000030 0.000030 0.000030 0.999821 0.000030 0.000030
41 41 (0) 4 : 0.000043 0.000043 0.000043 0.000043 0.999745 0.000043 0.000043
42 42 (0) 4 : 0.000041 0.000041 0.000041 0.000041 0.999753 0.000041 0.000041
43 43 (0) 4 : 0.000043 0.000043 0.000043 0.000043 0.999743 0.000043 0.000043
44 44 (0) 4 : 0.000041 0.000041 0.000041 0.000041 0.999752 0.000041 0.000041
45 45 (0) 4 : 0.000042 0.000042 0.000042 0.000042 0.999749 0.000042 0.000042
46 46 (0) 4 : 0.000042 0.000041 0.000042 0.000041 0.999751 0.000041 0.000041
47 47 (0) 4 : 0.000043 0.000043 0.000043 0.000043 0.999742 0.000043 0.000043
48 48 (0) 4 : 0.091947 0.000041 0.000041 0.000041 0.907849 0.000041 0.000041
49 49 (0) 4 : 0.000040 0.000040 0.000040 0.000040 0.999761 0.000040 0.000040
50 50 (0) 4 : 0.000041 0.000041 0.000041 0.000041 0.999754 0.000041 0.000041
51 51 (0) 1 : 0.999837 0.000027 0.000027 0.000027 0.000027 0.000027 0.000027
52 52 (0) 1 : 0.999829 0.000029 0.000029 0.000029 0.000029 0.000029 0.000029
53 53 (0) 1 : 0.682947 0.000046 0.000046 0.000046 0.316823 0.000046 0.000046
54 54 (0) 1 : 0.402646 0.000032 0.000032 0.000032 0.597195 0.000032 0.000032
55 55 (0) 1 : 0.668941 0.000049 0.000049 0.000049 0.330813 0.000049 0.000049
56 56 (0) 1 : 0.466375 0.000031 0.000031 0.000031 0.533471 0.000031 0.000031
57 57 (0) 1 : 0.486932 0.000029 0.000029 0.000029 0.512921 0.000029 0.000029
58 58 (0) 1 : 0.584651 0.000040 0.000040 0.000040 0.415151 0.000040 0.000040
59 59 (0) 1 : 0.999769 0.000039 0.000039 0.000039 0.000039 0.000039 0.000039
60 60 (0) 1 : 0.999761 0.000040 0.000040 0.000040 0.000040 0.000040 0.000040
61 61 (0) 1 : 0.999833 0.000028 0.000028 0.000028 0.000028 0.000028 0.000028
62 62 (0) 1 : 0.842736 0.000035 0.000035 0.000035 0.157087 0.000035 0.000035
63 63 (0) 1 : 0.877911 0.000037 0.000037 0.000037 0.121903 0.000037 0.000037
64 64 (0) 1 : 0.999752 0.000041 0.000041 0.000041 0.000041 0.000041 0.000041
65 65 (0) 1 : 0.999757 0.000040 0.000041 0.000040 0.000041 0.000040 0.000040
66 66 (0) 1 : 0.999730 0.000045 0.000045 0.000045 0.000045 0.000045 0.000045
67 67 (0) 1 : 0.999762 0.000040 0.000040 0.000040 0.000040 0.000040 0.000040
68 68 (0) 1 : 0.999724 0.000046 0.000046 0.000046 0.000046 0.000046 0.000046
69 69 (0) 1 : 0.999706 0.000049 0.000049 0.000049 0.000049 0.000049 0.000049
70 70 (0) 1 : 0.999775 0.000037 0.000038 0.000037 0.000038 0.000037 0.000037
71 71 (0) 1 : 0.999737 0.000044 0.000044 0.000044 0.000044 0.000044 0.000044
72 72 (0) 1 : 0.999743 0.000043 0.000043 0.000043 0.000043 0.000043 0.000043
73 73 (0) 1 : 0.999760 0.000040 0.000040 0.000040 0.000040 0.000040 0.000040
74 74 (0) 1 : 0.999830 0.000028 0.000028 0.000028 0.000028 0.000028 0.000028
75 75 (0) 1 : 0.999833 0.000028 0.000028 0.000028 0.000028 0.000028 0.000028
76 76 (0) 1 : 0.999670 0.000055 0.000055 0.000055 0.000055 0.000055 0.000055
77 77 (0) 1 : 0.999741 0.000043 0.000043 0.000043 0.000043 0.000043 0.000043
78 78 (0) 1 : 0.999745 0.000042 0.000042 0.000042 0.000043 0.000042 0.000042
79 79 (0) 1 : 0.702653 0.000035 0.000035 0.000035 0.297171 0.000035 0.000035
80 80 (0) 1 : 0.999833 0.000028 0.000028 0.000028 0.000028 0.000028 0.000028
81 81 (0) 1 : 0.999833 0.000028 0.000028 0.000028 0.000028 0.000028 0.000028
82 82 (0) 1 : 0.999813 0.000031 0.000031 0.000031 0.000031 0.000031 0.000031
83 83 (0) 1 : 0.999758 0.000040 0.000040 0.000040 0.000040 0.000040 0.000040
84 84 (0) 1 : 0.961134 0.000055 0.000055 0.000055 0.038590 0.000055 0.000055
85 85 (0) 1 : 0.999830 0.000028 0.000028 0.000028 0.000028 0.000028 0.000028
86 86 (0) 1 : 0.999833 0.000028 0.000028 0.000028 0.000028 0.000028 0.000028
87 87 (0) 5 : 0.340015 0.000043 0.000043 0.000043 0.659770 0.000043 0.000043
88 88 (0) 5 : 0.310057 0.000037 0.000037 0.000037 0.689757 0.000037 0.000037
89 89 (0) 5 : 0.453427 0.000029 0.000029 0.000029 0.546426 0.000029 0.000029
90 90 (0) 5 : 0.138979 0.000043 0.000043 0.000043 0.860807 0.000043 0.000043
91 91 (0) 5 : 0.000041 0.000041 0.000041 0.000041 0.999756 0.000041 0.000041
92 92 (0) 5 : 0.314665 0.000033 0.000033 0.000033 0.685171 0.000033 0.000033
93 93 (0) 5 : 0.197012 0.000046 0.000046 0.000046 0.802759 0.000046 0.000046
94 94 (0) 5 : 0.217379 0.000034 0.000034 0.000034 0.782450 0.000034 0.000034
95 95 (0) 5 : 0.039008 0.000044 0.000046 0.000044 0.960770 0.000044 0.000044
96 96 (0) 5 : 0.183935 0.000039 0.000039 0.000039 0.815868 0.000039 0.000039
97 97 (0) 6 : 0.999766 0.000039 0.000039 0.000039 0.000039 0.000039 0.000039
98 98 (0) 6 : 0.999774 0.000038 0.000038 0.000038 0.000038 0.000038 0.000038
99 99 (0) 6 : 0.999773 0.000038 0.000038 0.000038 0.000038 0.000038 0.000038
100 100 (0) 6 : 0.999817 0.000031 0.000031 0.000031 0.000031 0.000031 0.000031
101 101 (0) 6 : 0.999817 0.000030 0.000031 0.000030 0.000031 0.000030 0.000030
102 102 (0) 6 : 0.999827 0.000029 0.000029 0.000029 0.000029 0.000029 0.000029
103 103 (0) 6 : 0.999769 0.000038 0.000038 0.000038 0.000038 0.000038 0.000038
104 104 (0) 6 : 0.999756 0.000041 0.000041 0.000041 0.000041 0.000041 0.000041
105 105 (0) 6 : 0.999760 0.000040 0.000040 0.000040 0.000040 0.000040 0.000040
106 106 (0) 6 : 0.999730 0.000045 0.000045 0.000045 0.000045 0.000045 0.000045
107 107 (0) 6 : 0.999760 0.000040 0.000040 0.000040 0.000040 0.000040 0.000040
108 108 (0) 6 : 0.999747 0.000042 0.000042 0.000042 0.000042 0.000042 0.000042
109 109 (0) 6 : 0.999752 0.000041 0.000041 0.000041 0.000041 0.000041 0.000041
110 110 (0) 2 : 0.161114 0.000032 0.838726 0.000032 0.000032 0.000032 0.000032
111 111 (0) 2 : 0.000041 0.000041 0.999755 0.000041 0.000041 0.000041 0.000041
112 112 (0) 2 : 0.000042 0.000042 0.999751 0.000042 0.000042 0.000042 0.000042
113 113 (0) 2 : 0.000038 0.000038 0.999771 0.000038 0.000038 0.000038 0.000038
114 114 (0) 2 : 0.000040 0.000040 0.999762 0.000040 0.000040 0.000040 0.000040
115 115 (0) 3 : 0.999830 0.000028 0.000028 0.000028 0.000028 0.000028 0.000028
