1 1 (0) 1 : 0.000393 0.999607
2 2 (0) 1 : 0.000351 0.999649
3 3 (0) 1 : 0.001369 0.998631
4 4 (0) 1 : 0.000377 0.999623
5 5 (0) 1 : 0.000379 0.999621
6 6 (0) 1 : 0.000416 0.999584
7 7 (0) 1 : 0.000373 0.999627
8 8 (0) 1 : 0.000241 0.999759
9 9 (0) 1 : 0.000230 0.999770
10 10 (0) 1 : 0.000302 0.999698
11 11 (0) 1 : 0.000353 0.999647
12 12 (0) 1 : 0.000212 0.999788
13 13 (0) 1 : 0.000329 0.999671
14 14 (0) 1 : 0.000333 0.999667
15 15 (0) 1 : 0.000329 0.999671
16 16 (0) 1 : 0.000354 0.999646
17 17 (0) 1 : 0.000376 0.999624
18 18 (0) 2 : 0.000456 0.999544
19 19 (0) 2 : 0.000757 0.999243
20 20 (0) 3 : 0.000280 0.999720
21 21 (0) 3 : 0.000267 0.999733
22 22 (0) 2 : 0.000439 0.999561
23 23 (0) 2 : 0.000386 0.999614
24 24 (0) 2 : 0.000483 0.999517
25 25 (0) 4 : 0.881046 0.118954
26 26 (0) 4 : 0.999645 0.000355
27 27 (0) 4 : 0.999470 0.000530
28 28 (0) 4 : 0.999597 0.000403
29 29 (0) 4 : 0.999447 0.000553
30 30 (0) 4 : 0.859481 0.140519
31 31 (0) 4 : 0.999551 0.000449
32 32 (0) 4 : 0.997177 0.002823
33 33 (0) 4 : 0.999620 0.000380
34 34 (0) 4 : 0.861306 0.138694
35 35 (0) 4 : 0.812064 0.187936
36 36 (0) 4 : 0.999722 0.000278
37 37 (0) 4 : 0.999709 0.000291
38 38 (0) 4 : 0.999610 0.000390
39 39 (0) 4 : 0.999663 0.000337
40 40 (0) 4 : 0.999722 0.000278
41 41 (0) 4 : 0.999586 0.000414
42 42 (0) 4 : 0.999563 0.000437
43 43 (0) 4 : 0.999512 0.000488
44 44 (0) 4 : 0.999425 0.000575
45 45 (0) 4 : 0.999597 0.000403
46 46 (0) 4 : 0.894992 0.105008
47 47 (0) 4 : 0.999544 0.000456
48 48 (0) 4 : 0.826787 0.173213
49 49 (0) 4 : 0.999638 0.000362
50 50 (0) 4 : 0.999610 0.000390
51 51 (0) 1 : 0.000226 0.999774
52 52 (0) 1 : 0.000260 0.999740
53 53 (0) 1 : 0.215964 0.784036
54 54 (0) 1 : 0.564184 0.435816
55 55 (0) 1 : 0.225270 0.774730
56 56 (0) 1 : 0.555978 0.444022
57 57 (0) 1 : 0.516592 0.483408
58 58 (0) 1 : 0.416649 0.583351
59 59 (0) 1 : 0.018623 0.981377
60 60 (0) 1 : 0.000334 0.999666
61 61 (0) 1 : 0.000205 0.999795
62 62 (0) 1 : 0.129629 0.870371
63 63 (0) 1 : 0.090088 0.909912
64 64 (0) 1 : 0.000331 0.999669
65 65 (0) 1 : 0.000337 0.999663
66 66 (0) 1 : 0.000369 0.999631
67 67 (0) 1 : 0.000339 0.999661
68 68 (0) 1 : 0.000413 0.999587
69 69 (0) 1 : 0.000443 0.999557
70 70 (0) 1 : 0.000315 0.999685
71 71 (0) 1 : 0.000390 0.999610
72 72 (0) 1 : 0.000363 0.999637
73 73 (0) 1 : 0.000333 0.999667
74 74 (0) 1 : 0.000216 0.999784
75 75 (0) 1 : 0.000204 0.999796
76 76 (0) 1 : 0.000479 0.999521
77 77 (0) 1 : 0.000386 0.999614
78 78 (0) 1 : 0.000359 0.999641
79 79 (0) 1 : 0.254354 0.745646
80 80 (0) 1 : 0.000229 0.999771
81 81 (0) 1 : 0.000231 0.999769
82 82 (0) 1 : 0.000260 0.999740
83 83 (0) 1 : 0.000418 0.999582
84 84 (0) 1 : 0.041556 0.958444
85 85 (0) 1 : 0.000218 0.999782
86 86 (0) 1 : 0.000220 0.999780
87 87 (0) 5 : 0.574827 0.425173
88 88 (0) 5 : 0.683900 0.316100
89 89 (0) 5 : 0.557274 0.442726
90 90 (0) 5 : 0.884495 0.115505
91 91 (0) 5 : 0.961924 0.038076
92 92 (0) 5 : 0.664895 0.335105
93 93 (0) 5 : 0.820343 0.179657
94 94 (0) 5 : 0.699240 0.300760
95 95 (0) 5 : 0.980766 0.019234
96 96 (0) 5 : 0.847296 0.152704
97 97 (0) 6 : 0.000333 0.999667
98 98 (0) 6 : 0.000310 0.999690
99 99 (0) 6 : 0.000321 0.999679
100 100 (0) 6 : 0.000232 0.999768
101 101 (0) 6 : 0.000233 0.999767
102 102 (0) 6 : 0.000220 0.999780
103 103 (0) 6 : 0.000331 0.999669
104 104 (0) 6 : 0.000350 0.999650
105 105 (0) 6 : 0.000596 0.999404
106 106 (0) 6 : 0.000427 0.999573
107 107 (0) 6 : 0.000387 0.999613
108 108 (0) 6 : 0.000367 0.999633
109 109 (0) 6 : 0.002144 0.997856
110 110 (0) 2 : 0.015709 0.984291
111 111 (0) 2 : 0.000490 0.999510
112 112 (0) 2 : 0.000624 0.999376
113 113 (0) 2 : 0.005085 0.994915
114 114 (0) 2 : 0.000619 0.999381
115 115 (0) 3 : 0.000245 0.999755
1 1 (0) 1 : 0.000393 0.999607
2 2 (0) 1 : 0.000351 0.999649
3 3 (0) 1 : 0.001452 0.998548
4 4 (0) 1 : 0.000377 0.999623
5 5 (0) 1 : 0.000379 0.999621
6 6 (0) 1 : 0.000416 0.999584
7 7 (0) 1 : 0.000373 0.999627
8 8 (0) 1 : 0.000241 0.999759
9 9 (0) 1 : 0.000230 0.999770
10 10 (0) 1 : 0.000302 0.999698
11 11 (0) 1 : 0.000353 0.999647
12 12 (0) 1 : 0.000245 0.999755
13 13 (0) 1 : 0.000329 0.999671
14 14 (0) 1 : 0.000333 0.999667
15 15 (0) 1 : 0.000329 0.999671
16 16 (0) 1 : 0.000354 0.999646
17 17 (0) 1 : 0.000376 0.999624
18 18 (0) 2 : 0.000455 0.999545
19 19 (0) 2 : 0.000755 0.999245
20 20 (0) 3 : 0.000280 0.999720
21 21 (0) 3 : 0.000267 0.999733
22 22 (0) 2 : 0.000439 0.999561
23 23 (0) 2 : 0.000386 0.999614
24 24 (0) 2 : 0.000481 0.999519
25 25 (0) 4 : 0.881568 0.118432
26 26 (0) 4 : 0.999647 0.000353
27 27 (0) 4 : 0.999470 0.000530
28 28 (0) 4 : 0.999597 0.000403
29 29 (0) 4 : 0.999447 0.000553
30 30 (0) 4 : 0.860007 0.139993
31 31 (0) 4 : 0.999552 0.000448
32 32 (0) 4 : 0.997555 0.002445
33 33 (0) 4 : 0.999620 0.000380
34 34 (0) 4 : 0.861962 0.138038
35 35 (0) 4 : 0.812716 0.187284
36 36 (0) 4 : 0.999722 0.000278
37 37 (0) 4 : 0.999709 0.000291
38 38 (0) 4 : 0.999610 0.000390
39 39 (0) 4 : 0.999663 0.000337
40 40 (0) 4 : 0.999722 0.000278
41 41 (0) 4 : 0.999586 0.000414
42 42 (0) 4 : 0.999564 0.000436
43 43 (0) 4 : 0.999513 0.000487
44 44 (0) 4 : 0.999426 0.000574
45 45 (0) 4 : 0.999598 0.000402
46 46 (0) 4 : 0.895608 0.104392
47 47 (0) 4 : 0.999545 0.000455
48 48 (0) 4 : 0.827236 0.172764
49 49 (0) 4 : 0.999638 0.000362
50 50 (0) 4 : 0.999611 0.000389
51 51 (0) 1 : 0.000226 0.999774
52 52 (0) 1 : 0.000260 0.999740
53 53 (0) 1 : 0.216154 0.783846
54 54 (0) 1 : 0.564571 0.435429
55 55 (0) 1 : 0.225517 0.774483
56 56 (0) 1 : 0.556287 0.443713
57 57 (0) 1 : 0.516921 0.483079
58 58 (0) 1 : 0.416999 0.583001
59 59 (0) 1 : 0.018579 0.981421
60 60 (0) 1 : 0.000334 0.999666
61 61 (0) 1 : 0.000205 0.999795
62 62 (0) 1 : 0.129753 0.870247
63 63 (0) 1 : 0.090185 0.909815
64 64 (0) 1 : 0.000331 0.999669
65 65 (0) 1 : 0.000337 0.999663
66 66 (0) 1 : 0.000369 0.999631
67 67 (0) 1 : 0.000339 0.999661
68 68 (0) 1 : 0.000413 0.999587
69 69 (0) 1 : 0.000443 0.999557
70 70 (0) 1 : 0.000315 0.999685
71 71 (0) 1 : 0.000390 0.999610
72 72 (0) 1 : 0.000363 0.999637
73 73 (0) 1 : 0.000333 0.999667
74 74 (0) 1 : 0.000216 0.999784
75 75 (0) 1 : 0.000122 0.999878
76 76 (0) 1 : 0.000479 0.999521
77 77 (0) 1 : 0.000386 0.999614
78 78 (0) 1 : 0.000359 0.999641
79 79 (0) 1 : 0.254609 0.745391
80 80 (0) 1 : 0.000229 0.999771
81 81 (0) 1 : 0.000231 0.999769
82 82 (0) 1 : 0.000260 0.999740
83 83 (0) 1 : 0.000419 0.999581
84 84 (0) 1 : 0.041590 0.958410
85 85 (0) 1 : 0.000218 0.999782
86 86 (0) 1 : 0.000220 0.999780
87 87 (0) 5 : 0.575700 0.424300
88 88 (0) 5 : 0.684589 0.315411
89 89 (0) 5 : 0.557920 0.442080
90 90 (0) 5 : 0.886868 0.113132
91 91 (0) 5 : 0.967986 0.032014
92 92 (0) 5 : 0.665501 0.334499
93 93 (0) 5 : 0.821225 0.178775
94 94 (0) 5 : 0.700610 0.299390
95 95 (0) 5 : 0.988421 0.011579
96 96 (0) 5 : 0.848758 0.151242
97 97 (0) 6 : 0.000334 0.999666
98 98 (0) 6 : 0.000310 0.999690
99 99 (0) 6 : 0.000321 0.999679
100 100 (0) 6 : 0.000232 0.999768
101 101 (0) 6 : 0.000233 0.999767
102 102 (0) 6 : 0.000220 0.999780
103 103 (0) 6 : 0.000332 0.999668
104 104 (0) 6 : 0.000350 0.999650
105 105 (0) 6 : 0.000599 0.999401
106 106 (0) 6 : 0.000427 0.999573
107 107 (0) 6 : 0.000388 0.999612
108 108 (0) 6 : 0.000368 0.999632
109 109 (0) 6 : 0.003472 0.996528
110 110 (0) 2 : 0.015599 0.984401
111 111 (0) 2 : 0.000489 0.999511
112 112 (0) 2 : 0.000624 0.999376
113 113 (0) 2 : 0.003318 0.996682
114 114 (0) 2 : 0.000618 0.999382
115 115 (0) 3 : 0.000245 0.999755
1 1 (0) 1 : 0.000393 0.999607
2 2 (0) 1 : 0.000351 0.999649
3 3 (0) 1 : 0.001382 0.998618
4 4 (0) 1 : 0.000377 0.999623
5 5 (0) 1 : 0.000379 0.999621
6 6 (0) 1 : 0.000416 0.999584
7 7 (0) 1 : 0.000373 0.999627
8 8 (0) 1 : 0.000241 0.999759
9 9 (0) 1 : 0.000229 0.999771
10 10 (0) 1 : 0.000302 0.999698
11 11 (0) 1 : 0.000353 0.999647
12 12 (0) 1 : 0.000245 0.999755
13 13 (0) 1 : 0.000329 0.999671
14 14 (0) 1 : 0.000333 0.999667
15 15 (0) 1 : 0.000329 0.999671
16 16 (0) 1 : 0.000354 0.999646
17 17 (0) 1 : 0.000376 0.999624
18 18 (0) 2 : 0.000454 0.999546
19 19 (0) 2 : 0.000750 0.999250
20 20 (0) 3 : 0.000279 0.999721
21 21 (0) 3 : 0.000267 0.999733
22 22 (0) 2 : 0.000439 0.999561
23 23 (0) 2 : 0.000385 0.999615
24 24 (0) 2 : 0.000479 0.999521
25 25 (0) 4 : 0.880477 0.119523
26 26 (0) 4 : 0.999644 0.000356
27 27 (0) 4 : 0.999470 0.000530
28 28 (0) 4 : 0.999597 0.000403
29 29 (0) 4 : 0.999446 0.000554
30 30 (0) 4 : 0.859232 0.140768
31 31 (0) 4 : 0.999551 0.000449
32 32 (0) 4 : 0.997124 0.002876
33 33 (0) 4 : 0.999620 0.000380
34 34 (0) 4 : 0.860409 0.139591
35 35 (0) 4 : 0.811128 0.188872
36 36 (0) 4 : 0.999722 0.000278
37 37 (0) 4 : 0.999709 0.000291
38 38 (0) 4 : 0.999610 0.000390
39 39 (0) 4 : 0.999662 0.000338
40 40 (0) 4 : 0.999722 0.000278
41 41 (0) 4 : 0.999586 0.000414
42 42 (0) 4 : 0.999563 0.000437
43 43 (0) 4 : 0.999512 0.000488
44 44 (0) 4 : 0.999425 0.000575
45 45 (0) 4 : 0.999597 0.000403
46 46 (0) 4 : 0.894735 0.105265
47 47 (0) 4 : 0.999544 0.000456
48 48 (0) 4 : 0.826382 0.173618
49 49 (0) 4 : 0.999638 0.000362
50 50 (0) 4 : 0.999610 0.000390
51 51 (0) 1 : 0.000226 0.999774
52 52 (0) 1 : 0.000260 0.999740
53 53 (0) 1 : 0.215701 0.784299
54 54 (0) 1 : 0.563819 0.436181
55 55 (0) 1 : 0.224970 0.775030
56 56 (0) 1 : 0.555655 0.444345
57 57 (0) 1 : 0.516247 0.483753
58 58 (0) 1 : 0.416408 0.583592
59 59 (0) 1 : 0.018526 0.981474
60 60 (0) 1 : 0.000333 0.999667
61 61 (0) 1 : 0.000192 0.999808
62 62 (0) 1 : 0.129556 0.870444
63 63 (0) 1 : 0.090058 0.909942
64 64 (0) 1 : 0.000331 0.999669
65 65 (0) 1 : 0.000337 0.999663
66 66 (0) 1 : 0.000369 0.999631
67 67 (0) 1 : 0.000339 0.999661
68 68 (0) 1 : 0.000413 0.999587
69 69 (0) 1 : 0.000443 0.999557
70 70 (0) 1 : 0.000315 0.999685
71 71 (0) 1 : 0.000390 0.999610
72 72 (0) 1 : 0.000363 0.999637
73 73 (0) 1 : 0.000333 0.999667
74 74 (0) 1 : 0.000216 0.999784
75 75 (0) 1 : 0.000204 0.999796
76 76 (0) 1 : 0.000479 0.999521
77 77 (0) 1 : 0.000386 0.999614
78 78 (0) 1 : 0.000359 0.999641
79 79 (0) 1 : 0.254053 0.745947
80 80 (0) 1 : 0.000229 0.999771
81 81 (0) 1 : 0.000231 0.999769
82 82 (0) 1 : 0.000260 0.999740
83 83 (0) 1 : 0.000418 0.999582
84 84 (0) 1 : 0.041346 0.958654
85 85 (0) 1 : 0.000218 0.999782
86 86 (0) 1 : 0.000220 0.999780
87 87 (0) 5 : 0.574143 0.425857
88 88 (0) 5 : 0.683228 0.316772
89 89 (0) 5 : 0.556588 0.443412
90 90 (0) 5 : 0.883971 0.116029
91 91 (0) 5 : 0.961375 0.038625
92 92 (0) 5 : 0.664318 0.335682
93 93 (0) 5 : 0.819888 0.180112
94 94 (0) 5 : 0.698595 0.301405
95 95 (0) 5 : 0.980215 0.019785
96 96 (0) 5 : 0.846792 0.153208
97 97 (0) 6 : 0.000333 0.999667
98 98 (0) 6 : 0.000310 0.999690
99 99 (0) 6 : 0.000321 0.999679
100 100 (0) 6 : 0.000232 0.999768
101 101 (0) 6 : 0.000233 0.999767
102 102 (0) 6 : 0.000220 0.999780
103 103 (0) 6 : 0.000331 0.999669
104 104 (0) 6 : 0.000350 0.999650
105 105 (0) 6 : 0.000600 0.999400
106 106 (0) 6 : 0.000427 0.999573
107 107 (0) 6 : 0.000387 0.999613
108 108 (0) 6 : 0.000367 0.999633
109 109 (0) 6 : 0.003386 0.996614
110 110 (0) 2 : 0.015438 0.984562
111 111 (0) 2 : 0.000489 0.999511
112 112 (0) 2 : 0.000622 0.999378
113 113 (0) 2 : 0.002613 0.997387
114 114 (0) 2 : 0.000616 0.999384
115 115 (0) 3 : 0.000245 0.999755
