1 1 (0) 1 : 0.000036 0.000036 0.000036 0.999748 0.000036 0.000036 0.000036 0.000036
2 2 (0) 1 : 0.000034 0.000034 0.000034 0.999759 0.000034 0.000034 0.000034 0.000034
3 3 (0) 1 : 0.000037 0.000037 0.000037 0.999743 0.000037 0.000037 0.000037 0.000037
4 4 (0) 1 : 0.000037 0.000037 0.000037 0.999743 0.000037 0.000037 0.000037 0.000037
5 5 (0) 1 : 0.000039 0.000039 0.000039 0.999730 0.000039 0.000039 0.000039 0.000039
6 6 (0) 1 : 0.000037 0.000037 0.000037 0.999741 0.000037 0.000037 0.000037 0.000037
7 7 (0) 1 : 0.000040 0.000040 0.000040 0.999722 0.000040 0.000040 0.000040 0.000040
8 8 (0) 1 : 0.000028 0.000028 0.000028 0.999804 0.000028 0.000028 0.000028 0.000028
9 9 (0) 1 : 0.000026 0.000026 0.000026 0.999816 0.000026 0.000026 0.000026 0.000026
10 10 (0) 1 : 0.000031 0.000031 0.000031 0.999785 0.000031 0.000031 0.000031 0.000031
11 11 (0) 1 : 0.000036 0.000036 0.000036 0.999748 0.000036 0.000036 0.000036 0.000036
12 12 (0) 1 : 0.000029 0.000029 0.000029 0.999794 0.000029 0.000029 0.000029 0.000029
13 13 (0) 1 : 0.000035 0.000035 0.000035 0.999753 0.000035 0.000035 0.000035 0.000035
14 14 (0) 1 : 0.000036 0.000036 0.000036 0.999751 0.000036 0.000036 0.000036 0.000036
15 15 (0) 1 : 0.000036 0.000036 0.000036 0.999751 0.000036 0.000036 0.000036 0.000036
16 16 (0) 1 : 0.000038 0.000038 0.000038 0.999737 0.000038 0.000038 0.000038 0.000038
17 17 (0) 1 : 0.000041 0.000041 0.000041 0.999714 0.000041 0.000041 0.000041 0.000041
18 18 (0) 2 : 0.000028 0.000028 0.000028 0.000028 0.000028 0.000028 0.000028 0.999806
19 19 (0) 2 : 0.000036 0.000036 0.000036 0.000036 0.000036 0.000036 0.000036 0.999751
20 20 (0) 3 : 0.000028 0.000028 0.000028 0.999803 0.000028 0.000028 0.000028 0.000028
21 21 (0) 3 : 0.000029 0.000029 0.000029 0.999794 0.000029 0.000029 0.000029 0.000029
22 22 (0) 2 : 0.000036 0.000036 0.000036 0.000036 0.000036 0.000036 0.000036 0.999747
23 23 (0) 2 : 0.000028 0.000028 0.000028 0.000028 0.000028 0.000028 0.000028 0.999804
24 24 (0) 2 : 0.000027 0.000027 0.000027 0.000027 0.000027 0.000027 0.000027 0.999811
25 25 (0) 4 : 0.000032 0.000032 0.895908 0.103898 0.000032 0.000032 0.000032 0.000032
26 26 (0) 4 : 0.000028 0.000028 0.999801 0.000028 0.000028 0.000028 0.000028 0.000028
27 27 (0) 4 : 0.000042 0.000042 0.999707 0.000042 0.000042 0.000042 0.000042 0.000042
28 28 (0) 4 : 0.000037 0.000037 0.999743 0.000037 0.000037 0.000037 0.000037 0.000037
29 29 (0) 4 : 0.000043 0.000043 0.999698 0.000043 0.000043 0.000043 0.000043 0.000043
30 30 (0) 4 : 0.000048 0.000048 0.878098 0.121613 0.000048 0.000048 0.000048 0.000048
31 31 (0) 4 : 0.000039 0.000039 0.999725 0.000039 0.000039 0.000039 0.000039 0.000039
32 32 (0) 4 : 0.000041 0.000041 0.999712 0.000041 0.000041 0.000041 0.000041 0.000041
33 33 (0) 4 : 0.000035 0.000035 0.999754 0.000035 0.000035 0.000035 0.000035 0.000035
34 34 (0) 4 : 0.000027 0.000027 0.999811 0.000027 0.000027 0.000027 0.000027 0.000027
35 35 (0) 4 : 0.000026 0.000026 0.883144 0.116700 0.000026 0.000026 0.000026 0.000026
36 36 (0) 4 : 0.000026 0.000026 0.999817 0.000026 0.000026 0.000026 0.000026 0.000026
37 37 (0) 4 : 0.000027 0.000027 0.999814 0.000027 0.000027 0.000027 0.000027 0.000027
38 38 (0) 4 : 0.000034 0.000034 0.999765 0.000034 0.000034 0.000034 0.000034 0.000034
39 39 (0) 4 : 0.000028 0.000028 0.999805 0.000028 0.000028 0.000028 0.000028 0.000028
40 40 (0) 4 : 0.000026 0.000026 0.999818 0.000026 0.000026 0.000026 0.000026 0.000026
41 41 (0) 4 : 0.000037 0.000037 0.999740 0.000037 0.000037 0.000037 0.000037 0.000037
42 42 (0) 4 : 0.000036 0.000036 0.999749 0.000036 0.000036 0.000036 0.000036 0.000036
43 43 (0) 4 : 0.000038 0.000038 0.999737 0.000038 0.000038 0.000038 0.000038 0.000038
44 44 (0) 4 : 0.000036 0.000036 0.999747 0.000036 0.000036 0.000036 0.000036 0.000036
45 45 (0) 4 : 0.000037 0.000037 0.999744 0.000037 0.000037 0.000037 0.000037 0.000037
46 46 (0) 4 : 0.000036 0.000036 0.999747 0.000036 0.000036 0.000036 0.000036 0.000036
47 47 (0) 4 : 0.000038 0.000038 0.999737 0.000038 0.000038 0.000038 0.000038 0.000038
48 48 (0) 4 : 0.000036 0.000036 0.828374 0.171412 0.000036 0.000036 0.000036 0.000036
49 49 (0) 4 : 0.000035 0.000035 0.999756 0.000035 0.000035 0.000035 0.000035 0.000035
50 50 (0) 4 : 0.000036 0.000036 0.999750 0.000036 0.000036 0.000036 0.000036 0.000036
51 51 (0) 1 : 0.000024 0.000024 0.000024 0.999834 0.000024 0.000024 0.000024 0.000024
52 52 (0) 1 : 0.000025 0.000025 0.000025 0.999825 0.000025 0.000025 0.000025 0.000025
53 53 (0) 1 : 0.000040 0.000040 0.000040 0.818585 0.000040 0.000040 0.000040 0.181174
54 54 (0) 1 : 0.000028 0.000028 0.569766 0.430068 0.000028 0.000028 0.000028 0.000028
55 55 (0) 1 : 0.000043 0.000043 0.352384 0.647359 0.000043 0.000043 0.000043 0.000043
56 56 (0) 1 : 0.000027 0.000027 0.582801 0.417037 0.000027 0.000027 0.000027 0.000027
57 57 (0) 1 : 0.000026 0.000026 0.541767 0.458079 0.000026 0.000026 0.000026 0.000026
58 58 (0) 1 : 0.000035 0.000035 0.442741 0.557052 0.000035 0.000035 0.000035 0.000035
59 59 (0) 1 : 0.000034 0.000034 0.000034 0.999764 0.000034 0.000034 0.000034 0.000034
60 60 (0) 1 : 0.000035 0.000035 0.000035 0.999756 0.000035 0.000035 0.000035 0.000035
61 61 (0) 1 : 0.000024 0.000024 0.000024 0.999830 0.000024 0.000024 0.000024 0.000024
62 62 (0) 1 : 0.000031 0.000031 0.174716 0.825098 0.000031 0.000031 0.000031 0.000031
63 63 (0) 1 : 0.000032 0.000032 0.000032 0.999773 0.000032 0.000032 0.000032 0.000032
64 64 (0) 1 : 0.000036 0.000036 0.000036 0.999747 0.000036 0.000036 0.000036 0.000036
65 65 (0) 1 : 0.000035 0.000035 0.000035 0.999752 0.000035 0.000035 0.000035 0.000035
66 66 (0) 1 : 0.000039 0.000039 0.000039 0.999724 0.000039 0.000039 0.000039 0.000039
67 67 (0) 1 : 0.000035 0.000035 0.000035 0.999757 0.000035 0.000035 0.000035 0.000035
68 68 (0) 1 : 0.000040 0.000040 0.000040 0.999719 0.000040 0.000040 0.000040 0.000040
69 69 (0) 1 : 0.000043 0.000043 0.000043 0.999700 0.000043 0.000043 0.000043 0.000043
70 70 (0) 1 : 0.000033 0.000033 0.000033 0.999770 0.000033 0.000033 0.000033 0.000033
71 71 (0) 1 : 0.000038 0.000038 0.000038 0.999732 0.000038 0.000038 0.000038 0.000038
72 72 (0) 1 : 0.000037 0.000037 0.000037 0.999738 0.000037 0.000037 0.000037 0.000037
73 73 (0) 1 : 0.000035 0.000035 0.000035 0.999756 0.000035 0.000035 0.000035 0.000035
74 74 (0) 1 : 0.000025 0.000025 0.000025 0.999827 0.000025 0.000025 0.000025 0.000025
75 75 (0) 1 : 0.000024 0.000024 0.000024 0.999830 0.000024 0.000024 0.000024 0.000024
76 76 (0) 1 : 0.000048 0.000048 0.000048 0.999664 0.000048 0.000048 0.000048 0.000048
77 77 (0) 1 : 0.000038 0.000038 0.000038 0.999736 0.000038 0.000038 0.000038 0.000038
78 78 (0) 1 : 0.000037 0.000037 0.000037 0.999741 0.000037 0.000037 0.000037 0.000037
79 79 (0) 1 : 0.000031 0.000031 0.354042 0.645773 0.000031 0.000031 0.000031 0.000031
80 80 (0) 1 : 0.000024 0.000024 0.000024 0.999830 0.000024 0.000024 0.000024 0.000024
81 81 (0) 1 : 0.000024 0.000024 0.000024 0.999830 0.000024 0.000024 0.000024 0.000024
82 82 (0) 1 : 0.000027 0.000027 0.000027 0.999809 0.000027 0.000027 0.000027 0.000027
83 83 (0) 1 : 0.000035 0.000035 0.000035 0.999753 0.000035 0.000035 0.000035 0.000035
84 84 (0) 1 : 0.000048 0.000048 0.000048 0.999664 0.000048 0.000048 0.000048 0.000048
85 85 (0) 1 : 0.000025 0.000025 0.000025 0.999827 0.000025 0.000025 0.000025 0.000025
86 86 (0) 1 : 0.000024 0.000024 0.000024 0.999830 0.000024 0.000024 0.000024 0.000024
87 87 (0) 5 : 0.000038 0.000038 0.457565 0.542209 0.000038 0.000038 0.000038 0.000038
88 88 (0) 5 : 0.000033 0.000033 0.634668 0.365136 0.000033 0.000033 0.000033 0.000033
89 89 (0) 5 : 0.000026 0.000026 0.497726 0.502121 0.000026 0.000026 0.000026 0.000026
90 90 (0) 5 : 0.000038 0.000038 0.870938 0.128837 0.000038 0.000038 0.000038 0.000038
91 91 (0) 5 : 0.000036 0.000036 0.902936 0.096851 0.000036 0.000036 0.000036 0.000036
92 92 (0) 5 : 0.000029 0.000029 0.593668 0.406159 0.000029 0.000029 0.000029 0.000029
93 93 (0) 5 : 0.000040 0.000040 0.740458 0.259301 0.000040 0.000040 0.000040 0.000040
94 94 (0) 5 : 0.000030 0.000030 0.779878 0.219942 0.000030 0.000030 0.000030 0.000030
95 95 (0) 5 : 0.000039 0.000039 0.887776 0.111992 0.000039 0.000039 0.000039 0.000039
96 96 (0) 5 : 0.000034 0.000034 0.851845 0.147949 0.000034 0.000034 0.000034 0.000034
97 97 (0) 6 : 0.000034 0.000034 0.000034 0.999762 0.000034 0.000034 0.000034 0.000034
98 98 (0) 6 : 0.000033 0.000033 0.000033 0.999770 0.000033 0.000033 0.000033 0.000033
99 99 (0) 6 : 0.000033 0.000033 0.000033 0.999769 0.000033 0.000033 0.000033 0.000033
100 100 (0) 6 : 0.000027 0.000027 0.000027 0.999814 0.000027 0.000027 0.000027 0.000027
101 101 (0) 6 : 0.000027 0.000027 0.000027 0.999814 0.000027 0.000027 0.000027 0.000027
102 102 (0) 6 : 0.000025 0.000025 0.000025 0.999824 0.000025 0.000025 0.000025 0.000025
103 103 (0) 6 : 0.000034 0.000034 0.000034 0.999765 0.000034 0.000034 0.000034 0.000034
104 104 (0) 6 : 0.000035 0.000035 0.000036 0.999752 0.000035 0.000035 0.000035 0.000035
105 105 (0) 6 : 0.000035 0.000035 0.000035 0.999756 0.000035 0.000035 0.000035 0.000035
106 106 (0) 6 : 0.000039 0.000039 0.000039 0.999725 0.000039 0.000039 0.000039 0.000039
107 107 (0) 6 : 0.000035 0.000035 0.000035 0.999755 0.000035 0.000035 0.000035 0.000035
108 108 (0) 6 : 0.000037 0.000037 0.000037 0.999742 0.000037 0.000037 0.000037 0.000037
109 109 (0) 6 : 0.000036 0.000036 0.000036 0.999747 0.000036 0.000036 0.000036 0.000036
110 110 (0) 2 : 0.000028 0.000028 0.000028 0.000028 0.000028 0.000028 0.000028 0.999806
111 111 (0) 2 : 0.000036 0.000036 0.000036 0.182822 0.000036 0.000036 0.000036 0.816964
112 112 (0) 2 : 0.000036 0.000036 0.000036 0.000036 0.000036 0.000036 0.000036 0.999746
113 113 (0) 2 : 0.000033 0.000033 0.000033 0.000033 0.000033 0.000033 0.000033 0.999767
114 114 (0) 2 : 0.000035 0.000035 0.000035 0.000035 0.000035 0.000035 0.000035 0.999757
115 115 (0) 3 : 0.000025 0.000025 0.000025 0.999827 0.000025 0.000025 0.000025 0.000025
1 1 (0) 1 : 0.000036 0.000036 0.000036 0.000036 0.999748 0.000036 0.000036 0.000036
2 2 (0) 1 : 0.000034 0.000034 0.000034 0.000034 0.999759 0.000034 0.000034 0.000034
3 3 (0) 1 : 0.000037 0.000037 0.000037 0.000037 0.999743 0.000037 0.000037 0.000037
4 4 (0) 1 : 0.000037 0.000037 0.000037 0.000037 0.999743 0.000037 0.000037 0.000037
5 5 (0) 1 : 0.000039 0.000039 0.000039 0.000039 0.999730 0.000039 0.000039 0.000039
6 6 (0) 1 : 0.000037 0.000037 0.000037 0.000037 0.999742 0.000037 0.000037 0.000037
7 7 (0) 1 : 0.000040 0.000040 0.000040 0.000040 0.999722 0.000040 0.000040 0.000040
8 8 (0) 1 : 0.000028 0.000028 0.000028 0.000028 0.999804 0.000028 0.000028 0.000028
9 9 (0) 1 : 0.000026 0.000026 0.000026 0.000026 0.999816 0.000026 0.000026 0.000026
10 10 (0) 1 : 0.000031 0.000031 0.000031 0.000031 0.999785 0.000031 0.000031 0.000031
11 11 (0) 1 : 0.000036 0.000036 0.000036 0.000036 0.999748 0.000036 0.000036 0.000036
12 12 (0) 1 : 0.000029 0.000029 0.000029 0.000029 0.999794 0.000029 0.000029 0.000029
13 13 (0) 1 : 0.000035 0.000035 0.000035 0.000035 0.999753 0.000035 0.000035 0.000035
14 14 (0) 1 : 0.000036 0.000036 0.000036 0.000036 0.999751 0.000036 0.000036 0.000036
15 15 (0) 1 : 0.000036 0.000036 0.000036 0.000036 0.999751 0.000036 0.000036 0.000036
16 16 (0) 1 : 0.000038 0.000038 0.000038 0.000038 0.999737 0.000038 0.000038 0.000038
17 17 (0) 1 : 0.000041 0.000041 0.000041 0.000041 0.999714 0.000041 0.000041 0.000041
18 18 (0) 2 : 0.000028 0.999806 0.000028 0.000028 0.000028 0.000028 0.000028 0.000028
19 19 (0) 2 : 0.000036 0.999751 0.000036 0.000036 0.000036 0.000036 0.000036 0.000036
20 20 (0) 3 : 0.000028 0.000028 0.000028 0.000028 0.999803 0.000028 0.000028 0.000028
21 21 (0) 3 : 0.000029 0.000029 0.000029 0.000029 0.999794 0.000029 0.000029 0.000029
22 22 (0) 2 : 0.000036 0.999747 0.000036 0.000036 0.000036 0.000036 0.000036 0.000036
23 23 (0) 2 : 0.000028 0.999804 0.000028 0.000028 0.000028 0.000028 0.000028 0.000028
24 24 (0) 2 : 0.000027 0.999811 0.000027 0.000027 0.000027 0.000027 0.000027 0.000027
25 25 (0) 4 : 0.000032 0.000032 0.908091 0.000032 0.091715 0.000032 0.000032 0.000032
26 26 (0) 4 : 0.000028 0.000028 0.999801 0.000028 0.000028 0.000028 0.000028 0.000028
27 27 (0) 4 : 0.000042 0.000042 0.999707 0.000042 0.000042 0.000042 0.000042 0.000042
28 28 (0) 4 : 0.000037 0.000037 0.999743 0.000037 0.000037 0.000037 0.000037 0.000037
29 29 (0) 4 : 0.000043 0.000043 0.999698 0.000043 0.000043 0.000043 0.000043 0.000043
30 30 (0) 4 : 0.000048 0.000048 0.875530 0.000048 0.124180 0.000048 0.000048 0.000048
31 31 (0) 4 : 0.000039 0.000039 0.999725 0.000039 0.000039 0.000039 0.000039 0.000039
32 32 (0) 4 : 0.000041 0.000041 0.999712 0.000041 0.000041 0.000041 0.000041 0.000041
33 33 (0) 4 : 0.000035 0.000035 0.999754 0.000035 0.000035 0.000035 0.000035 0.000035
34 34 (0) 4 : 0.000027 0.000027 0.999811 0.000027 0.000027 0.000027 0.000027 0.000027
35 35 (0) 4 : 0.000026 0.000026 0.893363 0.000026 0.106481 0.000026 0.000026 0.000026
36 36 (0) 4 : 0.000026 0.000026 0.999817 0.000026 0.000026 0.000026 0.000026 0.000026
37 37 (0) 4 : 0.000027 0.000027 0.999814 0.000027 0.000027 0.000027 0.000027 0.000027
38 38 (0) 4 : 0.000034 0.000034 0.999765 0.000034 0.000034 0.000034 0.000034 0.000034
39 39 (0) 4 : 0.000028 0.000028 0.999805 0.000028 0.000028 0.000028 0.000028 0.000028
40 40 (0) 4 : 0.000026 0.000026 0.999818 0.000026 0.000026 0.000026 0.000026 0.000026
41 41 (0) 4 : 0.000037 0.000037 0.999740 0.000037 0.000037 0.000037 0.000037 0.000037
42 42 (0) 4 : 0.000036 0.000036 0.999749 0.000036 0.000036 0.000036 0.000036 0.000036
43 43 (0) 4 : 0.000038 0.000038 0.999737 0.000038 0.000038 0.000038 0.000038 0.000038
44 44 (0) 4 : 0.000036 0.000036 0.999747 0.000036 0.000036 0.000036 0.000036 0.000036
45 45 (0) 4 : 0.000037 0.000037 0.999744 0.000037 0.000037 0.000037 0.000037 0.000037
46 46 (0) 4 : 0.000036 0.000036 0.999747 0.000036 0.000036 0.000036 0.000036 0.000036
47 47 (0) 4 : 0.000038 0.000038 0.999737 0.000038 0.000038 0.000038 0.000038 0.000038
48 48 (0) 4 : 0.000036 0.000036 0.832563 0.000036 0.167223 0.000036 0.000036 0.000036
49 49 (0) 4 : 0.000035 0.000035 0.999756 0.000035 0.000035 0.000035 0.000035 0.000035
50 50 (0) 4 : 0.000036 0.000036 0.999750 0.000036 0.000036 0.000036 0.000036 0.000036
51 51 (0) 1 : 0.000024 0.000024 0.000024 0.000024 0.999834 0.000024 0.000024 0.000024
52 52 (0) 1 : 0.000025 0.000025 0.000025 0.000025 0.999825 0.000025 0.000025 0.000025
53 53 (0) 1 : 0.000040 0.000040 0.000040 0.000040 0.999720 0.000040 0.000040 0.000040
54 54 (0) 1 : 0.000028 0.000028 0.544173 0.000028 0.455661 0.000028 0.000028 0.000028
55 55 (0) 1 : 0.000043 0.000043 0.341394 0.000043 0.658348 0.000043 0.000043 0.000043
56 56 (0) 1 : 0.000027 0.000027 0.569105 0.000027 0.430734 0.000027 0.000027 0.000027
57 57 (0) 1 : 0.000026 0.000026 0.526220 0.000026 0.473626 0.000026 0.000026 0.000026
58 58 (0) 1 : 0.000035 0.000035 0.429408 0.000035 0.570384 0.000035 0.000035 0.000035
59 59 (0) 1 : 0.000034 0.000034 0.000034 0.000034 0.999764 0.000034 0.000034 0.000034
60 60 (0) 1 : 0.000035 0.000035 0.000035 0.000035 0.999756 0.000035 0.000035 0.000035
61 61 (0) 1 : 0.000024 0.000024 0.000024 0.000024 0.999830 0.000024 0.000024 0.000024
62 62 (0) 1 : 0.000031 0.000031 0.000031 0.000031 0.999784 0.000031 0.000031 0.000031
63 63 (0) 1 : 0.000032 0.000032 0.000032 0.000032 0.999773 0.000032 0.000032 0.000032
64 64 (0) 1 : 0.000036 0.000036 0.000036 0.000036 0.999747 0.000036 0.000036 0.000036
65 65 (0) 1 : 0.000035 0.000035 0.000035 0.000035 0.999752 0.000035 0.000035 0.000035
66 66 (0) 1 : 0.000039 0.000039 0.000039 0.000039 0.999724 0.000039 0.000039 0.000039
67 67 (0) 1 : 0.000035 0.000035 0.000035 0.000035 0.999757 0.000035 0.000035 0.000035
68 68 (0) 1 : 0.000040 0.000040 0.000040 0.000040 0.999719 0.000040 0.000040 0.000040
69 69 (0) 1 : 0.000043 0.000043 0.000043 0.000043 0.999700 0.000043 0.000043 0.000043
70 70 (0) 1 : 0.000033 0.000033 0.000033 0.000033 0.999770 0.000033 0.000033 0.000033
71 71 (0) 1 : 0.000038 0.000038 0.000038 0.000038 0.999732 0.000038 0.000038 0.000038
72 72 (0) 1 : 0.000037 0.000037 0.000037 0.000037 0.999738 0.000037 0.000037 0.000037
73 73 (0) 1 : 0.000035 0.000035 0.000035 0.000035 0.999756 0.000035 0.000035 0.000035
74 74 (0) 1 : 0.000025 0.000025 0.000025 0.000025 0.999827 0.000025 0.000025 0.000025
75 75 (0) 1 : 0.000024 0.000024 0.000024 0.000024 0.999830 0.000024 0.000024 0.000024
76 76 (0) 1 : 0.000048 0.000048 0.000048 0.000048 0.999664 0.000048 0.000048 0.000048
77 77 (0) 1 : 0.000038 0.000038 0.000038 0.000038 0.999736 0.000038 0.000038 0.000038
78 78 (0) 1 : 0.000037 0.000037 0.000037 0.000037 0.999741 0.000037 0.000037 0.000037
79 79 (0) 1 : 0.000031 0.000031 0.335570 0.000031 0.664244 0.000031 0.000031 0.000031
80 80 (0) 1 : 0.000024 0.000024 0.000024 0.000024 0.999830 0.000024 0.000024 0.000024
81 81 (0) 1 : 0.000024 0.000024 0.000024 0.000024 0.999830 0.000024 0.000024 0.000024
82 82 (0) 1 : 0.000027 0.000027 0.000027 0.000027 0.999809 0.000027 0.000027 0.000027
83 83 (0) 1 : 0.000035 0.000035 0.000035 0.000035 0.999753 0.000035 0.000035 0.000035
84 84 (0) 1 : 0.000048 0.000048 0.000048 0.000048 0.999664 0.000048 0.000048 0.000048
85 85 (0) 1 : 0.000025 0.000025 0.000025 0.000025 0.999827 0.000025 0.000025 0.000025
86 86 (0) 1 : 0.000024 0.000024 0.000024 0.000024 0.999830 0.000024 0.000024 0.000024
87 87 (0) 5 : 0.000038 0.000038 0.454060 0.000038 0.545714 0.000038 0.000038 0.000038
88 88 (0) 5 : 0.000033 0.000033 0.635648 0.000033 0.364156 0.000033 0.000033 0.000033
89 89 (0) 5 : 0.000026 0.000026 0.497987 0.000026 0.501860 0.000026 0.000026 0.000026
90 90 (0) 5 : 0.000038 0.000038 0.867017 0.000038 0.132758 0.000038 0.000038 0.000038
91 91 (0) 5 : 0.000036 0.000036 0.897109 0.000036 0.102677 0.000036 0.000036 0.000036
92 92 (0) 5 : 0.000029 0.000029 0.592248 0.000029 0.407578 0.000029 0.000029 0.000029
93 93 (0) 5 : 0.000040 0.000040 0.736673 0.000040 0.263087 0.000040 0.000040 0.000040
94 94 (0) 5 : 0.000030 0.000030 0.781749 0.000030 0.218072 0.000030 0.000030 0.000030
95 95 (0) 5 : 0.000039 0.000039 0.882787 0.000039 0.116982 0.000039 0.000039 0.000039
96 96 (0) 5 : 0.000034 0.000034 0.848980 0.000034 0.150814 0.000034 0.000034 0.000034
97 97 (0) 6 : 0.000034 0.000034 0.000034 0.000034 0.999762 0.000034 0.000034 0.000034
98 98 (0) 6 : 0.000033 0.000033 0.000033 0.000033 0.999770 0.000033 0.000033 0.000033
99 99 (0) 6 : 0.000033 0.000033 0.000033 0.000033 0.999769 0.000033 0.000033 0.000033
100 100 (0) 6 : 0.000027 0.000027 0.000027 0.000027 0.999814 0.000027 0.000027 0.000027
101 101 (0) 6 : 0.000027 0.000027 0.000027 0.000027 0.999814 0.000027 0.000027 0.000027
102 102 (0) 6 : 0.000025 0.000025 0.000025 0.000025 0.999824 0.000025 0.000025 0.000025
103 103 (0) 6 : 0.000034 0.000034 0.000034 0.000034 0.999765 0.000034 0.000034 0.000034
104 104 (0) 6 : 0.000035 0.000035 0.000036 0.000035 0.999752 0.000035 0.000035 0.000035
105 105 (0) 6 : 0.000035 0.000035 0.000035 0.000035 0.999756 0.000035 0.000035 0.000035
106 106 (0) 6 : 0.000039 0.000039 0.000039 0.000039 0.999725 0.000039 0.000039 0.000039
107 107 (0) 6 : 0.000035 0.000035 0.000035 0.000035 0.999755 0.000035 0.000035 0.000035
108 108 (0) 6 : 0.000037 0.000037 0.000037 0.000037 0.999742 0.000037 0.000037 0.000037
109 109 (0) 6 : 0.000036 0.000036 0.000036 0.000036 0.999747 0.000036 0.000036 0.000036
110 110 (0) 2 : 0.000028 0.815183 0.000028 0.000028 0.184651 0.000028 0.000028 0.000028
111 111 (0) 2 : 0.000036 0.769837 0.000036 0.000036 0.229949 0.000036 0.000036 0.000036
112 112 (0) 2 : 0.000036 0.807111 0.000036 0.000036 0.192672 0.000036 0.000036 0.000036
113 113 (0) 2 : 0.000033 0.999767 0.000033 0.000033 0.000033 0.000033 0.000033 0.000033
114 114 (0) 2 : 0.000035 0.999757 0.000035 0.000035 0.000035 0.000035 0.000035 0.000035
115 115 (0) 3 : 0.000025 0.000025 0.000025 0.000025 0.999827 0.000025 0.000025 0.000025
1 1 (0) 1 : 0.999748 0.000036 0.000036 0.000036 0.000036 0.000036 0.000036 0.000036
2 2 (0) 1 : 0.999759 0.000034 0.000034 0.000034 0.000034 0.000034 0.000034 0.000034
3 3 (0) 1 : 0.999743 0.000037 0.000037 0.000037 0.000037 0.000037 0.000037 0.000037
4 4 (0) 1 : 0.999743 0.000037 0.000037 0.000037 0.000037 0.000037 0.000037 0.000037
5 5 (0) 1 : 0.999730 0.000039 0.000039 0.000039 0.000039 0.000039 0.000039 0.000039
6 6 (0) 1 : 0.999741 0.000037 0.000037 0.000037 0.000037 0.000037 0.000037 0.000037
7 7 (0) 1 : 0.999722 0.000040 0.000040 0.000040 0.000040 0.000040 0.000040 0.000040
8 8 (0) 1 : 0.999804 0.000028 0.000028 0.000028 0.000028 0.000028 0.000028 0.000028
9 9 (0) 1 : 0.999816 0.000026 0.000026 0.000026 0.000026 0.000026 0.000026 0.000026
10 10 (0) 1 : 0.999785 0.000031 0.000031 0.000031 0.000031 0.000031 0.000031 0.000031
11 11 (0) 1 : 0.999748 0.000036 0.000036 0.000036 0.000036 0.000036 0.000036 0.000036
12 12 (0) 1 : 0.999794 0.000029 0.000029 0.000029 0.000029 0.000029 0.000029 0.000029
13 13 (0) 1 : 0.999753 0.000035 0.000035 0.000035 0.000035 0.000035 0.000035 0.000035
14 14 (0) 1 : 0.999751 0.000036 0.000036 0.000036 0.000036 0.000036 0.000036 0.000036
15 15 (0) 1 : 0.999751 0.000036 0.000036 0.000036 0.000036 0.000036 0.000036 0.000036
16 16 (0) 1 : 0.999737 0.000038 0.000038 0.000038 0.000038 0.000038 0.000038 0.000038
17 17 (0) 1 : 0.999714 0.000041 0.000041 0.000041 0.000041 0.000041 0.000041 0.000041
18 18 (0) 2 : 0.000028 0.000028 0.000028 0.000028 0.000028 0.999806 0.000028 0.000028
19 19 (0) 2 : 0.000036 0.000036 0.000036 0.000036 0.000036 0.999751 0.000036 0.000036
20 20 (0) 3 : 0.999803 0.000028 0.000028 0.000028 0.000028 0.000028 0.000028 0.000028
21 21 (0) 3 : 0.999794 0.000029 0.000029 0.000029 0.000029 0.000029 0.000029 0.000029
22 22 (0) 2 : 0.000036 0.000036 0.000036 0.000036 0.000036 0.999747 0.000036 0.000036
23 23 (0) 2 : 0.000028 0.000028 0.000028 0.000028 0.000028 0.999804 0.000028 0.000028
24 24 (0) 2 : 0.000027 0.000027 0.000027 0.000027 0.000027 0.999811 0.000027 0.000027
25 25 (0) 4 : 0.000032 0.000032 0.000032 0.000032 0.999773 0.000032 0.000032 0.000032
26 26 (0) 4 : 0.000028 0.000028 0.000028 0.000028 0.999801 0.000028 0.000028 0.000028
27 27 (0) 4 : 0.000042 0.000042 0.000042 0.000042 0.999707 0.000042 0.000042 0.000042
28 28 (0) 4 : 0.000037 0.000037 0.000037 0.000037 0.999743 0.000037 0.000037 0.000037
29 29 (0) 4 : 0.000043 0.000043 0.000043 0.000043 0.999698 0.000043 0.000043 0.000043
30 30 (0) 4 : 0.136476 0.000048 0.000048 0.000048 0.863234 0.000048 0.000048 0.000048
31 31 (0) 4 : 0.000039 0.000039 0.000039 0.000039 0.999725 0.000039 0.000039 0.000039
32 32 (0) 4 : 0.000041 0.000041 0.000041 0.000041 0.999712 0.000041 0.000041 0.000041
33 33 (0) 4 : 0.000035 0.000035 0.000035 0.000035 0.999754 0.000035 0.000035 0.000035
34 34 (0) 4 : 0.000027 0.000027 0.000027 0.000027 0.999811 0.000027 0.000027 0.000027
35 35 (0) 4 : 0.000026 0.000026 0.000026 0.000026 0.999818 0.000026 0.000026 0.000026
36 36 (0) 4 : 0.000026 0.000026 0.000026 0.000026 0.999817 0.000026 0.000026 0.000026
37 37 (0) 4 : 0.000027 0.000027 0.000027 0.000027 0.999814 0.000027 0.000027 0.000027
38 38 (0) 4 : 0.000034 0.000034 0.000034 0.000034 0.999765 0.000034 0.000034 0.000034
39 39 (0) 4 : 0.000028 0.000028 0.000028 0.000028 0.999805 0.000028 0.000028 0.000028
40 40 (0) 4 : 0.000026 0.000026 0.000026 0.000026 0.999818 0.000026 0.000026 0.000026
41 41 (0) 4 : 0.000037 0.000037 0.000037 0.000037 0.999740 0.000037 0.000037 0.000037
42 42 (0) 4 : 0.000036 0.000036 0.000036 0.000036 0.999748 0.000036 0.000036 0.000036
43 43 (0) 4 : 0.000038 0.000038 0.000038 0.000038 0.999737 0.000038 0.000038 0.000038
44 44 (0) 4 : 0.000036 0.000036 0.000036 0.000036 0.999747 0.000036 0.000036 0.000036
45 45 (0) 4 : 0.000037 0.000037 0.000037 0.000037 0.999744 0.000037 0.000037 0.000037
46 46 (0) 4 : 0.000036 0.000036 0.000036 0.000036 0.999747 0.000036 0.000036 0.000036
47 47 (0) 4 : 0.000038 0.000038 0.000038 0.000038 0.999737 0.000038 0.000038 0.000038
48 48 (0) 4 : 0.139031 0.000036 0.000036 0.000036 0.860755 0.000036 0.000036 0.000036
49 49 (0) 4 : 0.000035 0.000035 0.000035 0.000035 0.999756 0.000035 0.000035 0.000035
50 50 (0) 4 : 0.000036 0.000036 0.000036 0.000036 0.999750 0.000036 0.000036 0.000036
51 51 (0) 1 : 0.999834 0.000024 0.000024 0.000024 0.000024 0.000024 0.000024 0.000024
52 52 (0) 1 : 0.999825 0.000025 0.000025 0.000025 0.000025 0.000025 0.000025 0.000025
53 53 (0) 1 : 0.687864 0.000040 0.311895 0.000040 0.000040 0.000040 0.000040 0.000040
54 54 (0) 1 : 0.000028 0.000028 0.999806 0.000028 0.000028 0.000028 0.000028 0.000028
55 55 (0) 1 : 0.000043 0.000043 0.999699 0.000043 0.000043 0.000043 0.000043 0.000043
56 56 (0) 1 : 0.000027 0.000027 0.999812 0.000027 0.000027 0.000027 0.000027 0.000027
57 57 (0) 1 : 0.000026 0.000026 0.999820 0.000026 0.000026 0.000026 0.000026 0.000026
58 58 (0) 1 : 0.000035 0.000035 0.999758 0.000035 0.000035 0.000035 0.000035 0.000035
59 59 (0) 1 : 0.999764 0.000034 0.000034 0.000034 0.000034 0.000034 0.000034 0.000034
60 60 (0) 1 : 0.999756 0.000035 0.000035 0.000035 0.000035 0.000035 0.000035 0.000035
61 61 (0) 1 : 0.999830 0.000024 0.000024 0.000024 0.000024 0.000024 0.000024 0.000024
62 62 (0) 1 : 0.850458 0.000031 0.149357 0.000031 0.000031 0.000031 0.000031 0.000031
63 63 (0) 1 : 0.868657 0.000032 0.131148 0.000032 0.000032 0.000032 0.000032 0.000032
64 64 (0) 1 : 0.999747 0.000036 0.000036 0.000036 0.000036 0.000036 0.000036 0.000036
65 65 (0) 1 : 0.999752 0.000035 0.000035 0.000035 0.000035 0.000035 0.000035 0.000035
66 66 (0) 1 : 0.999724 0.000039 0.000039 0.000039 0.000039 0.000039 0.000039 0.000039
67 67 (0) 1 : 0.999757 0.000035 0.000035 0.000035 0.000035 0.000035 0.000035 0.000035
68 68 (0) 1 : 0.999719 0.000040 0.000040 0.000040 0.000040 0.000040 0.000040 0.000040
69 69 (0) 1 : 0.999700 0.000043 0.000043 0.000043 0.000043 0.000043 0.000043 0.000043
70 70 (0) 1 : 0.999770 0.000033 0.000033 0.000033 0.000033 0.000033 0.000033 0.000033
71 71 (0) 1 : 0.999732 0.000038 0.000038 0.000038 0.000038 0.000038 0.000038 0.000038
72 72 (0) 1 : 0.999738 0.000037 0.000037 0.000037 0.000037 0.000037 0.000037 0.000037
73 73 (0) 1 : 0.999756 0.000035 0.000035 0.000035 0.000035 0.000035 0.000035 0.000035
74 74 (0) 1 : 0.999827 0.000025 0.000025 0.000025 0.000025 0.000025 0.000025 0.000025
75 75 (0) 1 : 0.999830 0.000024 0.000024 0.000024 0.000024 0.000024 0.000024 0.000024
76 76 (0) 1 : 0.999664 0.000048 0.000048 0.000048 0.000048 0.000048 0.000048 0.000048
77 77 (0) 1 : 0.999736 0.000038 0.000038 0.000038 0.000038 0.000038 0.000038 0.000038
78 78 (0) 1 : 0.999741 0.000037 0.000037 0.000037 0.000037 0.000037 0.000037 0.000037
79 79 (0) 1 : 0.600516 0.000031 0.399299 0.000031 0.000031 0.000031 0.000031 0.000031
80 80 (0) 1 : 0.999830 0.000024 0.000024 0.000024 0.000024 0.000024 0.000024 0.000024
81 81 (0) 1 : 0.999830 0.000024 0.000024 0.000024 0.000024 0.000024 0.000024 0.000024
82 82 (0) 1 : 0.999809 0.000027 0.000027 0.000027 0.000027 0.000027 0.000027 0.000027
83 83 (0) 1 : 0.999753 0.000035 0.000035 0.000035 0.000035 0.000035 0.000035 0.000035
84 84 (0) 1 : 0.999664 0.000048 0.000048 0.000048 0.000048 0.000048 0.000048 0.000048
85 85 (0) 1 : 0.999827 0.000025 0.000025 0.000025 0.000025 0.000025 0.000025 0.000025
86 86 (0) 1 : 0.999830 0.000024 0.000024 0.000024 0.000024 0.000024 0.000024 0.000024
87 87 (0) 5 : 0.529967 0.000038 0.000038 0.000038 0.469807 0.000038 0.000038 0.000038
88 88 (0) 5 : 0.331692 0.000033 0.000033 0.000033 0.668113 0.000033 0.000033 0.000033
89 89 (0) 5 : 0.468678 0.000026 0.000026 0.000026 0.531169 0.000026 0.000026 0.000026
90 90 (0) 5 : 0.145245 0.000038 0.000038 0.000038 0.854529 0.000038 0.000038 0.000038
91 91 (0) 5 : 0.117576 0.000036 0.000036 0.000036 0.882210 0.000036 0.000036 0.000036
92 92 (0) 5 : 0.379349 0.000029 0.000029 0.000029 0.620478 0.000029 0.000029 0.000029
93 93 (0) 5 : 0.271670 0.000040 0.000040 0.000040 0.728089 0.000040 0.000040 0.000040
94 94 (0) 5 : 0.159677 0.000030 0.000030 0.000030 0.840144 0.000030 0.000030 0.000030
95 95 (0) 5 : 0.128424 0.000039 0.000039 0.000039 0.871344 0.000039 0.000039 0.000039
96 96 (0) 5 : 0.158206 0.000034 0.000034 0.000034 0.841588 0.000034 0.000034 0.000034
97 97 (0) 6 : 0.999762 0.000034 0.000034 0.000034 0.000034 0.000034 0.000034 0.000034
98 98 (0) 6 : 0.999770 0.000033 0.000033 0.000033 0.000033 0.000033 0.000033 0.000033
99 99 (0) 6 : 0.999769 0.000033 0.000033 0.000033 0.000033 0.000033 0.000033 0.000033
100 100 (0) 6 : 0.999813 0.000027 0.000027 0.000027 0.000027 0.000027 0.000027 0.000027
101 101 (0) 6 : 0.999814 0.000027 0.000027 0.000027 0.000027 0.000027 0.000027 0.000027
102 102 (0) 6 : 0.999824 0.000025 0.000025 0.000025 0.000025 0.000025 0.000025 0.000025
103 103 (0) 6 : 0.999765 0.000034 0.000034 0.000034 0.000034 0.000034 0.000034 0.000034
104 104 (0) 6 : 0.999752 0.000035 0.000035 0.000035 0.000036 0.000035 0.000035 0.000035
105 105 (0) 6 : 0.999756 0.000035 0.000035 0.000035 0.000035 0.000035 0.000035 0.000035
106 106 (0) 6 : 0.999725 0.000039 0.000039 0.000039 0.000039 0.000039 0.000039 0.000039
107 107 (0) 6 : 0.999755 0.000035 0.000035 0.000035 0.000035 0.000035 0.000035 0.000035
108 108 (0) 6 : 0.999742 0.000037 0.000037 0.000037 0.000037 0.000037 0.000037 0.000037
109 109 (0) 6 : 0.999747 0.000036 0.000036 0.000036 0.000036 0.000036 0.000036 0.000036
110 110 (0) 2 : 0.185791 0.000028 0.000028 0.000028 0.000028 0.814043 0.000028 0.000028
111 111 (0) 2 : 0.244211 0.000036 0.000036 0.000036 0.000036 0.755575 0.000036 0.000036
112 112 (0) 2 : 0.216449 0.000036 0.000036 0.000036 0.000036 0.783333 0.000036 0.000036
113 113 (0) 2 : 0.000033 0.000033 0.000033 0.000033 0.000033 0.999767 0.000033 0.000033
114 114 (0) 2 : 0.136238 0.000035 0.000035 0.000035 0.000035 0.863554 0.000035 0.000035
115 115 (0) 3 : 0.999827 0.000025 0.000025 0.000025 0.000025 0.000025 0.000025 0.000025
1 1 (0) 1 : 0.999748 0.000036 0.000036 0.000036 0.000036 0.000036 0.000036 0.000036
2 2 (0) 1 : 0.999759 0.000034 0.000034 0.000034 0.000034 0.000034 0.000034 0.000034
3 3 (0) 1 : 0.999743 0.000037 0.000037 0.000037 0.000037 0.000037 0.000037 0.000037
4 4 (0) 1 : 0.999743 0.000037 0.000037 0.000037 0.000037 0.000037 0.000037 0.000037
5 5 (0) 1 : 0.999730 0.000039 0.000039 0.000039 0.000039 0.000039 0.000039 0.000039
6 6 (0) 1 : 0.999742 0.000037 0.000037 0.000037 0.000037 0.000037 0.000037 0.000037
7 7 (0) 1 : 0.999722 0.000040 0.000040 0.000040 0.000040 0.000040 0.000040 0.000040
8 8 (0) 1 : 0.999804 0.000028 0.000028 0.000028 0.000028 0.000028 0.000028 0.000028
9 9 (0) 1 : 0.999816 0.000026 0.000026 0.000026 0.000026 0.000026 0.000026 0.000026
10 10 (0) 1 : 0.999785 0.000031 0.000031 0.000031 0.000031 0.000031 0.000031 0.000031
11 11 (0) 1 : 0.999748 0.000036 0.000036 0.000036 0.000036 0.000036 0.000036 0.000036
12 12 (0) 1 : 0.999794 0.000029 0.000029 0.000029 0.000029 0.000029 0.000029 0.000029
13 13 (0) 1 : 0.999753 0.000035 0.000035 0.000035 0.000035 0.000035 0.000035 0.000035
14 14 (0) 1 : 0.999751 0.000036 0.000036 0.000036 0.000036 0.000036 0.000036 0.000036
15 15 (0) 1 : 0.999751 0.000036 0.000036 0.000036 0.000036 0.000036 0.000036 0.000036
16 16 (0) 1 : 0.999737 0.000038 0.000038 0.000038 0.000038 0.000038 0.000038 0.000038
17 17 (0) 1 : 0.999714 0.000041 0.000041 0.000041 0.000041 0.000041 0.000041 0.000041
18 18 (0) 2 : 0.000028 0.000028 0.000028 0.000028 0.999806 0.000028 0.000028 0.000028
19 19 (0) 2 : 0.000036 0.000036 0.000036 0.000036 0.999751 0.000036 0.000036 0.000036
20 20 (0) 3 : 0.999803 0.000028 0.000028 0.000028 0.000028 0.000028 0.000028 0.000028
21 21 (0) 3 : 0.999794 0.000029 0.000029 0.000029 0.000029 0.000029 0.000029 0.000029
22 22 (0) 2 : 0.000036 0.000036 0.000036 0.000036 0.999747 0.000036 0.000036 0.000036
23 23 (0) 2 : 0.000028 0.000028 0.000028 0.000028 0.999804 0.000028 0.000028 0.000028
24 24 (0) 2 : 0.000027 0.000027 0.000027 0.000027 0.999811 0.000027 0.000027 0.000027
25 25 (0) 4 : 0.000032 0.000032 0.000032 0.999773 0.000032 0.000032 0.000032 0.000032
26 26 (0) 4 : 0.000028 0.000028 0.000028 0.999801 0.000028 0.000028 0.000028 0.000028
27 27 (0) 4 : 0.000042 0.000042 0.000042 0.999707 0.000042 0.000042 0.000042 0.000042
28 28 (0) 4 : 0.000037 0.000037 0.000037 0.999743 0.000037 0.000037 0.000037 0.000037
29 29 (0) 4 : 0.000043 0.000043 0.000043 0.999698 0.000043 0.000043 0.000043 0.000043
30 30 (0) 4 : 0.128368 0.000048 0.000048 0.871342 0.000048 0.000048 0.000048 0.000048
31 31 (0) 4 : 0.000039 0.000039 0.000039 0.999725 0.000039 0.000039 0.000039 0.000039
32 32 (0) 4 : 0.000041 0.000041 0.000041 0.999712 0.000041 0.000041 0.000041 0.000041
33 33 (0) 4 : 0.000035 0.000035 0.000035 0.999754 0.000035 0.000035 0.000035 0.000035
34 34 (0) 4 : 0.000027 0.000027 0.000027 0.999811 0.000027 0.000027 0.000027 0.000027
35 35 (0) 4 : 0.053711 0.000026 0.000026 0.946133 0.000026 0.000026 0.000026 0.000026
36 36 (0) 4 : 0.000026 0.000026 0.000026 0.999817 0.000026 0.000026 0.000026 0.000026
37 37 (0) 4 : 0.000027 0.000027 0.000027 0.999814 0.000027 0.000027 0.000027 0.000027
38 38 (0) 4 : 0.000034 0.000034 0.000034 0.999765 0.000034 0.000034 0.000034 0.000034
39 39 (0) 4 : 0.000028 0.000028 0.000028 0.999805 0.000028 0.000028 0.000028 0.000028
40 40 (0) 4 : 0.000026 0.000026 0.000026 0.999818 0.000026 0.000026 0.000026 0.000026
41 41 (0) 4 : 0.000037 0.000037 0.000037 0.999740 0.000037 0.000037 0.000037 0.000037
42 42 (0) 4 : 0.000036 0.000036 0.000036 0.999749 0.000036 0.000036 0.000036 0.000036
43 43 (0) 4 : 0.000038 0.000038 0.000038 0.999737 0.000038 0.000038 0.000038 0.000038
44 44 (0) 4 : 0.000036 0.000036 0.000036 0.999747 0.000036 0.000036 0.000036 0.000036
45 45 (0) 4 : 0.000037 0.000037 0.000037 0.999744 0.000037 0.000037 0.000037 0.000037
46 46 (0) 4 : 0.000036 0.000036 0.000036 0.999747 0.000036 0.000036 0.000036 0.000036
47 47 (0) 4 : 0.000038 0.000038 0.000038 0.999737 0.000038 0.000038 0.000038 0.000038
48 48 (0) 4 : 0.145479 0.000036 0.000036 0.854307 0.000036 0.000036 0.000036 0.000036
49 49 (0) 4 : 0.000035 0.000035 0.000035 0.999756 0.000035 0.000035 0.000035 0.000035
50 50 (0) 4 : 0.000036 0.000036 0.000036 0.999750 0.000036 0.000036 0.000036 0.000036
51 51 (0) 1 : 0.999834 0.000024 0.000024 0.000024 0.000024 0.000024 0.000024 0.000024
52 52 (0) 1 : 0.999825 0.000025 0.000025 0.000025 0.000025 0.000025 0.000025 0.000025
53 53 (0) 1 : 0.850415 0.000040 0.000040 0.000040 0.149345 0.000040 0.000040 0.000040
54 54 (0) 1 : 0.999806 0.000028 0.000028 0.000028 0.000028 0.000028 0.000028 0.000028
55 55 (0) 1 : 0.700830 0.000043 0.000043 0.298912 0.000043 0.000043 0.000043 0.000043
56 56 (0) 1 : 0.486474 0.000027 0.000027 0.513365 0.000027 0.000027 0.000027 0.000027
57 57 (0) 1 : 0.537714 0.000026 0.000026 0.462133 0.000026 0.000026 0.000026 0.000026
58 58 (0) 1 : 0.622554 0.000035 0.000035 0.377238 0.000035 0.000035 0.000035 0.000035
59 59 (0) 1 : 0.999764 0.000034 0.000034 0.000034 0.000034 0.000034 0.000034 0.000034
60 60 (0) 1 : 0.999756 0.000035 0.000035 0.000035 0.000035 0.000035 0.000035 0.000035
61 61 (0) 1 : 0.999830 0.000024 0.000024 0.000024 0.000024 0.000024 0.000024 0.000024
62 62 (0) 1 : 0.999784 0.000031 0.000031 0.000031 0.000031 0.000031 0.000031 0.000031
63 63 (0) 1 : 0.999773 0.000032 0.000032 0.000032 0.000032 0.000032 0.000032 0.000032
64 64 (0) 1 : 0.999747 0.000036 0.000036 0.000036 0.000036 0.000036 0.000036 0.000036
65 65 (0) 1 : 0.999752 0.000035 0.000035 0.000035 0.000035 0.000035 0.000035 0.000035
66 66 (0) 1 : 0.999724 0.000039 0.000039 0.000039 0.000039 0.000039 0.000039 0.000039
67 67 (0) 1 : 0.999757 0.000035 0.000035 0.000035 0.000035 0.000035 0.000035 0.000035
68 68 (0) 1 : 0.999719 0.000040 0.000040 0.000040 0.000040 0.000040 0.000040 0.000040
69 69 (0) 1 : 0.999700 0.000043 0.000043 0.000043 0.000043 0.000043 0.000043 0.000043
70 70 (0) 1 : 0.999770 0.000033 0.000033 0.000033 0.000033 0.000033 0.000033 0.000033
71 71 (0) 1 : 0.999732 0.000038 0.000038 0.000038 0.000038 0.000038 0.000038 0.000038
72 72 (0) 1 : 0.999738 0.000037 0.000037 0.000037 0.000037 0.000037 0.000037 0.000037
73 73 (0) 1 : 0.999756 0.000035 0.000035 0.000035 0.000035 0.000035 0.000035 0.000035
74 74 (0) 1 : 0.999827 0.000025 0.000025 0.000025 0.000025 0.000025 0.000025 0.000025
75 75 (0) 1 : 0.999830 0.000024 0.000024 0.000024 0.000024 0.000024 0.000024 0.000024
76 76 (0) 1 : 0.999664 0.000048 0.000048 0.000048 0.000048 0.000048 0.000048 0.000048
77 77 (0) 1 : 0.999736 0.000038 0.000038 0.000038 0.000038 0.000038 0.000038 0.000038
78 78 (0) 1 : 0.999741 0.000037 0.000037 0.000037 0.000037 0.000037 0.000037 0.000037
79 79 (0) 1 : 0.719942 0.000031 0.000031 0.279873 0.000031 0.000031 0.000031 0.000031
80 80 (0) 1 : 0.999830 0.000024 0.000024 0.000024 0.000024 0.000024 0.000024 0.000024
81 81 (0) 1 : 0.999830 0.000024 0.000024 0.000024 0.000024 0.000024 0.000024 0.000024
82 82 (0) 1 : 0.999809 0.000027 0.000027 0.000027 0.000027 0.000027 0.000027 0.000027
83 83 (0) 1 : 0.999753 0.000035 0.000035 0.000035 0.000035 0.000035 0.000035 0.000035
84 84 (0) 1 : 0.999664 0.000048 0.000048 0.000048 0.000048 0.000048 0.000048 0.000048
85 85 (0) 1 : 0.999827 0.000025 0.000025 0.000025 0.000025 0.000025 0.000025 0.000025
86 86 (0) 1 : 0.999830 0.000024 0.000024 0.000024 0.000024 0.000024 0.000024 0.000024
87 87 (0) 5 : 0.541274 0.000038 0.000038 0.458500 0.000038 0.000038 0.000038 0.000038
88 88 (0) 5 : 0.342543 0.000033 0.000033 0.657262 0.000033 0.000033 0.000033 0.000033
89 89 (0) 5 : 0.484525 0.000026 0.000026 0.515322 0.000026 0.000026 0.000026 0.000026
90 90 (0) 5 : 0.136145 0.000038 0.000038 0.863629 0.000038 0.000038 0.000038 0.000038
91 91 (0) 5 : 0.104178 0.000036 0.000036 0.895608 0.000036 0.000036 0.000036 0.000036
92 92 (0) 5 : 0.394900 0.000029 0.000029 0.604926 0.000029 0.000029 0.000029 0.000029
93 93 (0) 5 : 0.264888 0.000040 0.000040 0.734871 0.000040 0.000040 0.000040 0.000040
94 94 (0) 5 : 0.184099 0.000030 0.000030 0.815721 0.000030 0.000030 0.000030 0.000030
95 95 (0) 5 : 0.118391 0.000039 0.000039 0.881377 0.000039 0.000039 0.000039 0.000039
96 96 (0) 5 : 0.150109 0.000034 0.000034 0.849686 0.000034 0.000034 0.000034 0.000034
97 97 (0) 6 : 0.999762 0.000034 0.000034 0.000034 0.000034 0.000034 0.000034 0.000034
98 98 (0) 6 : 0.999770 0.000033 0.000033 0.000033 0.000033 0.000033 0.000033 0.000033
99 99 (0) 6 : 0.999769 0.000033 0.000033 0.000033 0.000033 0.000033 0.000033 0.000033
100 100 (0) 6 : 0.999814 0.000027 0.000027 0.000027 0.000027 0.000027 0.000027 0.000027
101 101 (0) 6 : 0.999814 0.000027 0.000027 0.000027 0.000027 0.000027 0.000027 0.000027
102 102 (0) 6 : 0.999824 0.000025 0.000025 0.000025 0.000025 0.000025 0.000025 0.000025
103 103 (0) 6 : 0.999765 0.000034 0.000034 0.000034 0.000034 0.000034 0.000034 0.000034
104 104 (0) 6 : 0.999752 0.000035 0.000035 0.000036 0.000035 0.000035 0.000035 0.000035
105 105 (0) 6 : 0.999756 0.000035 0.000035 0.000035 0.000035 0.000035 0.000035 0.000035
106 106 (0) 6 : 0.999725 0.000039 0.000039 0.000039 0.000039 0.000039 0.000039 0.000039
107 107 (0) 6 : 0.999755 0.000035 0.000035 0.000035 0.000035 0.000035 0.000035 0.000035
108 108 (0) 6 : 0.999742 0.000037 0.000037 0.000037 0.000037 0.000037 0.000037 0.000037
109 109 (0) 6 : 0.999747 0.000036 0.000036 0.000036 0.000036 0.000036 0.000036 0.000036
110 110 (0) 2 : 0.000028 0.000028 0.000028 0.000028 0.999806 0.000028 0.000028 0.000028
111 111 (0) 2 : 0.000036 0.000036 0.000036 0.000036 0.999750 0.000036 0.000036 0.000036
112 112 (0) 2 : 0.000036 0.000036 0.000036 0.000036 0.999746 0.000036 0.000036 0.000036
113 113 (0) 2 : 0.000033 0.000033 0.000033 0.000033 0.999767 0.000033 0.000033 0.000033
114 114 (0) 2 : 0.000035 0.000035 0.000035 0.000035 0.999757 0.000035 0.000035 0.000035
115 115 (0) 3 : 0.999827 0.000025 0.000025 0.000025 0.000025 0.000025 0.000025 0.000025
1 1 (0) 1 : 0.000036 0.000036 0.000036 0.000036 0.999748 0.000036 0.000036 0.000036
2 2 (0) 1 : 0.000034 0.000034 0.000034 0.000034 0.999759 0.000034 0.000034 0.000034
3 3 (0) 1 : 0.000037 0.000037 0.000037 0.000037 0.999743 0.000037 0.000037 0.000037
4 4 (0) 1 : 0.000037 0.000037 0.000037 0.000037 0.999743 0.000037 0.000037 0.000037
5 5 (0) 1 : 0.000039 0.000039 0.000039 0.000039 0.999730 0.000039 0.000039 0.000039
6 6 (0) 1 : 0.000037 0.000037 0.000037 0.000037 0.999742 0.000037 0.000037 0.000037
7 7 (0) 1 : 0.000040 0.000040 0.000040 0.000040 0.999722 0.000040 0.000040 0.000040
8 8 (0) 1 : 0.000028 0.000028 0.000028 0.000028 0.999804 0.000028 0.000028 0.000028
9 9 (0) 1 : 0.000026 0.000026 0.000026 0.000026 0.999816 0.000026 0.000026 0.000026
10 10 (0) 1 : 0.000031 0.000031 0.000031 0.000031 0.999785 0.000031 0.000031 0.000031
11 11 (0) 1 : 0.000036 0.000036 0.000036 0.000036 0.999748 0.000036 0.000036 0.000036
12 12 (0) 1 : 0.000029 0.000029 0.000029 0.000029 0.999794 0.000029 0.000029 0.000029
13 13 (0) 1 : 0.000035 0.000035 0.000035 0.000035 0.999753 0.000035 0.000035 0.000035
14 14 (0) 1 : 0.000036 0.000036 0.000036 0.000036 0.999751 0.000036 0.000036 0.000036
15 15 (0) 1 : 0.000036 0.000036 0.000036 0.000036 0.999751 0.000036 0.000036 0.000036
16 16 (0) 1 : 0.000038 0.000038 0.000038 0.000038 0.999737 0.000038 0.000038 0.000038
17 17 (0) 1 : 0.000041 0.000041 0.000041 0.000041 0.999714 0.000041 0.000041 0.000041
18 18 (0) 2 : 0.000028 0.000028 0.000028 0.000028 0.999806 0.000028 0.000028 0.000028
19 19 (0) 2 : 0.000036 0.000036 0.000036 0.000036 0.999751 0.000036 0.000036 0.000036
20 20 (0) 3 : 0.000028 0.000028 0.000028 0.000028 0.999803 0.000028 0.000028 0.000028
21 21 (0) 3 : 0.000029 0.000029 0.000029 0.000029 0.999794 0.000029 0.000029 0.000029
22 22 (0) 2 : 0.000036 0.000036 0.000036 0.000036 0.999747 0.000036 0.000036 0.000036
23 23 (0) 2 : 0.000028 0.000028 0.000028 0.000028 0.999804 0.000028 0.000028 0.000028
24 24 (0) 2 : 0.000027 0.000027 0.000027 0.000027 0.999811 0.000027 0.000027 0.000027
25 25 (0) 4 : 0.000032 0.000032 0.000032 0.000032 0.000032 0.000032 0.000032 0.999773
26 26 (0) 4 : 0.000028 0.000028 0.000028 0.000028 0.000028 0.000028 0.000028 0.999801
27 27 (0) 4 : 0.000042 0.000042 0.000042 0.000042 0.000042 0.000042 0.000042 0.999707
28 28 (0) 4 : 0.000037 0.000037 0.000037 0.000037 0.000037 0.000037 0.000037 0.999743
29 29 (0) 4 : 0.000043 0.000043 0.000043 0.000043 0.000043 0.000043 0.000043 0.999698
30 30 (0) 4 : 0.000048 0.000048 0.000048 0.000048 0.150707 0.000048 0.000048 0.849003
31 31 (0) 4 : 0.000039 0.000039 0.000039 0.000039 0.000039 0.000039 0.000039 0.999725
32 32 (0) 4 : 0.000041 0.000041 0.000041 0.000041 0.000041 0.000041 0.000041 0.999712
33 33 (0) 4 : 0.000035 0.000035 0.000035 0.000035 0.000035 0.000035 0.000035 0.999754
34 34 (0) 4 : 0.000027 0.000027 0.000027 0.000027 0.000027 0.000027 0.000027 0.999811
35 35 (0) 4 : 0.000026 0.000026 0.000026 0.000026 0.000026 0.000026 0.000026 0.999818
36 36 (0) 4 : 0.000026 0.000026 0.000026 0.000026 0.000026 0.000026 0.000026 0.999817
37 37 (0) 4 : 0.000027 0.000027 0.000027 0.000027 0.000027 0.000027 0.000027 0.999814
38 38 (0) 4 : 0.000034 0.000034 0.000034 0.000034 0.000034 0.000034 0.000034 0.999765
39 39 (0) 4 : 0.000028 0.000028 0.000028 0.000028 0.000028 0.000028 0.000028 0.999805
40 40 (0) 4 : 0.000026 0.000026 0.999818 0.000026 0.000026 0.000026 0.000026 0.000026
41 41 (0) 4 : 0.000037 0.000037 0.000037 0.000037 0.000037 0.000037 0.000037 0.999740
42 42 (0) 4 : 0.000036 0.000036 0.000036 0.000036 0.000036 0.000036 0.000036 0.999749
43 43 (0) 4 : 0.000038 0.000038 0.000038 0.000038 0.000038 0.000038 0.000038 0.999737
44 44 (0) 4 : 0.000036 0.000036 0.000036 0.000036 0.000036 0.000036 0.000036 0.999747
45 45 (0) 4 : 0.000037 0.000037 0.000037 0.000037 0.000037 0.000037 0.000037 0.999744
46 46 (0) 4 : 0.000036 0.000036 0.000036 0.000036 0.053683 0.000036 0.000036 0.946101
47 47 (0) 4 : 0.000038 0.000038 0.000038 0.000038 0.000038 0.000038 0.000038 0.999737
48 48 (0) 4 : 0.000036 0.000036 0.000036 0.000036 0.118179 0.000036 0.000036 0.881607
49 49 (0) 4 : 0.000035 0.000035 0.000035 0.000035 0.000035 0.000035 0.000035 0.999756
50 50 (0) 4 : 0.000036 0.000036 0.000036 0.000036 0.000036 0.000036 0.000036 0.999750
51 51 (0) 1 : 0.000024 0.000024 0.000024 0.000024 0.999834 0.000024 0.000024 0.000024
52 52 (0) 1 : 0.000025 0.000025 0.000025 0.000025 0.999825 0.000025 0.000025 0.000025
53 53 (0) 1 : 0.000040 0.000040 0.034267 0.000040 0.965493 0.000040 0.000040 0.000040
54 54 (0) 1 : 0.000028 0.000028 0.096782 0.000028 0.903052 0.000028 0.000028 0.000028
55 55 (0) 1 : 0.000043 0.000043 0.036067 0.000043 0.963675 0.000043 0.000043 0.000043
56 56 (0) 1 : 0.000027 0.000027 0.097285 0.000027 0.902554 0.000027 0.000027 0.000027
57 57 (0) 1 : 0.000026 0.000026 0.055130 0.000026 0.944716 0.000026 0.000026 0.000026
58 58 (0) 1 : 0.000035 0.000035 0.037102 0.000035 0.962690 0.000035 0.000035 0.000035
59 59 (0) 1 : 0.000034 0.000034 0.000034 0.000034 0.999764 0.000034 0.000034 0.000034
60 60 (0) 1 : 0.000035 0.000035 0.000035 0.000035 0.999756 0.000035 0.000035 0.000035
61 61 (0) 1 : 0.000024 0.000024 0.000024 0.000024 0.999830 0.000024 0.000024 0.000024
62 62 (0) 1 : 0.000031 0.000031 0.000031 0.000031 0.999784 0.000031 0.000031 0.000031
63 63 (0) 1 : 0.000032 0.000032 0.000032 0.000032 0.999773 0.000032 0.000032 0.000032
64 64 (0) 1 : 0.000036 0.000036 0.000036 0.000036 0.999747 0.000036 0.000036 0.000036
65 65 (0) 1 : 0.000035 0.000035 0.000035 0.000035 0.999752 0.000035 0.000035 0.000035
66 66 (0) 1 : 0.000039 0.000039 0.000039 0.000039 0.999724 0.000039 0.000039 0.000039
67 67 (0) 1 : 0.000035 0.000035 0.000035 0.000035 0.999757 0.000035 0.000035 0.000035
68 68 (0) 1 : 0.000040 0.000040 0.000040 0.000040 0.999719 0.000040 0.000040 0.000040
69 69 (0) 1 : 0.000043 0.000043 0.000043 0.000043 0.999700 0.000043 0.000043 0.000043
70 70 (0) 1 : 0.000033 0.000033 0.000033 0.000033 0.999770 0.000033 0.000033 0.000033
71 71 (0) 1 : 0.000038 0.000038 0.000038 0.000038 0.999732 0.000038 0.000038 0.000038
72 72 (0) 1 : 0.000037 0.000037 0.000037 0.000037 0.999738 0.000037 0.000037 0.000037
73 73 (0) 1 : 0.000035 0.000035 0.000035 0.000035 0.999756 0.000035 0.000035 0.000035
74 74 (0) 1 : 0.000025 0.000025 0.000025 0.000025 0.999827 0.000025 0.000025 0.000025
75 75 (0) 1 : 0.000024 0.000024 0.000024 0.000024 0.999830 0.000024 0.000024 0.000024
76 76 (0) 1 : 0.000048 0.000048 0.000048 0.000048 0.999664 0.000048 0.000048 0.000048
77 77 (0) 1 : 0.000038 0.000038 0.000038 0.000038 0.999736 0.000038 0.000038 0.000038
78 78 (0) 1 : 0.000037 0.000037 0.000037 0.000037 0.999741 0.000037 0.000037 0.000037
79 79 (0) 1 : 0.000031 0.000031 0.038046 0.000031 0.961769 0.000031 0.000031 0.000031
80 80 (0) 1 : 0.000024 0.000024 0.000024 0.000024 0.999830 0.000024 0.000024 0.000024
81 81 (0) 1 : 0.000024 0.000024 0.000024 0.000024 0.999830 0.000024 0.000024 0.000024
82 82 (0) 1 : 0.000027 0.000027 0.000027 0.000027 0.999809 0.000027 0.000027 0.000027
83 83 (0) 1 : 0.000035 0.000035 0.000035 0.000035 0.999753 0.000035 0.000035 0.000035
84 84 (0) 1 : 0.000048 0.000048 0.000048 0.000048 0.999664 0.000048 0.000048 0.000048
85 85 (0) 1 : 0.000025 0.000025 0.000025 0.000025 0.999827 0.000025 0.000025 0.000025
86 86 (0) 1 : 0.000024 0.000024 0.000024 0.000024 0.999830 0.000024 0.000024 0.000024
87 87 (0) 5 : 0.000038 0.000038 0.000038 0.000038 0.569689 0.000038 0.000038 0.430085
88 88 (0) 5 : 0.000033 0.000033 0.000033 0.000033 0.351309 0.000033 0.000033 0.648495
89 89 (0) 5 : 0.000026 0.000026 0.000026 0.000026 0.488158 0.000026 0.000026 0.511689
90 90 (0) 5 : 0.000038 0.000038 0.000038 0.000038 0.155656 0.000038 0.000038 0.844118
91 91 (0) 5 : 0.000036 0.000036 0.000036 0.000036 0.134030 0.000036 0.000036 0.865756
92 92 (0) 5 : 0.000029 0.000029 0.000029 0.000029 0.415060 0.000029 0.000029 0.584766
93 93 (0) 5 : 0.000040 0.000040 0.000040 0.000040 0.277160 0.000040 0.000040 0.722599
94 94 (0) 5 : 0.000030 0.000030 0.000030 0.000030 0.160843 0.000030 0.000030 0.838978
95 95 (0) 5 : 0.000039 0.000039 0.000039 0.000039 0.165544 0.000039 0.000039 0.834224
96 96 (0) 5 : 0.000034 0.000034 0.000034 0.000034 0.176744 0.000034 0.000034 0.823050
97 97 (0) 6 : 0.000034 0.000034 0.000034 0.000034 0.999762 0.000034 0.000034 0.000034
98 98 (0) 6 : 0.000033 0.000033 0.000033 0.000033 0.999770 0.000033 0.000033 0.000033
99 99 (0) 6 : 0.000033 0.000033 0.000033 0.000033 0.999769 0.000033 0.000033 0.000033
100 100 (0) 6 : 0.000027 0.000027 0.000027 0.000027 0.999814 0.000027 0.000027 0.000027
101 101 (0) 6 : 0.000027 0.000027 0.000027 0.000027 0.999814 0.000027 0.000027 0.000027
102 102 (0) 6 : 0.000025 0.000025 0.000025 0.000025 0.999824 0.000025 0.000025 0.000025
103 103 (0) 6 : 0.000034 0.000034 0.000034 0.000034 0.999765 0.000034 0.000034 0.000034
104 104 (0) 6 : 0.000035 0.000035 0.000035 0.000035 0.999752 0.000035 0.000035 0.000036
105 105 (0) 6 : 0.000035 0.000035 0.000035 0.000035 0.999756 0.000035 0.000035 0.000035
106 106 (0) 6 : 0.000039 0.000039 0.000039 0.000039 0.999725 0.000039 0.000039 0.000039
107 107 (0) 6 : 0.000035 0.000035 0.000035 0.000035 0.999755 0.000035 0.000035 0.000035
108 108 (0) 6 : 0.000037 0.000037 0.000037 0.000037 0.999742 0.000037 0.000037 0.000037
109 109 (0) 6 : 0.000036 0.000036 0.000036 0.000036 0.999747 0.000036 0.000036 0.000036
110 110 (0) 2 : 0.000028 0.000028 0.000028 0.000028 0.999806 0.000028 0.000028 0.000028
111 111 (0) 2 : 0.000036 0.000036 0.000036 0.000036 0.999750 0.000036 0.000036 0.000036
112 112 (0) 2 : 0.000036 0.000036 0.000036 0.000036 0.999746 0.000036 0.000036 0.000036
113 113 (0) 2 : 0.000033 0.000033 0.000033 0.000033 0.999767 0.000033 0.000033 0.000033
114 114 (0) 2 : 0.000035 0.000035 0.000035 0.000035 0.999757 0.000035 0.000035 0.000035
115 115 (0) 3 : 0.000025 0.000025 0.000025 0.000025 0.999827 0.000025 0.000025 0.000025
