1 1 (0) 1 : 0.000119 0.000105 0.999776
2 2 (0) 1 : 0.000113 0.000100 0.999787
3 3 (0) 1 : 0.000123 0.000106 0.999771
4 4 (0) 1 : 0.000122 0.000108 0.999770
5 5 (0) 1 : 0.000126 0.000113 0.999761
6 6 (0) 1 : 0.000123 0.000108 0.999770
7 7 (0) 1 : 0.000131 0.000115 0.999755
8 8 (0) 1 : 0.000091 0.000081 0.999828
9 9 (0) 1 : 0.000086 0.000076 0.999838
10 10 (0) 1 : 0.000101 0.000089 0.999810
11 11 (0) 1 : 0.000118 0.000104 0.999778
12 12 (0) 1 : 0.000095 0.000085 0.999820
13 13 (0) 1 : 0.000115 0.000102 0.999783
14 14 (0) 1 : 0.000117 0.000102 0.999781
15 15 (0) 1 : 0.000117 0.000103 0.999780
16 16 (0) 1 : 0.000123 0.000109 0.999768
17 17 (0) 1 : 0.000133 0.000117 0.999750
18 18 (0) 2 : 0.000092 0.000083 0.999825
19 19 (0) 2 : 0.000120 0.000107 0.999773
20 20 (0) 3 : 0.000093 0.000084 0.999824
21 21 (0) 3 : 0.000096 0.000088 0.999816
22 22 (0) 2 : 0.000122 0.000110 0.999767
23 23 (0) 2 : 0.000094 0.000085 0.999821
24 24 (0) 2 : 0.000091 0.000080 0.999829
25 25 (0) 4 : 0.999797 0.000093 0.000110
26 26 (0) 4 : 0.999821 0.000085 0.000094
27 27 (0) 4 : 0.999739 0.000121 0.000140
28 28 (0) 4 : 0.999772 0.000105 0.000123
29 29 (0) 4 : 0.999730 0.000125 0.000145
30 30 (0) 4 : 0.906324 0.000144 0.093532
31 31 (0) 4 : 0.999756 0.000113 0.000131
32 32 (0) 4 : 0.999742 0.000119 0.000139
33 33 (0) 4 : 0.999783 0.000101 0.000117
34 34 (0) 4 : 0.999831 0.000078 0.000091
35 35 (0) 4 : 0.999836 0.000075 0.000089
36 36 (0) 4 : 0.999838 0.000075 0.000087
37 37 (0) 4 : 0.999835 0.000076 0.000089
38 38 (0) 4 : 0.999792 0.000097 0.000111
39 39 (0) 4 : 0.999827 0.000080 0.000093
40 40 (0) 4 : 0.999838 0.000075 0.000087
41 41 (0) 4 : 0.999770 0.000107 0.000123
42 42 (0) 4 : 0.999777 0.000103 0.000120
43 43 (0) 4 : 0.999767 0.000108 0.000125
44 44 (0) 4 : 0.999775 0.000104 0.000121
45 45 (0) 4 : 0.999773 0.000105 0.000122
46 46 (0) 4 : 0.999769 0.000107 0.000124
47 47 (0) 4 : 0.999767 0.000108 0.000125
48 48 (0) 4 : 0.933815 0.000105 0.066081
49 49 (0) 4 : 0.999784 0.000101 0.000115
50 50 (0) 4 : 0.999778 0.000103 0.000119
51 51 (0) 1 : 0.000078 0.000070 0.999852
52 52 (0) 1 : 0.000082 0.000074 0.999843
53 53 (0) 1 : 0.000139 0.000126 0.999736
54 54 (0) 1 : 0.000115 0.000089 0.999796
55 55 (0) 1 : 0.279037 0.000133 0.720830
56 56 (0) 1 : 0.489309 0.000081 0.510610
57 57 (0) 1 : 0.371827 0.000077 0.628097
58 58 (0) 1 : 0.330394 0.000104 0.669502
59 59 (0) 1 : 0.000115 0.000110 0.999775
60 60 (0) 1 : 0.000114 0.000101 0.999785
61 61 (0) 1 : 0.000080 0.000071 0.999850
62 62 (0) 1 : 0.000104 0.000092 0.999805
63 63 (0) 1 : 0.000109 0.000096 0.999795
64 64 (0) 1 : 0.000118 0.000104 0.999777
65 65 (0) 1 : 0.000116 0.000101 0.999782
66 66 (0) 1 : 0.000129 0.000115 0.999756
67 67 (0) 1 : 0.000113 0.000100 0.999787
68 68 (0) 1 : 0.000132 0.000116 0.999752
69 69 (0) 1 : 0.000141 0.000126 0.999733
70 70 (0) 1 : 0.000107 0.000094 0.999799
71 71 (0) 1 : 0.000127 0.000113 0.999760
72 72 (0) 1 : 0.000123 0.000108 0.999769
73 73 (0) 1 : 0.000114 0.000100 0.999786
74 74 (0) 1 : 0.000080 0.000071 0.999848
75 75 (0) 1 : 0.000079 0.000070 0.999851
76 76 (0) 1 : 0.000159 0.000140 0.999701
77 77 (0) 1 : 0.000124 0.000109 0.999767
78 78 (0) 1 : 0.000122 0.000108 0.999770
79 79 (0) 1 : 0.000106 0.000093 0.999801
80 80 (0) 1 : 0.000079 0.000071 0.999849
81 81 (0) 1 : 0.000080 0.000072 0.999849
82 82 (0) 1 : 0.000089 0.000081 0.999830
83 83 (0) 1 : 0.000118 0.000106 0.999775
84 84 (0) 1 : 0.000162 0.000147 0.999691
85 85 (0) 1 : 0.000081 0.000072 0.999848
86 86 (0) 1 : 0.000079 0.000071 0.999850
87 87 (0) 5 : 0.709463 0.000111 0.290426
88 88 (0) 5 : 0.658240 0.000096 0.341664
89 89 (0) 5 : 0.552978 0.000075 0.446947
90 90 (0) 5 : 0.837761 0.000110 0.162129
91 91 (0) 5 : 0.999773 0.000105 0.000122
92 92 (0) 5 : 0.630537 0.000085 0.369377
93 93 (0) 5 : 0.815374 0.000118 0.184507
94 94 (0) 5 : 0.776332 0.000088 0.223580
95 95 (0) 5 : 0.999755 0.000113 0.000132
96 96 (0) 5 : 0.884971 0.000101 0.114928
97 97 (0) 6 : 0.000112 0.000100 0.999788
98 98 (0) 6 : 0.000108 0.000096 0.999796
99 99 (0) 6 : 0.000109 0.000096 0.999795
100 100 (0) 6 : 0.000087 0.000078 0.999835
101 101 (0) 6 : 0.000088 0.000077 0.999835
102 102 (0) 6 : 0.000082 0.000072 0.999845
103 103 (0) 6 : 0.000111 0.000098 0.999791
104 104 (0) 6 : 0.000117 0.000102 0.999781
105 105 (0) 6 : 0.000118 0.000101 0.999781
106 106 (0) 6 : 0.000131 0.000115 0.999755
107 107 (0) 6 : 0.000116 0.000101 0.999783
108 108 (0) 6 : 0.000122 0.000107 0.999771
109 109 (0) 6 : 0.000122 0.000106 0.999772
110 110 (0) 2 : 0.003276 0.000085 0.996640
111 111 (0) 2 : 0.000121 0.000111 0.999769
112 112 (0) 2 : 0.000122 0.000109 0.999769
113 113 (0) 2 : 0.000112 0.000102 0.999786
114 114 (0) 2 : 0.000117 0.000103 0.999780
115 115 (0) 3 : 0.000081 0.000074 0.999844
1 1 (0) 1 : 0.000105 0.000119 0.999776
2 2 (0) 1 : 0.000100 0.000113 0.999787
3 3 (0) 1 : 0.000106 0.000123 0.999771
4 4 (0) 1 : 0.000108 0.000122 0.999770
5 5 (0) 1 : 0.000113 0.000126 0.999761
6 6 (0) 1 : 0.000108 0.000123 0.999770
7 7 (0) 1 : 0.000115 0.000131 0.999755
8 8 (0) 1 : 0.000081 0.000091 0.999828
9 9 (0) 1 : 0.000076 0.000086 0.999838
10 10 (0) 1 : 0.000089 0.000101 0.999810
11 11 (0) 1 : 0.000104 0.000118 0.999778
12 12 (0) 1 : 0.000085 0.000095 0.999820
13 13 (0) 1 : 0.000102 0.000115 0.999783
14 14 (0) 1 : 0.000103 0.000116 0.999781
15 15 (0) 1 : 0.000103 0.000117 0.999781
16 16 (0) 1 : 0.000109 0.000123 0.999768
17 17 (0) 1 : 0.000117 0.000133 0.999750
18 18 (0) 2 : 0.000083 0.000092 0.999825
19 19 (0) 2 : 0.000107 0.000120 0.999773
20 20 (0) 3 : 0.000084 0.000092 0.999824
21 21 (0) 3 : 0.000088 0.000096 0.999816
22 22 (0) 2 : 0.000110 0.000122 0.999767
23 23 (0) 2 : 0.000085 0.000094 0.999821
24 24 (0) 2 : 0.000080 0.000090 0.999829
25 25 (0) 4 : 0.000093 0.999797 0.000109
26 26 (0) 4 : 0.000085 0.999821 0.000094
27 27 (0) 4 : 0.000121 0.999739 0.000140
28 28 (0) 4 : 0.000105 0.999772 0.000123
29 29 (0) 4 : 0.000125 0.999730 0.000145
30 30 (0) 4 : 0.000144 0.901190 0.098666
31 31 (0) 4 : 0.000113 0.999756 0.000131
32 32 (0) 4 : 0.000119 0.999742 0.000139
33 33 (0) 4 : 0.000101 0.999783 0.000117
34 34 (0) 4 : 0.000078 0.999831 0.000091
35 35 (0) 4 : 0.000075 0.999836 0.000089
36 36 (0) 4 : 0.000075 0.999838 0.000087
37 37 (0) 4 : 0.000076 0.999835 0.000089
38 38 (0) 4 : 0.000097 0.999792 0.000111
39 39 (0) 4 : 0.000080 0.999827 0.000093
40 40 (0) 4 : 0.000075 0.999838 0.000087
41 41 (0) 4 : 0.000107 0.999770 0.000124
42 42 (0) 4 : 0.000103 0.999777 0.000120
43 43 (0) 4 : 0.000108 0.999767 0.000125
44 44 (0) 4 : 0.000104 0.999775 0.000121
45 45 (0) 4 : 0.000105 0.999773 0.000122
46 46 (0) 4 : 0.000107 0.999768 0.000125
47 47 (0) 4 : 0.000108 0.999767 0.000125
48 48 (0) 4 : 0.000105 0.933430 0.066466
49 49 (0) 4 : 0.000101 0.999784 0.000115
50 50 (0) 4 : 0.000103 0.999778 0.000119
51 51 (0) 1 : 0.000070 0.000078 0.999852
52 52 (0) 1 : 0.000074 0.000082 0.999843
53 53 (0) 1 : 0.000126 0.000138 0.999736
54 54 (0) 1 : 0.000088 0.000105 0.999807
55 55 (0) 1 : 0.000133 0.214385 0.785482
56 56 (0) 1 : 0.000081 0.422927 0.576992
57 57 (0) 1 : 0.000078 0.000095 0.999827
58 58 (0) 1 : 0.000104 0.248359 0.751537
59 59 (0) 1 : 0.000110 0.000115 0.999775
60 60 (0) 1 : 0.000101 0.000114 0.999785
61 61 (0) 1 : 0.000071 0.000079 0.999850
62 62 (0) 1 : 0.000092 0.000103 0.999805
63 63 (0) 1 : 0.000096 0.000108 0.999796
64 64 (0) 1 : 0.000104 0.000118 0.999777
65 65 (0) 1 : 0.000101 0.000116 0.999783
66 66 (0) 1 : 0.000115 0.000129 0.999756
67 67 (0) 1 : 0.000100 0.000113 0.999787
68 68 (0) 1 : 0.000116 0.000132 0.999752
69 69 (0) 1 : 0.000126 0.000141 0.999733
70 70 (0) 1 : 0.000094 0.000107 0.999799
71 71 (0) 1 : 0.000113 0.000127 0.999760
72 72 (0) 1 : 0.000108 0.000123 0.999769
73 73 (0) 1 : 0.000100 0.000114 0.999786
74 74 (0) 1 : 0.000071 0.000080 0.999848
75 75 (0) 1 : 0.000070 0.000079 0.999851
76 76 (0) 1 : 0.000140 0.000159 0.999701
77 77 (0) 1 : 0.000109 0.000124 0.999767
78 78 (0) 1 : 0.000108 0.000122 0.999770
79 79 (0) 1 : 0.000093 0.000105 0.999802
80 80 (0) 1 : 0.000071 0.000079 0.999849
81 81 (0) 1 : 0.000072 0.000080 0.999849
82 82 (0) 1 : 0.000081 0.000089 0.999830
83 83 (0) 1 : 0.000106 0.000118 0.999775
84 84 (0) 1 : 0.000147 0.000161 0.999692
85 85 (0) 1 : 0.000072 0.000081 0.999847
86 86 (0) 1 : 0.000071 0.000079 0.999850
87 87 (0) 5 : 0.000111 0.700255 0.299635
88 88 (0) 5 : 0.000096 0.653790 0.346114
89 89 (0) 5 : 0.000075 0.552250 0.447675
90 90 (0) 5 : 0.000110 0.816432 0.183458
91 91 (0) 5 : 0.000105 0.925535 0.074360
92 92 (0) 5 : 0.000085 0.622111 0.377803
93 93 (0) 5 : 0.000118 0.804969 0.194913
94 94 (0) 5 : 0.000088 0.772450 0.227461
95 95 (0) 5 : 0.000114 0.999754 0.000132
96 96 (0) 5 : 0.000101 0.871859 0.128041
97 97 (0) 6 : 0.000100 0.000112 0.999788
98 98 (0) 6 : 0.000096 0.000108 0.999796
99 99 (0) 6 : 0.000096 0.000109 0.999795
100 100 (0) 6 : 0.000078 0.000087 0.999835
101 101 (0) 6 : 0.000077 0.000088 0.999835
102 102 (0) 6 : 0.000072 0.000082 0.999845
103 103 (0) 6 : 0.000098 0.000111 0.999791
104 104 (0) 6 : 0.000102 0.000117 0.999781
105 105 (0) 6 : 0.000101 0.000118 0.999781
106 106 (0) 6 : 0.000115 0.000131 0.999755
107 107 (0) 6 : 0.000101 0.000116 0.999783
108 108 (0) 6 : 0.000107 0.000122 0.999771
109 109 (0) 6 : 0.000106 0.000122 0.999772
110 110 (0) 2 : 0.000085 0.000094 0.999822
111 111 (0) 2 : 0.000111 0.000121 0.999768
112 112 (0) 2 : 0.000109 0.000123 0.999768
113 113 (0) 2 : 0.000102 0.000112 0.999786
114 114 (0) 2 : 0.000103 0.000117 0.999780
115 115 (0) 3 : 0.000075 0.000081 0.999844
