1 1 (0) 1 : 0.999741 0.000029 0.000029 0.000029 0.000029 0.000029 0.000029 0.000029 0.000029 0.000029
2 2 (0) 1 : 0.999752 0.000027 0.000028 0.000028 0.000027 0.000027 0.000027 0.000028 0.000027 0.000027
3 3 (0) 1 : 0.999737 0.000029 0.000029 0.000029 0.000029 0.000029 0.000029 0.000029 0.000029 0.000029
4 4 (0) 1 : 0.999735 0.000029 0.000029 0.000029 0.000029 0.000029 0.000029 0.000029 0.000029 0.000029
5 5 (0) 1 : 0.999725 0.000031 0.000031 0.000031 0.000031 0.000031 0.000031 0.000031 0.000031 0.000031
6 6 (0) 1 : 0.999734 0.000030 0.000030 0.000030 0.000030 0.000030 0.000030 0.000030 0.000030 0.000030
7 7 (0) 1 : 0.999715 0.000032 0.000032 0.000032 0.000032 0.000032 0.000032 0.000032 0.000032 0.000032
8 8 (0) 1 : 0.999799 0.000022 0.000022 0.000022 0.000022 0.000022 0.000022 0.000022 0.000022 0.000022
9 9 (0) 1 : 0.999811 0.000021 0.000021 0.000021 0.000021 0.000021 0.000021 0.000021 0.000021 0.000021
10 10 (0) 1 : 0.999779 0.000025 0.000025 0.000025 0.000025 0.000025 0.000025 0.000025 0.000025 0.000025
11 11 (0) 1 : 0.999743 0.000029 0.000029 0.000029 0.000029 0.000029 0.000029 0.000029 0.000029 0.000029
12 12 (0) 1 : 0.999789 0.000023 0.000023 0.000023 0.000023 0.000023 0.000023 0.000023 0.000023 0.000023
13 13 (0) 1 : 0.999747 0.000028 0.000028 0.000028 0.000028 0.000028 0.000028 0.000028 0.000028 0.000028
14 14 (0) 1 : 0.999745 0.000028 0.000028 0.000028 0.000028 0.000028 0.000028 0.000028 0.000028 0.000028
15 15 (0) 1 : 0.999744 0.000028 0.000028 0.000028 0.000028 0.000028 0.000028 0.000028 0.000028 0.000028
16 16 (0) 1 : 0.999730 0.000030 0.000030 0.000030 0.000030 0.000030 0.000030 0.000030 0.000030 0.000030
17 17 (0) 1 : 0.999707 0.000033 0.000033 0.000033 0.000033 0.000033 0.000033 0.000033 0.000033 0.000033
18 18 (0) 2 : 0.000022 0.000022 0.999801 0.000022 0.000022 0.000022 0.000022 0.000022 0.000022 0.000022
19 19 (0) 2 : 0.000028 0.000028 0.999744 0.000028 0.000028 0.000028 0.000028 0.000028 0.000028 0.000028
20 20 (0) 3 : 0.965488 0.000022 0.034332 0.000022 0.000022 0.000022 0.000022 0.000022 0.000022 0.000022
21 21 (0) 3 : 0.982859 0.000023 0.016954 0.000023 0.000023 0.000023 0.000023 0.000023 0.000023 0.000023
22 22 (0) 2 : 0.000029 0.000029 0.999740 0.000029 0.000029 0.000029 0.000029 0.000029 0.000029 0.000029
23 23 (0) 2 : 0.000022 0.000022 0.999799 0.000022 0.000022 0.000022 0.000022 0.000022 0.000022 0.000022
24 24 (0) 2 : 0.000022 0.000022 0.999805 0.000022 0.000022 0.000022 0.000022 0.000022 0.000022 0.000022
25 25 (0) 4 : 0.000026 0.000026 0.000026 0.000026 0.000026 0.000026 0.000026 0.999767 0.000026 0.000026
26 26 (0) 4 : 0.000023 0.000023 0.000023 0.000023 0.000023 0.000023 0.000023 0.999796 0.000023 0.000023
27 27 (0) 4 : 0.000033 0.000033 0.000033 0.000033 0.000033 0.000033 0.000033 0.999699 0.000033 0.000033
28 28 (0) 4 : 0.000029 0.000029 0.000029 0.000029 0.000029 0.000029 0.000029 0.999735 0.000029 0.000029
29 29 (0) 4 : 0.000034 0.000034 0.000034 0.000034 0.000034 0.000034 0.000034 0.999690 0.000034 0.000034
30 30 (0) 4 : 0.083856 0.000039 0.000039 0.000039 0.000039 0.000039 0.000039 0.915836 0.000039 0.000039
31 31 (0) 4 : 0.000031 0.000031 0.000031 0.000031 0.000031 0.000031 0.000031 0.999717 0.000031 0.000031
32 32 (0) 4 : 0.000033 0.000033 0.000033 0.000033 0.000033 0.000033 0.000033 0.999704 0.000033 0.000033
33 33 (0) 4 : 0.000028 0.000028 0.000028 0.000028 0.000028 0.000028 0.000028 0.999747 0.000028 0.000028
34 34 (0) 4 : 0.000022 0.000022 0.000022 0.000022 0.000022 0.000022 0.000022 0.999805 0.000022 0.000022
35 35 (0) 4 : 0.141543 0.000021 0.000021 0.000021 0.000021 0.000021 0.000021 0.858290 0.000021 0.000021
36 36 (0) 4 : 0.000021 0.000021 0.000021 0.000021 0.000021 0.000021 0.000021 0.999812 0.000021 0.000021
37 37 (0) 4 : 0.000021 0.000021 0.000021 0.000021 0.000021 0.000021 0.000021 0.999809 0.000021 0.000021
38 38 (0) 4 : 0.000027 0.000027 0.000027 0.000027 0.000027 0.000027 0.000027 0.999758 0.000027 0.000027
39 39 (0) 4 : 0.000022 0.000022 0.000022 0.000022 0.000022 0.000022 0.000022 0.999800 0.000022 0.000022
40 40 (0) 4 : 0.000021 0.000021 0.000021 0.000021 0.000021 0.000021 0.000021 0.999813 0.000021 0.000021
41 41 (0) 4 : 0.000030 0.000030 0.000030 0.000030 0.000030 0.000030 0.000030 0.999733 0.000030 0.000030
42 42 (0) 4 : 0.000029 0.000029 0.000029 0.000029 0.000029 0.000029 0.000029 0.999742 0.000029 0.000029
43 43 (0) 4 : 0.000030 0.000030 0.000030 0.000030 0.000030 0.000030 0.000030 0.999731 0.000030 0.000030
44 44 (0) 4 : 0.000029 0.000029 0.000029 0.000029 0.000029 0.000029 0.000029 0.999741 0.000029 0.000029
45 45 (0) 4 : 0.000029 0.000029 0.000029 0.000029 0.000029 0.000029 0.000029 0.999737 0.000029 0.000029
46 46 (0) 4 : 0.000029 0.000029 0.000029 0.000029 0.000029 0.000029 0.000029 0.999740 0.000029 0.000029
47 47 (0) 4 : 0.000030 0.000030 0.000030 0.000030 0.000030 0.000030 0.000030 0.999730 0.000030 0.000030
48 48 (0) 4 : 0.000028 0.000028 0.000028 0.000028 0.000028 0.000028 0.000028 0.999745 0.000028 0.000028
49 49 (0) 4 : 0.000028 0.000028 0.000028 0.000028 0.000028 0.000028 0.000028 0.999750 0.000028 0.000028
50 50 (0) 4 : 0.000029 0.000029 0.000029 0.000029 0.000029 0.000029 0.000029 0.999743 0.000029 0.000029
51 51 (0) 1 : 0.999830 0.000019 0.000019 0.000019 0.000019 0.000019 0.000019 0.000019 0.000019 0.000019
52 52 (0) 1 : 0.999820 0.000020 0.000020 0.000020 0.000020 0.000020 0.000020 0.000020 0.000020 0.000020
53 53 (0) 1 : 0.957852 0.000032 0.000032 0.000032 0.000032 0.000032 0.000032 0.041891 0.000032 0.000032
54 54 (0) 1 : 0.467027 0.000022 0.000022 0.000022 0.000022 0.000022 0.000022 0.532796 0.000022 0.000022
55 55 (0) 1 : 0.641771 0.000034 0.000034 0.000034 0.000034 0.000034 0.000034 0.357955 0.000034 0.000034
56 56 (0) 1 : 0.448548 0.000021 0.000021 0.000021 0.000021 0.000021 0.000021 0.551280 0.000021 0.000021
57 57 (0) 1 : 0.510388 0.000020 0.000021 0.000021 0.000020 0.000020 0.000020 0.489448 0.000020 0.000020
58 58 (0) 1 : 0.587095 0.000028 0.000028 0.000028 0.000028 0.000028 0.000028 0.412683 0.000028 0.000028
59 59 (0) 1 : 0.999758 0.000027 0.000027 0.000027 0.000027 0.000027 0.000027 0.000027 0.000027 0.000027
60 60 (0) 1 : 0.999750 0.000028 0.000028 0.000028 0.000028 0.000028 0.000028 0.000028 0.000028 0.000028
61 61 (0) 1 : 0.999825 0.000019 0.000019 0.000019 0.000019 0.000019 0.000019 0.000019 0.000019 0.000019
62 62 (0) 1 : 0.816485 0.000025 0.000025 0.000025 0.000025 0.000025 0.000025 0.183317 0.000025 0.000025
63 63 (0) 1 : 0.895100 0.000026 0.000026 0.000026 0.000026 0.000026 0.000026 0.104693 0.000026 0.000026
64 64 (0) 1 : 0.999741 0.000029 0.000029 0.000029 0.000029 0.000029 0.000029 0.000029 0.000029 0.000029
65 65 (0) 1 : 0.999746 0.000028 0.000028 0.000028 0.000028 0.000028 0.000028 0.000028 0.000028 0.000028
66 66 (0) 1 : 0.999718 0.000031 0.000031 0.000031 0.000031 0.000031 0.000031 0.000031 0.000031 0.000031
67 67 (0) 1 : 0.999751 0.000028 0.000028 0.000028 0.000028 0.000028 0.000028 0.000028 0.000028 0.000028
68 68 (0) 1 : 0.999712 0.000032 0.000032 0.000032 0.000032 0.000032 0.000032 0.000032 0.000032 0.000032
69 69 (0) 1 : 0.999692 0.000034 0.000034 0.000034 0.000034 0.000034 0.000034 0.000034 0.000034 0.000034
70 70 (0) 1 : 0.999765 0.000026 0.000026 0.000026 0.000026 0.000026 0.000026 0.000026 0.000026 0.000026
71 71 (0) 1 : 0.999725 0.000031 0.000031 0.000031 0.000031 0.000031 0.000031 0.000031 0.000031 0.000031
72 72 (0) 1 : 0.999731 0.000030 0.000030 0.000030 0.000030 0.000030 0.000030 0.000030 0.000030 0.000030
73 73 (0) 1 : 0.999749 0.000028 0.000028 0.000028 0.000028 0.000028 0.000028 0.000028 0.000028 0.000028
74 74 (0) 1 : 0.999822 0.000020 0.000020 0.000020 0.000020 0.000020 0.000020 0.000020 0.000020 0.000020
75 75 (0) 1 : 0.999825 0.000019 0.000019 0.000019 0.000019 0.000019 0.000019 0.000019 0.000019 0.000019
76 76 (0) 1 : 0.999655 0.000038 0.000038 0.000038 0.000038 0.000038 0.000038 0.000038 0.000038 0.000038
77 77 (0) 1 : 0.999729 0.000030 0.000030 0.000030 0.000030 0.000030 0.000030 0.000030 0.000030 0.000030
78 78 (0) 1 : 0.999733 0.000030 0.000030 0.000030 0.000030 0.000030 0.000030 0.000030 0.000030 0.000030
79 79 (0) 1 : 0.733124 0.000025 0.000025 0.000025 0.000025 0.000025 0.000025 0.266679 0.000025 0.000025
80 80 (0) 1 : 0.999826 0.000019 0.000019 0.000019 0.000019 0.000019 0.000019 0.000019 0.000019 0.000019
81 81 (0) 1 : 0.999825 0.000019 0.000019 0.000019 0.000019 0.000019 0.000019 0.000019 0.000019 0.000019
82 82 (0) 1 : 0.999804 0.000022 0.000022 0.000022 0.000022 0.000022 0.000022 0.000022 0.000022 0.000022
83 83 (0) 1 : 0.858096 0.000028 0.000028 0.141679 0.000028 0.000028 0.000028 0.000028 0.000028 0.000028
84 84 (0) 1 : 0.999655 0.000038 0.000038 0.000038 0.000038 0.000038 0.000038 0.000038 0.000038 0.000038
85 85 (0) 1 : 0.999822 0.000020 0.000020 0.000020 0.000020 0.000020 0.000020 0.000020 0.000020 0.000020
86 86 (0) 1 : 0.999825 0.000019 0.000019 0.000019 0.000019 0.000019 0.000019 0.000019 0.000019 0.000019
87 87 (0) 5 : 0.999729 0.000030 0.000030 0.000030 0.000030 0.000030 0.000030 0.000030 0.000030 0.000030
88 88 (0) 5 : 0.000026 0.000026 0.000026 0.000026 0.000026 0.000026 0.000026 0.999767 0.000026 0.000026
89 89 (0) 5 : 0.999817 0.000020 0.000020 0.000020 0.000020 0.000020 0.000020 0.000020 0.000020 0.000020
90 90 (0) 5 : 0.000030 0.000030 0.000030 0.000030 0.000030 0.000030 0.000030 0.999731 0.000030 0.000030
91 91 (0) 5 : 0.000028 0.000028 0.000028 0.000028 0.000028 0.000028 0.000028 0.999745 0.000028 0.000028
92 92 (0) 5 : 0.367024 0.000023 0.000023 0.000023 0.000023 0.000023 0.000023 0.632792 0.000023 0.000023
93 93 (0) 5 : 0.000032 0.000032 0.000032 0.000032 0.000032 0.000032 0.000032 0.999713 0.000032 0.000032
94 94 (0) 5 : 0.000024 0.000024 0.000024 0.000024 0.000024 0.000024 0.000024 0.999784 0.000024 0.000024
95 95 (0) 5 : 0.000031 0.000031 0.000031 0.000031 0.000031 0.000031 0.000031 0.999723 0.000031 0.000031
96 96 (0) 5 : 0.000027 0.000027 0.000027 0.000027 0.000027 0.000027 0.000027 0.999754 0.000027 0.000027
97 97 (0) 6 : 0.000027 0.000027 0.000027 0.999755 0.000027 0.000027 0.000027 0.000027 0.000027 0.000027
98 98 (0) 6 : 0.000026 0.000026 0.000026 0.999764 0.000026 0.000026 0.000026 0.000026 0.000026 0.000026
99 99 (0) 6 : 0.000026 0.000026 0.000026 0.999762 0.000026 0.000026 0.000026 0.000026 0.000026 0.000026
100 100 (0) 6 : 0.922055 0.000021 0.000021 0.077774 0.000021 0.000021 0.000021 0.000021 0.000021 0.000021
101 101 (0) 6 : 0.959610 0.000021 0.000021 0.040220 0.000021 0.000021 0.000021 0.000021 0.000021 0.000021
102 102 (0) 6 : 0.942766 0.000020 0.000020 0.057073 0.000020 0.000020 0.000020 0.000020 0.000020 0.000020
103 103 (0) 6 : 0.000027 0.000027 0.000027 0.999758 0.000027 0.000027 0.000027 0.000027 0.000027 0.000027
104 104 (0) 6 : 0.000028 0.000028 0.000028 0.999745 0.000028 0.000028 0.000028 0.000028 0.000028 0.000028
105 105 (0) 6 : 0.000028 0.000028 0.000028 0.999750 0.000028 0.000028 0.000028 0.000028 0.000028 0.000028
106 106 (0) 6 : 0.000031 0.000031 0.000031 0.999718 0.000031 0.000031 0.000031 0.000031 0.000031 0.000031
107 107 (0) 6 : 0.000028 0.000028 0.000028 0.999749 0.000028 0.000028 0.000028 0.000028 0.000028 0.000028
108 108 (0) 6 : 0.000029 0.000029 0.000029 0.999735 0.000029 0.000029 0.000029 0.000029 0.000029 0.000029
109 109 (0) 6 : 0.000029 0.000029 0.000029 0.999741 0.000029 0.000029 0.000029 0.000029 0.000029 0.000029
110 110 (0) 2 : 0.207311 0.000022 0.792511 0.000022 0.000022 0.000022 0.000022 0.000022 0.000022 0.000022
111 111 (0) 2 : 0.000029 0.000029 0.999743 0.000029 0.000029 0.000029 0.000029 0.000029 0.000029 0.000029
112 112 (0) 2 : 0.000029 0.000029 0.999739 0.000029 0.000029 0.000029 0.000029 0.000029 0.000029 0.000029
113 113 (0) 2 : 0.000027 0.000027 0.999761 0.000027 0.000027 0.000027 0.000027 0.000027 0.000027 0.000027
114 114 (0) 2 : 0.000028 0.000028 0.999751 0.000028 0.000028 0.000028 0.000028 0.000028 0.000028 0.000028
115 115 (0) 3 : 0.915602 0.000020 0.084241 0.000020 0.000020 0.000020 0.000020 0.000020 0.000020 0.000020
1 1 (0) 1 : 0.000029 0.000029 0.000029 0.000029 0.999741 0.000029 0.000029 0.000029 0.000029 0.000029
2 2 (0) 1 : 0.000028 0.000027 0.000027 0.000027 0.999752 0.000027 0.000028 0.000028 0.000027 0.000027
3 3 (0) 1 : 0.000029 0.000029 0.000029 0.000029 0.999737 0.000029 0.000029 0.000029 0.000029 0.000029
4 4 (0) 1 : 0.000029 0.000029 0.000029 0.000029 0.999735 0.000029 0.000029 0.000029 0.000029 0.000029
5 5 (0) 1 : 0.000031 0.000031 0.000031 0.000031 0.999725 0.000031 0.000031 0.000031 0.000031 0.000031
6 6 (0) 1 : 0.000030 0.000030 0.000030 0.000030 0.999734 0.000030 0.000030 0.000030 0.000030 0.000030
7 7 (0) 1 : 0.000032 0.000032 0.000032 0.000032 0.999715 0.000032 0.000032 0.000032 0.000032 0.000032
8 8 (0) 1 : 0.000022 0.000022 0.000022 0.000022 0.999799 0.000022 0.000022 0.000022 0.000022 0.000022
9 9 (0) 1 : 0.000021 0.000021 0.000021 0.000021 0.999811 0.000021 0.000021 0.000021 0.000021 0.000021
10 10 (0) 1 : 0.000025 0.000025 0.000025 0.000025 0.999779 0.000025 0.000025 0.000025 0.000025 0.000025
11 11 (0) 1 : 0.000029 0.000029 0.000029 0.000029 0.999743 0.000029 0.000029 0.000029 0.000029 0.000029
12 12 (0) 1 : 0.000023 0.000023 0.000023 0.000023 0.999789 0.000023 0.000023 0.000023 0.000023 0.000023
13 13 (0) 1 : 0.000028 0.000028 0.000028 0.000028 0.999747 0.000028 0.000028 0.000028 0.000028 0.000028
14 14 (0) 1 : 0.000028 0.000028 0.000028 0.000028 0.999745 0.000028 0.000028 0.000028 0.000028 0.000028
15 15 (0) 1 : 0.000028 0.000028 0.000028 0.000028 0.999744 0.000028 0.000028 0.000028 0.000028 0.000028
16 16 (0) 1 : 0.000030 0.000030 0.000030 0.000030 0.999730 0.000030 0.000030 0.000030 0.000030 0.000030
17 17 (0) 1 : 0.000033 0.000033 0.000033 0.000033 0.999707 0.000033 0.000033 0.000033 0.000033 0.000033
18 18 (0) 2 : 0.999801 0.000022 0.000022 0.000022 0.000022 0.000022 0.000022 0.000022 0.000022 0.000022
19 19 (0) 2 : 0.999744 0.000028 0.000028 0.000028 0.000028 0.000028 0.000028 0.000028 0.000028 0.000028
20 20 (0) 3 : 0.058697 0.000022 0.000022 0.000022 0.941123 0.000022 0.000022 0.000022 0.000022 0.000022
21 21 (0) 3 : 0.046530 0.000023 0.000023 0.000023 0.953282 0.000023 0.000023 0.000023 0.000023 0.000023
22 22 (0) 2 : 0.999740 0.000029 0.000029 0.000029 0.000029 0.000029 0.000029 0.000029 0.000029 0.000029
23 23 (0) 2 : 0.999799 0.000022 0.000022 0.000022 0.000022 0.000022 0.000022 0.000022 0.000022 0.000022
24 24 (0) 2 : 0.999805 0.000022 0.000022 0.000022 0.000022 0.000022 0.000022 0.000022 0.000022 0.000022
25 25 (0) 4 : 0.000026 0.000026 0.000026 0.000026 0.124440 0.000026 0.000026 0.875353 0.000026 0.000026
26 26 (0) 4 : 0.000023 0.000023 0.000023 0.000023 0.000023 0.000023 0.000023 0.999796 0.000023 0.000023
27 27 (0) 4 : 0.000033 0.000033 0.000033 0.000033 0.000033 0.000033 0.000033 0.999699 0.000033 0.000033
28 28 (0) 4 : 0.000029 0.000029 0.000029 0.000029 0.000029 0.000029 0.000029 0.999735 0.000029 0.000029
29 29 (0) 4 : 0.000034 0.000034 0.000034 0.000034 0.000034 0.000034 0.000034 0.999690 0.000034 0.000034
30 30 (0) 4 : 0.000039 0.000039 0.000039 0.000039 0.126258 0.000039 0.000039 0.873434 0.000039 0.000039
31 31 (0) 4 : 0.000031 0.000031 0.000031 0.000031 0.000031 0.000031 0.000031 0.999717 0.000031 0.000031
32 32 (0) 4 : 0.000033 0.000033 0.000033 0.000033 0.000033 0.000033 0.000033 0.999704 0.000033 0.000033
33 33 (0) 4 : 0.000028 0.000028 0.000028 0.000028 0.000028 0.000028 0.000028 0.999747 0.000028 0.000028
34 34 (0) 4 : 0.000022 0.000022 0.000022 0.000022 0.114759 0.000022 0.000022 0.885068 0.000022 0.000022
35 35 (0) 4 : 0.000021 0.000021 0.000021 0.000021 0.219619 0.000021 0.000021 0.780214 0.000021 0.000021
36 36 (0) 4 : 0.000021 0.000021 0.000021 0.000021 0.000021 0.000021 0.000021 0.999812 0.000021 0.000021
37 37 (0) 4 : 0.000021 0.000021 0.000021 0.000021 0.000021 0.000021 0.000021 0.999809 0.000021 0.000021
38 38 (0) 4 : 0.000027 0.000027 0.000027 0.000027 0.000027 0.000027 0.000027 0.999758 0.000027 0.000027
39 39 (0) 4 : 0.000022 0.000022 0.000022 0.000022 0.000022 0.000022 0.000022 0.999800 0.000022 0.000022
40 40 (0) 4 : 0.000021 0.000021 0.000021 0.000021 0.000021 0.000021 0.000021 0.999813 0.000021 0.000021
41 41 (0) 4 : 0.000030 0.000030 0.000030 0.000030 0.000030 0.000030 0.000030 0.999733 0.000030 0.000030
42 42 (0) 4 : 0.000029 0.000029 0.000029 0.000029 0.000029 0.000029 0.000029 0.999742 0.000029 0.000029
43 43 (0) 4 : 0.000030 0.000030 0.000030 0.000030 0.000030 0.000030 0.000030 0.999731 0.000030 0.000030
44 44 (0) 4 : 0.000029 0.000029 0.000029 0.000029 0.000029 0.000029 0.000029 0.999741 0.000029 0.000029
45 45 (0) 4 : 0.000029 0.000029 0.000029 0.000029 0.000029 0.000029 0.000029 0.999737 0.000029 0.000029
46 46 (0) 4 : 0.000029 0.000029 0.000029 0.000029 0.000029 0.000029 0.000029 0.999740 0.000029 0.000029
47 47 (0) 4 : 0.000030 0.000030 0.000030 0.000030 0.000030 0.000030 0.000030 0.999730 0.000030 0.000030
48 48 (0) 4 : 0.000028 0.000028 0.000028 0.000028 0.185553 0.000028 0.000028 0.814220 0.000028 0.000028
49 49 (0) 4 : 0.000028 0.000028 0.000028 0.000028 0.000028 0.000028 0.000028 0.999750 0.000028 0.000028
50 50 (0) 4 : 0.000029 0.000029 0.000029 0.000029 0.000029 0.000029 0.000029 0.999743 0.000029 0.000029
51 51 (0) 1 : 0.000019 0.000019 0.000019 0.000019 0.999830 0.000019 0.000019 0.000019 0.000019 0.000019
52 52 (0) 1 : 0.000020 0.000020 0.000020 0.000020 0.999820 0.000020 0.000020 0.000020 0.000020 0.000020
53 53 (0) 1 : 0.000032 0.000032 0.000032 0.000032 0.871369 0.000032 0.000032 0.128375 0.000032 0.000032
54 54 (0) 1 : 0.000022 0.000022 0.000022 0.000022 0.469356 0.000022 0.000022 0.530467 0.000022 0.000022
55 55 (0) 1 : 0.000034 0.000034 0.000034 0.000034 0.620833 0.000034 0.000034 0.378893 0.000034 0.000034
56 56 (0) 1 : 0.000021 0.000021 0.000021 0.000021 0.455922 0.000021 0.000021 0.543906 0.000021 0.000021
57 57 (0) 1 : 0.000021 0.000020 0.000020 0.000020 0.518509 0.000020 0.000021 0.481327 0.000020 0.000020
58 58 (0) 1 : 0.000028 0.000028 0.000028 0.000028 0.591052 0.000028 0.000028 0.408726 0.000028 0.000028
59 59 (0) 1 : 0.000027 0.000027 0.000027 0.000027 0.999758 0.000027 0.000027 0.000027 0.000027 0.000027
60 60 (0) 1 : 0.000028 0.000028 0.000028 0.000028 0.999750 0.000028 0.000028 0.000028 0.000028 0.000028
61 61 (0) 1 : 0.000019 0.000019 0.000019 0.000019 0.999825 0.000019 0.000019 0.000019 0.000019 0.000019
62 62 (0) 1 : 0.000025 0.000025 0.000025 0.000025 0.807008 0.000025 0.000025 0.192795 0.000025 0.000025
63 63 (0) 1 : 0.000026 0.000026 0.000026 0.000026 0.880151 0.000026 0.000026 0.119642 0.000026 0.000026
64 64 (0) 1 : 0.000029 0.000029 0.000029 0.000029 0.999741 0.000029 0.000029 0.000029 0.000029 0.000029
65 65 (0) 1 : 0.000028 0.000028 0.000028 0.000028 0.999746 0.000028 0.000028 0.000028 0.000028 0.000028
66 66 (0) 1 : 0.000031 0.000031 0.000031 0.000031 0.999718 0.000031 0.000031 0.000031 0.000031 0.000031
67 67 (0) 1 : 0.000028 0.000028 0.000028 0.000028 0.999751 0.000028 0.000028 0.000028 0.000028 0.000028
68 68 (0) 1 : 0.000032 0.000032 0.000032 0.000032 0.999712 0.000032 0.000032 0.000032 0.000032 0.000032
69 69 (0) 1 : 0.000034 0.000034 0.000034 0.000034 0.999692 0.000034 0.000034 0.000034 0.000034 0.000034
70 70 (0) 1 : 0.000026 0.000026 0.000026 0.000026 0.999765 0.000026 0.000026 0.000026 0.000026 0.000026
71 71 (0) 1 : 0.000031 0.000031 0.000031 0.000031 0.999725 0.000031 0.000031 0.000031 0.000031 0.000031
72 72 (0) 1 : 0.000030 0.000030 0.000030 0.000030 0.999731 0.000030 0.000030 0.000030 0.000030 0.000030
73 73 (0) 1 : 0.000028 0.000028 0.000028 0.000028 0.999749 0.000028 0.000028 0.000028 0.000028 0.000028
74 74 (0) 1 : 0.000020 0.000020 0.000020 0.000020 0.999822 0.000020 0.000020 0.000020 0.000020 0.000020
75 75 (0) 1 : 0.000019 0.000019 0.000019 0.000019 0.999825 0.000019 0.000019 0.000019 0.000019 0.000019
76 76 (0) 1 : 0.000038 0.000038 0.000038 0.000038 0.999655 0.000038 0.000038 0.000038 0.000038 0.000038
77 77 (0) 1 : 0.000030 0.000030 0.000030 0.000030 0.999729 0.000030 0.000030 0.000030 0.000030 0.000030
78 78 (0) 1 : 0.000030 0.000030 0.000030 0.000030 0.999733 0.000030 0.000030 0.000030 0.000030 0.000030
79 79 (0) 1 : 0.000025 0.000025 0.000025 0.000025 0.732730 0.000025 0.000025 0.267074 0.000025 0.000025
80 80 (0) 1 : 0.000019 0.000019 0.000019 0.000019 0.999826 0.000019 0.000019 0.000019 0.000019 0.000019
81 81 (0) 1 : 0.000019 0.000019 0.000019 0.000019 0.999825 0.000019 0.000019 0.000019 0.000019 0.000019
82 82 (0) 1 : 0.000022 0.000022 0.000022 0.000022 0.999804 0.000022 0.000022 0.000022 0.000022 0.000022
83 83 (0) 1 : 0.000028 0.000028 0.000028 0.000028 0.999747 0.000028 0.000028 0.000028 0.000028 0.000028
84 84 (0) 1 : 0.000038 0.000038 0.000038 0.000038 0.999655 0.000038 0.000038 0.000038 0.000038 0.000038
85 85 (0) 1 : 0.000020 0.000020 0.000020 0.000020 0.999822 0.000020 0.000020 0.000020 0.000020 0.000020
86 86 (0) 1 : 0.000019 0.000019 0.000019 0.000019 0.999825 0.000019 0.000019 0.000019 0.000019 0.000019
87 87 (0) 5 : 0.000030 0.000030 0.000030 0.000030 0.511454 0.000030 0.000030 0.488305 0.000030 0.000030
88 88 (0) 5 : 0.000026 0.000026 0.000026 0.000026 0.390885 0.000026 0.000026 0.608907 0.000026 0.000026
89 89 (0) 5 : 0.000020 0.000020 0.000020 0.000020 0.553633 0.000020 0.000020 0.446205 0.000020 0.000020
90 90 (0) 5 : 0.000030 0.000030 0.000030 0.000030 0.151942 0.000030 0.000030 0.847819 0.000030 0.000030
91 91 (0) 5 : 0.000028 0.000028 0.000028 0.000028 0.069972 0.000028 0.000028 0.929801 0.000028 0.000028
92 92 (0) 5 : 0.000023 0.000023 0.000023 0.000023 0.410313 0.000023 0.000023 0.589503 0.000023 0.000023
93 93 (0) 5 : 0.000032 0.000032 0.000032 0.000032 0.298478 0.000032 0.000032 0.701267 0.000032 0.000032
94 94 (0) 5 : 0.000024 0.000024 0.000024 0.000024 0.294677 0.000024 0.000024 0.705132 0.000024 0.000024
95 95 (0) 5 : 0.000031 0.000031 0.000031 0.000031 0.073834 0.000031 0.000031 0.925919 0.000031 0.000031
96 96 (0) 5 : 0.000027 0.000027 0.000027 0.000027 0.229288 0.000027 0.000027 0.770493 0.000027 0.000027
97 97 (0) 6 : 0.000027 0.000027 0.000027 0.000027 0.890970 0.000027 0.108812 0.000027 0.000027 0.000027
98 98 (0) 6 : 0.000026 0.000026 0.000026 0.000026 0.911620 0.000026 0.088170 0.000026 0.000026 0.000026
99 99 (0) 6 : 0.000026 0.000026 0.000026 0.000026 0.931318 0.000026 0.068471 0.000026 0.000026 0.000026
100 100 (0) 6 : 0.000021 0.000021 0.000021 0.000021 0.999808 0.000021 0.000021 0.000021 0.000021 0.000021
101 101 (0) 6 : 0.000021 0.000021 0.000021 0.000021 0.999809 0.000021 0.000021 0.000021 0.000021 0.000021
102 102 (0) 6 : 0.000020 0.000020 0.000020 0.000020 0.999819 0.000020 0.000020 0.000020 0.000020 0.000020
103 103 (0) 6 : 0.000027 0.000027 0.000027 0.000027 0.944873 0.000027 0.054912 0.000027 0.000027 0.000027
104 104 (0) 6 : 0.000028 0.000028 0.000028 0.000028 0.873600 0.000028 0.126173 0.000028 0.000028 0.000028
105 105 (0) 6 : 0.000028 0.000028 0.000028 0.000028 0.000028 0.000028 0.999750 0.000028 0.000028 0.000028
106 106 (0) 6 : 0.000031 0.000031 0.000031 0.000031 0.000031 0.000031 0.999718 0.000031 0.000031 0.000031
107 107 (0) 6 : 0.000028 0.000028 0.000028 0.000028 0.000028 0.000028 0.999749 0.000028 0.000028 0.000028
108 108 (0) 6 : 0.000029 0.000029 0.000029 0.000029 0.000029 0.000029 0.999735 0.000029 0.000029 0.000029
109 109 (0) 6 : 0.000029 0.000029 0.000029 0.000029 0.000029 0.000029 0.999741 0.000029 0.000029 0.000029
110 110 (0) 2 : 0.783855 0.000022 0.000022 0.000022 0.215967 0.000022 0.000022 0.000022 0.000022 0.000022
111 111 (0) 2 : 0.999743 0.000029 0.000029 0.000029 0.000029 0.000029 0.000029 0.000029 0.000029 0.000029
112 112 (0) 2 : 0.890258 0.000029 0.000029 0.000029 0.109511 0.000029 0.000029 0.000029 0.000029 0.000029
113 113 (0) 2 : 0.999761 0.000027 0.000027 0.000027 0.000027 0.000027 0.000027 0.000027 0.000027 0.000027
114 114 (0) 2 : 0.999751 0.000028 0.000028 0.000028 0.000028 0.000028 0.000028 0.000028 0.000028 0.000028
115 115 (0) 3 : 0.119086 0.000020 0.000020 0.000020 0.880757 0.000020 0.000020 0.000020 0.000020 0.000020
1 1 (0) 1 : 0.000029 0.000029 0.000029 0.999741 0.000029 0.000029 0.000029 0.000029 0.000029 0.000029
2 2 (0) 1 : 0.000028 0.000027 0.000027 0.999752 0.000027 0.000027 0.000027 0.000027 0.000027 0.000028
3 3 (0) 1 : 0.000029 0.000029 0.000029 0.999737 0.000029 0.000029 0.000029 0.000029 0.000029 0.000029
4 4 (0) 1 : 0.000029 0.000029 0.000029 0.999735 0.000029 0.000029 0.000029 0.000029 0.000029 0.000029
5 5 (0) 1 : 0.000031 0.000031 0.000031 0.999725 0.000031 0.000031 0.000031 0.000031 0.000031 0.000031
6 6 (0) 1 : 0.000030 0.000030 0.000030 0.999734 0.000030 0.000030 0.000030 0.000030 0.000030 0.000030
7 7 (0) 1 : 0.000032 0.000032 0.000032 0.999715 0.000032 0.000032 0.000032 0.000032 0.000032 0.000032
8 8 (0) 1 : 0.000022 0.000022 0.000022 0.999799 0.000022 0.000022 0.000022 0.000022 0.000022 0.000022
9 9 (0) 1 : 0.000021 0.000021 0.000021 0.999811 0.000021 0.000021 0.000021 0.000021 0.000021 0.000021
10 10 (0) 1 : 0.000025 0.000025 0.000025 0.999779 0.000025 0.000025 0.000025 0.000025 0.000025 0.000025
11 11 (0) 1 : 0.000029 0.000029 0.000029 0.999743 0.000029 0.000029 0.000029 0.000029 0.000029 0.000029
12 12 (0) 1 : 0.000023 0.000023 0.000023 0.999789 0.000023 0.000023 0.000023 0.000023 0.000023 0.000023
13 13 (0) 1 : 0.000028 0.000028 0.000028 0.999747 0.000028 0.000028 0.000028 0.000028 0.000028 0.000028
14 14 (0) 1 : 0.000028 0.000028 0.000028 0.999745 0.000028 0.000028 0.000028 0.000028 0.000028 0.000028
15 15 (0) 1 : 0.000028 0.000028 0.000028 0.999744 0.000028 0.000028 0.000028 0.000028 0.000028 0.000028
16 16 (0) 1 : 0.000030 0.000030 0.000030 0.999730 0.000030 0.000030 0.000030 0.000030 0.000030 0.000030
17 17 (0) 1 : 0.000033 0.000033 0.000033 0.999707 0.000033 0.000033 0.000033 0.000033 0.000033 0.000033
18 18 (0) 2 : 0.000022 0.000022 0.000022 0.000022 0.000022 0.000022 0.000022 0.000022 0.000022 0.999801
19 19 (0) 2 : 0.000028 0.000028 0.000028 0.000028 0.000028 0.000028 0.000028 0.000028 0.000028 0.999744
20 20 (0) 3 : 0.000022 0.000022 0.000022 0.950540 0.000022 0.000022 0.000022 0.000022 0.000022 0.049280
21 21 (0) 3 : 0.000023 0.000023 0.000023 0.999789 0.000023 0.000023 0.000023 0.000023 0.000023 0.000023
22 22 (0) 2 : 0.000029 0.000029 0.000029 0.000029 0.000029 0.000029 0.000029 0.000029 0.000029 0.999740
23 23 (0) 2 : 0.000022 0.000022 0.000022 0.000022 0.000022 0.000022 0.000022 0.000022 0.000022 0.999799
24 24 (0) 2 : 0.000022 0.000022 0.000022 0.000022 0.000022 0.000022 0.000022 0.000022 0.000022 0.999805
25 25 (0) 4 : 0.816081 0.000026 0.000026 0.183713 0.000026 0.000026 0.000026 0.000026 0.000026 0.000026
26 26 (0) 4 : 0.999796 0.000023 0.000023 0.000023 0.000023 0.000023 0.000023 0.000023 0.000023 0.000023
27 27 (0) 4 : 0.999699 0.000033 0.000033 0.000033 0.000033 0.000033 0.000033 0.000033 0.000033 0.000033
28 28 (0) 4 : 0.999735 0.000029 0.000029 0.000029 0.000029 0.000029 0.000029 0.000029 0.000029 0.000029
29 29 (0) 4 : 0.999690 0.000034 0.000034 0.000034 0.000034 0.000034 0.000034 0.000034 0.000034 0.000034
30 30 (0) 4 : 0.862618 0.000039 0.000039 0.137074 0.000039 0.000039 0.000039 0.000039 0.000039 0.000039
31 31 (0) 4 : 0.999717 0.000031 0.000031 0.000031 0.000031 0.000031 0.000031 0.000031 0.000031 0.000031
32 32 (0) 4 : 0.999704 0.000033 0.000033 0.000033 0.000033 0.000033 0.000033 0.000033 0.000033 0.000033
33 33 (0) 4 : 0.999747 0.000028 0.000028 0.000028 0.000028 0.000028 0.000028 0.000028 0.000028 0.000028
34 34 (0) 4 : 0.788951 0.000022 0.000022 0.210876 0.000022 0.000022 0.000022 0.000022 0.000022 0.000022
35 35 (0) 4 : 0.670785 0.000021 0.000021 0.329048 0.000021 0.000021 0.000021 0.000021 0.000021 0.000021
36 36 (0) 4 : 0.999812 0.000021 0.000021 0.000021 0.000021 0.000021 0.000021 0.000021 0.000021 0.000021
37 37 (0) 4 : 0.999809 0.000021 0.000021 0.000021 0.000021 0.000021 0.000021 0.000021 0.000021 0.000021
38 38 (0) 4 : 0.999758 0.000027 0.000027 0.000027 0.000027 0.000027 0.000027 0.000027 0.000027 0.000027
39 39 (0) 4 : 0.999800 0.000022 0.000022 0.000022 0.000022 0.000022 0.000022 0.000022 0.000022 0.000022
40 40 (0) 4 : 0.999813 0.000021 0.000021 0.000021 0.000021 0.000021 0.000021 0.000021 0.000021 0.000021
41 41 (0) 4 : 0.999733 0.000030 0.000030 0.000030 0.000030 0.000030 0.000030 0.000030 0.000030 0.000030
42 42 (0) 4 : 0.999742 0.000029 0.000029 0.000029 0.000029 0.000029 0.000029 0.000029 0.000029 0.000029
43 43 (0) 4 : 0.999731 0.000030 0.000030 0.000030 0.000030 0.000030 0.000030 0.000030 0.000030 0.000030
44 44 (0) 4 : 0.999741 0.000029 0.000029 0.000029 0.000029 0.000029 0.000029 0.000029 0.000029 0.000029
45 45 (0) 4 : 0.999737 0.000029 0.000029 0.000029 0.000029 0.000029 0.000029 0.000029 0.000029 0.000029
46 46 (0) 4 : 0.999740 0.000029 0.000029 0.000029 0.000029 0.000029 0.000029 0.000029 0.000029 0.000029
47 47 (0) 4 : 0.999730 0.000030 0.000030 0.000030 0.000030 0.000030 0.000030 0.000030 0.000030 0.000030
48 48 (0) 4 : 0.720548 0.000028 0.000028 0.279225 0.000028 0.000028 0.000028 0.000028 0.000028 0.000028
49 49 (0) 4 : 0.999750 0.000028 0.000028 0.000028 0.000028 0.000028 0.000028 0.000028 0.000028 0.000028
50 50 (0) 4 : 0.999743 0.000029 0.000029 0.000029 0.000029 0.000029 0.000029 0.000029 0.000029 0.000029
51 51 (0) 1 : 0.000019 0.000019 0.000019 0.999830 0.000019 0.000019 0.000019 0.000019 0.000019 0.000019
52 52 (0) 1 : 0.000020 0.000020 0.000020 0.999820 0.000020 0.000020 0.000020 0.000020 0.000020 0.000020
53 53 (0) 1 : 0.000032 0.000032 0.000032 0.936383 0.000032 0.000032 0.000032 0.000032 0.000032 0.063361
54 54 (0) 1 : 0.478488 0.000022 0.000022 0.521335 0.000022 0.000022 0.000022 0.000022 0.000022 0.000022
55 55 (0) 1 : 0.310732 0.000034 0.000034 0.688994 0.000034 0.000034 0.000034 0.000034 0.000034 0.000034
56 56 (0) 1 : 0.480732 0.000021 0.000021 0.519096 0.000021 0.000021 0.000021 0.000021 0.000021 0.000021
57 57 (0) 1 : 0.427361 0.000020 0.000020 0.572475 0.000020 0.000021 0.000020 0.000020 0.000020 0.000021
58 58 (0) 1 : 0.352094 0.000028 0.000028 0.647684 0.000028 0.000028 0.000028 0.000028 0.000028 0.000028
59 59 (0) 1 : 0.000027 0.000027 0.000027 0.999758 0.000027 0.000027 0.000027 0.000027 0.000027 0.000027
60 60 (0) 1 : 0.000028 0.000028 0.000028 0.999750 0.000028 0.000028 0.000028 0.000028 0.000028 0.000028
61 61 (0) 1 : 0.000019 0.000019 0.000019 0.999825 0.000019 0.000019 0.000019 0.000019 0.000019 0.000019
62 62 (0) 1 : 0.160672 0.000025 0.000025 0.839131 0.000025 0.000025 0.000025 0.000025 0.000025 0.000025
63 63 (0) 1 : 0.000026 0.000026 0.000026 0.999767 0.000026 0.000026 0.000026 0.000026 0.000026 0.000026
64 64 (0) 1 : 0.000029 0.000029 0.000029 0.999741 0.000029 0.000029 0.000029 0.000029 0.000029 0.000029
65 65 (0) 1 : 0.000028 0.000028 0.000028 0.999746 0.000028 0.000028 0.000028 0.000028 0.000028 0.000028
66 66 (0) 1 : 0.000031 0.000031 0.000031 0.999718 0.000031 0.000031 0.000031 0.000031 0.000031 0.000031
67 67 (0) 1 : 0.000028 0.000028 0.000028 0.999751 0.000028 0.000028 0.000028 0.000028 0.000028 0.000028
68 68 (0) 1 : 0.000032 0.000032 0.000032 0.999712 0.000032 0.000032 0.000032 0.000032 0.000032 0.000032
69 69 (0) 1 : 0.000034 0.000034 0.000034 0.999692 0.000034 0.000034 0.000034 0.000034 0.000034 0.000034
70 70 (0) 1 : 0.000026 0.000026 0.000026 0.999765 0.000026 0.000026 0.000026 0.000026 0.000026 0.000026
71 71 (0) 1 : 0.000031 0.000031 0.000031 0.999725 0.000031 0.000031 0.000031 0.000031 0.000031 0.000031
72 72 (0) 1 : 0.000030 0.000030 0.000030 0.999731 0.000030 0.000030 0.000030 0.000030 0.000030 0.000030
73 73 (0) 1 : 0.000028 0.000028 0.000028 0.999749 0.000028 0.000028 0.000028 0.000028 0.000028 0.000028
74 74 (0) 1 : 0.000020 0.000020 0.000020 0.999822 0.000020 0.000020 0.000020 0.000020 0.000020 0.000020
75 75 (0) 1 : 0.000019 0.000019 0.000019 0.999825 0.000019 0.000019 0.000019 0.000019 0.000019 0.000019
76 76 (0) 1 : 0.000038 0.000038 0.000038 0.999655 0.000038 0.000038 0.000038 0.000038 0.000038 0.000038
77 77 (0) 1 : 0.000030 0.000030 0.000030 0.999729 0.000030 0.000030 0.000030 0.000030 0.000030 0.000030
78 78 (0) 1 : 0.000030 0.000030 0.000030 0.999733 0.000030 0.000030 0.000030 0.000030 0.000030 0.000030
79 79 (0) 1 : 0.000025 0.000025 0.000025 0.981954 0.000025 0.000025 0.000025 0.000025 0.000025 0.017850
80 80 (0) 1 : 0.000019 0.000019 0.000019 0.999826 0.000019 0.000019 0.000019 0.000019 0.000019 0.000019
81 81 (0) 1 : 0.000019 0.000019 0.000019 0.999825 0.000019 0.000019 0.000019 0.000019 0.000019 0.000019
82 82 (0) 1 : 0.000022 0.000022 0.000022 0.999804 0.000022 0.000022 0.000022 0.000022 0.000022 0.000022
83 83 (0) 1 : 0.000028 0.000028 0.000028 0.999747 0.000028 0.000028 0.000028 0.000028 0.000028 0.000028
84 84 (0) 1 : 0.000038 0.000038 0.000038 0.999655 0.000038 0.000038 0.000038 0.000038 0.000038 0.000038
85 85 (0) 1 : 0.000020 0.000020 0.000020 0.999822 0.000020 0.000020 0.000020 0.000020 0.000020 0.000020
86 86 (0) 1 : 0.000019 0.000019 0.000019 0.999825 0.000019 0.000019 0.000019 0.000019 0.000019 0.000019
87 87 (0) 5 : 0.000030 0.000030 0.000030 0.999729 0.000030 0.000030 0.000030 0.000030 0.000030 0.000030
88 88 (0) 5 : 0.000026 0.000026 0.000026 0.999767 0.000026 0.000026 0.000026 0.000026 0.000026 0.000026
89 89 (0) 5 : 0.000020 0.000020 0.000020 0.999817 0.000020 0.000020 0.000020 0.000020 0.000020 0.000020
90 90 (0) 5 : 0.999731 0.000030 0.000030 0.000030 0.000030 0.000030 0.000030 0.000030 0.000030 0.000030
91 91 (0) 5 : 0.999745 0.000028 0.000028 0.000028 0.000028 0.000028 0.000028 0.000028 0.000028 0.000028
92 92 (0) 5 : 0.000023 0.000023 0.000023 0.981599 0.000023 0.018218 0.000023 0.000023 0.000023 0.000023
93 93 (0) 5 : 0.566387 0.000032 0.000032 0.433357 0.000032 0.000032 0.000032 0.000032 0.000032 0.000032
94 94 (0) 5 : 0.603243 0.000024 0.000024 0.396566 0.000024 0.000024 0.000024 0.000024 0.000024 0.000024
95 95 (0) 5 : 0.999723 0.000031 0.000031 0.000031 0.000031 0.000031 0.000031 0.000031 0.000031 0.000031
96 96 (0) 5 : 0.652288 0.000027 0.000027 0.347493 0.000027 0.000027 0.000027 0.000027 0.000027 0.000027
97 97 (0) 6 : 0.000027 0.000027 0.000027 0.999755 0.000027 0.000027 0.000027 0.000027 0.000027 0.000027
98 98 (0) 6 : 0.000026 0.000026 0.000026 0.999764 0.000026 0.000026 0.000026 0.000026 0.000026 0.000026
99 99 (0) 6 : 0.000026 0.000026 0.000026 0.999762 0.000026 0.000026 0.000026 0.000026 0.000026 0.000026
100 100 (0) 6 : 0.000021 0.000021 0.000021 0.999808 0.000021 0.000021 0.000021 0.000021 0.000021 0.000021
101 101 (0) 6 : 0.000021 0.000021 0.000021 0.999809 0.000021 0.000021 0.000021 0.000021 0.000021 0.000021
102 102 (0) 6 : 0.000020 0.000020 0.000020 0.999819 0.000020 0.000020 0.000020 0.000020 0.000020 0.000020
103 103 (0) 6 : 0.000027 0.000027 0.000027 0.999758 0.000027 0.000027 0.000027 0.000027 0.000027 0.000027
104 104 (0) 6 : 0.000028 0.000028 0.000028 0.999745 0.000028 0.000028 0.000028 0.000028 0.000028 0.000028
105 105 (0) 6 : 0.000028 0.000028 0.000028 0.999750 0.000028 0.000028 0.000028 0.000028 0.000028 0.000028
106 106 (0) 6 : 0.000031 0.000031 0.000031 0.999718 0.000031 0.000031 0.000031 0.000031 0.000031 0.000031
107 107 (0) 6 : 0.000028 0.000028 0.000028 0.999749 0.000028 0.000028 0.000028 0.000028 0.000028 0.000028
108 108 (0) 6 : 0.000029 0.000029 0.000029 0.999735 0.000029 0.000029 0.000029 0.000029 0.000029 0.000029
109 109 (0) 6 : 0.000029 0.000029 0.000029 0.999741 0.000029 0.000029 0.000029 0.000029 0.000029 0.000029
110 110 (0) 2 : 0.000022 0.000022 0.000022 0.204077 0.000022 0.000022 0.000022 0.000022 0.000022 0.795746
111 111 (0) 2 : 0.000029 0.000029 0.000029 0.000029 0.000029 0.000029 0.000029 0.000029 0.000029 0.999743
112 112 (0) 2 : 0.000029 0.000029 0.000029 0.000029 0.000029 0.000029 0.000029 0.000029 0.000029 0.999739
113 113 (0) 2 : 0.000027 0.000027 0.000027 0.000027 0.000027 0.000027 0.000027 0.000027 0.000027 0.999761
114 114 (0) 2 : 0.000028 0.000028 0.000028 0.000028 0.000028 0.000028 0.000028 0.000028 0.000028 0.999751
115 115 (0) 3 : 0.000020 0.000020 0.000020 0.876914 0.000020 0.000020 0.000020 0.000020 0.000020 0.122929
1 1 (0) 1 : 0.000029 0.000029 0.000029 0.000029 0.000029 0.000029 0.999741 0.000029 0.000029 0.000029
2 2 (0) 1 : 0.000027 0.000028 0.000027 0.000027 0.000028 0.000027 0.999752 0.000027 0.000027 0.000028
3 3 (0) 1 : 0.000029 0.000029 0.000029 0.000029 0.000029 0.000029 0.999737 0.000029 0.000029 0.000029
4 4 (0) 1 : 0.000029 0.000029 0.000029 0.000029 0.000029 0.000029 0.999735 0.000029 0.000029 0.000029
5 5 (0) 1 : 0.000031 0.000031 0.000031 0.000031 0.000031 0.000031 0.999725 0.000031 0.000031 0.000031
6 6 (0) 1 : 0.000030 0.000030 0.000030 0.000030 0.000030 0.000030 0.999734 0.000030 0.000030 0.000030
7 7 (0) 1 : 0.000032 0.000032 0.000032 0.000032 0.000032 0.000032 0.999715 0.000032 0.000032 0.000032
8 8 (0) 1 : 0.000022 0.000022 0.000022 0.000022 0.000022 0.000022 0.999799 0.000022 0.000022 0.000022
9 9 (0) 1 : 0.000021 0.000021 0.000021 0.000021 0.000021 0.000021 0.999811 0.000021 0.000021 0.000021
10 10 (0) 1 : 0.000025 0.000025 0.000025 0.000025 0.000025 0.000025 0.999779 0.000025 0.000025 0.000025
11 11 (0) 1 : 0.000029 0.000029 0.000029 0.000029 0.000029 0.000029 0.999743 0.000029 0.000029 0.000029
12 12 (0) 1 : 0.000023 0.000023 0.000023 0.000023 0.000023 0.000023 0.999789 0.000023 0.000023 0.000023
13 13 (0) 1 : 0.000028 0.000028 0.000028 0.000028 0.000028 0.000028 0.999747 0.000028 0.000028 0.000028
14 14 (0) 1 : 0.000028 0.000028 0.000028 0.000028 0.000028 0.000028 0.999745 0.000028 0.000028 0.000028
15 15 (0) 1 : 0.000028 0.000028 0.000028 0.000028 0.000028 0.000028 0.999744 0.000028 0.000028 0.000028
16 16 (0) 1 : 0.000030 0.000030 0.000030 0.000030 0.000030 0.000030 0.999730 0.000030 0.000030 0.000030
17 17 (0) 1 : 0.000033 0.000033 0.000033 0.000033 0.000033 0.000033 0.999707 0.000033 0.000033 0.000033
18 18 (0) 2 : 0.000022 0.000022 0.000022 0.000022 0.999801 0.000022 0.000022 0.000022 0.000022 0.000022
19 19 (0) 2 : 0.000028 0.000028 0.000028 0.000028 0.999744 0.000028 0.000028 0.000028 0.000028 0.000028
20 20 (0) 3 : 0.000022 0.000022 0.000022 0.000022 0.019670 0.000022 0.980150 0.000022 0.000022 0.000022
21 21 (0) 3 : 0.000023 0.000023 0.000023 0.000023 0.000023 0.000023 0.999789 0.000023 0.000023 0.000023
22 22 (0) 2 : 0.000029 0.000029 0.000029 0.000029 0.999740 0.000029 0.000029 0.000029 0.000029 0.000029
23 23 (0) 2 : 0.000022 0.000022 0.000022 0.000022 0.999799 0.000022 0.000022 0.000022 0.000022 0.000022
24 24 (0) 2 : 0.000022 0.000022 0.000022 0.000022 0.999805 0.000022 0.000022 0.000022 0.000022 0.000022
25 25 (0) 4 : 0.000026 0.745631 0.000026 0.000026 0.000026 0.000026 0.254162 0.000026 0.000026 0.000026
26 26 (0) 4 : 0.000023 0.999796 0.000023 0.000023 0.000023 0.000023 0.000023 0.000023 0.000023 0.000023
27 27 (0) 4 : 0.000033 0.999699 0.000033 0.000033 0.000033 0.000033 0.000033 0.000033 0.000033 0.000033
28 28 (0) 4 : 0.000029 0.999735 0.000029 0.000029 0.000029 0.000029 0.000029 0.000029 0.000029 0.000029
29 29 (0) 4 : 0.000034 0.999690 0.000034 0.000034 0.000034 0.000034 0.000034 0.000034 0.000034 0.000034
30 30 (0) 4 : 0.000039 0.832642 0.000039 0.000039 0.000039 0.000039 0.167050 0.000039 0.000039 0.000039
31 31 (0) 4 : 0.000031 0.999717 0.000031 0.000031 0.000031 0.000031 0.000031 0.000031 0.000031 0.000031
32 32 (0) 4 : 0.000033 0.999704 0.000033 0.000033 0.000033 0.000033 0.000033 0.000033 0.000033 0.000033
33 33 (0) 4 : 0.000028 0.999747 0.000028 0.000028 0.000028 0.000028 0.000028 0.000028 0.000028 0.000028
34 34 (0) 4 : 0.000022 0.712019 0.000022 0.000022 0.000022 0.000022 0.287808 0.000022 0.000022 0.000022
35 35 (0) 4 : 0.000021 0.593642 0.000021 0.000021 0.000021 0.000021 0.406191 0.000021 0.000021 0.000021
36 36 (0) 4 : 0.000021 0.999812 0.000021 0.000021 0.000021 0.000021 0.000021 0.000021 0.000021 0.000021
37 37 (0) 4 : 0.000021 0.999809 0.000021 0.000021 0.000021 0.000021 0.000021 0.000021 0.000021 0.000021
38 38 (0) 4 : 0.000027 0.999758 0.000027 0.000027 0.000027 0.000027 0.000027 0.000027 0.000027 0.000027
39 39 (0) 4 : 0.000022 0.999800 0.000022 0.000022 0.000022 0.000022 0.000022 0.000022 0.000022 0.000022
40 40 (0) 4 : 0.000021 0.999813 0.000021 0.000021 0.000021 0.000021 0.000021 0.000021 0.000021 0.000021
41 41 (0) 4 : 0.000030 0.999733 0.000030 0.000030 0.000030 0.000030 0.000030 0.000030 0.000030 0.000030
42 42 (0) 4 : 0.000029 0.999742 0.000029 0.000029 0.000029 0.000029 0.000029 0.000029 0.000029 0.000029
43 43 (0) 4 : 0.000030 0.999731 0.000030 0.000030 0.000030 0.000030 0.000030 0.000030 0.000030 0.000030
44 44 (0) 4 : 0.000029 0.999741 0.000029 0.000029 0.000029 0.000029 0.000029 0.000029 0.000029 0.000029
45 45 (0) 4 : 0.000029 0.999737 0.000029 0.000029 0.000029 0.000029 0.000029 0.000029 0.000029 0.000029
46 46 (0) 4 : 0.000029 0.999740 0.000029 0.000029 0.000029 0.000029 0.000029 0.000029 0.000029 0.000029
47 47 (0) 4 : 0.000030 0.999730 0.000030 0.000030 0.000030 0.000030 0.000030 0.000030 0.000030 0.000030
48 48 (0) 4 : 0.000028 0.648915 0.000028 0.000028 0.000028 0.000028 0.350859 0.000028 0.000028 0.000028
49 49 (0) 4 : 0.000028 0.999750 0.000028 0.000028 0.000028 0.000028 0.000028 0.000028 0.000028 0.000028
50 50 (0) 4 : 0.000029 0.999743 0.000029 0.000029 0.000029 0.000029 0.000029 0.000029 0.000029 0.000029
51 51 (0) 1 : 0.000019 0.000019 0.000019 0.000019 0.000019 0.000019 0.999830 0.000019 0.000019 0.000019
52 52 (0) 1 : 0.000020 0.000020 0.000020 0.000020 0.000020 0.000020 0.999820 0.000020 0.000020 0.000020
53 53 (0) 1 : 0.000032 0.000032 0.000032 0.000032 0.000032 0.000032 0.999712 0.000032 0.000032 0.000032
54 54 (0) 1 : 0.000022 0.446616 0.000022 0.000022 0.000022 0.000022 0.553207 0.000022 0.000022 0.000022
55 55 (0) 1 : 0.000034 0.240712 0.000034 0.000034 0.000034 0.000034 0.759014 0.000034 0.000034 0.000034
56 56 (0) 1 : 0.000021 0.443860 0.000021 0.000021 0.000021 0.000021 0.555968 0.000021 0.000021 0.000021
57 57 (0) 1 : 0.000020 0.390891 0.000020 0.000020 0.000021 0.000020 0.608945 0.000020 0.000020 0.000021
58 58 (0) 1 : 0.000028 0.332045 0.000028 0.000028 0.000028 0.000028 0.667733 0.000028 0.000028 0.000028
59 59 (0) 1 : 0.000027 0.000027 0.000027 0.000027 0.000027 0.000027 0.999758 0.000027 0.000027 0.000027
60 60 (0) 1 : 0.000028 0.000028 0.000028 0.000028 0.000028 0.000028 0.999750 0.000028 0.000028 0.000028
61 61 (0) 1 : 0.000019 0.000019 0.000019 0.000019 0.000019 0.000019 0.999825 0.000019 0.000019 0.000019
62 62 (0) 1 : 0.000025 0.165335 0.000025 0.000025 0.000025 0.000025 0.834467 0.000025 0.000025 0.000025
63 63 (0) 1 : 0.000026 0.105535 0.000026 0.000026 0.000026 0.000026 0.894258 0.000026 0.000026 0.000026
64 64 (0) 1 : 0.000029 0.000029 0.000029 0.000029 0.000029 0.000029 0.999741 0.000029 0.000029 0.000029
65 65 (0) 1 : 0.000028 0.000028 0.000028 0.000028 0.000028 0.000028 0.999746 0.000028 0.000028 0.000028
66 66 (0) 1 : 0.000031 0.000031 0.000031 0.000031 0.000031 0.000031 0.999718 0.000031 0.000031 0.000031
67 67 (0) 1 : 0.000028 0.000028 0.000028 0.000028 0.000028 0.000028 0.999751 0.000028 0.000028 0.000028
68 68 (0) 1 : 0.000032 0.000032 0.000032 0.000032 0.000032 0.000032 0.999712 0.000032 0.000032 0.000032
69 69 (0) 1 : 0.000034 0.000034 0.000034 0.000034 0.000034 0.000034 0.999692 0.000034 0.000034 0.000034
70 70 (0) 1 : 0.000026 0.000026 0.000026 0.000026 0.000026 0.000026 0.999765 0.000026 0.000026 0.000026
71 71 (0) 1 : 0.000031 0.000031 0.000031 0.000031 0.000031 0.000031 0.999725 0.000031 0.000031 0.000031
72 72 (0) 1 : 0.000030 0.000030 0.000030 0.000030 0.000030 0.000030 0.999731 0.000030 0.000030 0.000030
73 73 (0) 1 : 0.000028 0.000028 0.000028 0.000028 0.000028 0.000028 0.999749 0.000028 0.000028 0.000028
74 74 (0) 1 : 0.000020 0.000020 0.000020 0.000020 0.000020 0.000020 0.999822 0.000020 0.000020 0.000020
75 75 (0) 1 : 0.000019 0.000019 0.000019 0.000019 0.000019 0.000019 0.999825 0.000019 0.000019 0.000019
76 76 (0) 1 : 0.000038 0.000038 0.000038 0.000038 0.000038 0.000038 0.999655 0.000038 0.000038 0.000038
77 77 (0) 1 : 0.000030 0.000030 0.000030 0.000030 0.000030 0.000030 0.999729 0.000030 0.000030 0.000030
78 78 (0) 1 : 0.000030 0.000030 0.000030 0.000030 0.000030 0.000030 0.999733 0.000030 0.000030 0.000030
79 79 (0) 1 : 0.000025 0.192927 0.000025 0.000025 0.000025 0.000025 0.806876 0.000025 0.000025 0.000025
80 80 (0) 1 : 0.000019 0.000019 0.000019 0.000019 0.000019 0.000019 0.999826 0.000019 0.000019 0.000019
81 81 (0) 1 : 0.000019 0.000019 0.000019 0.000019 0.000019 0.000019 0.999825 0.000019 0.000019 0.000019
82 82 (0) 1 : 0.000022 0.000022 0.000022 0.000022 0.000022 0.000022 0.999804 0.000022 0.000022 0.000022
83 83 (0) 1 : 0.000028 0.000028 0.000028 0.000028 0.000028 0.000028 0.845049 0.000028 0.000028 0.154726
84 84 (0) 1 : 0.000038 0.000038 0.000038 0.000038 0.000038 0.000038 0.999655 0.000038 0.000038 0.000038
85 85 (0) 1 : 0.000020 0.000020 0.000020 0.000020 0.000020 0.000020 0.999822 0.000020 0.000020 0.000020
86 86 (0) 1 : 0.000019 0.000019 0.000019 0.000019 0.000019 0.000019 0.999825 0.000019 0.000019 0.000019
87 87 (0) 5 : 0.000030 0.000030 0.000030 0.000030 0.000030 0.000030 0.999729 0.000030 0.000030 0.000030
88 88 (0) 5 : 0.000026 0.000026 0.000026 0.000026 0.000026 0.000026 0.999767 0.000026 0.000026 0.000026
89 89 (0) 5 : 0.000020 0.000020 0.000020 0.000020 0.000020 0.000020 0.999817 0.000020 0.000020 0.000020
90 90 (0) 5 : 0.000030 0.676399 0.000030 0.000030 0.000030 0.000030 0.323362 0.000030 0.000030 0.000030
91 91 (0) 5 : 0.000028 0.802285 0.000028 0.000028 0.000028 0.000028 0.197488 0.000028 0.000028 0.000028
92 92 (0) 5 : 0.000023 0.000023 0.000023 0.000023 0.000023 0.000023 0.999793 0.000023 0.000023 0.000023
93 93 (0) 5 : 0.000032 0.000032 0.000032 0.000032 0.000032 0.000032 0.999713 0.000032 0.000032 0.000032
94 94 (0) 5 : 0.000024 0.000024 0.000024 0.000024 0.000024 0.000024 0.999784 0.000024 0.000024 0.000024
95 95 (0) 5 : 0.000031 0.826307 0.000031 0.000031 0.000031 0.000031 0.173447 0.000031 0.000031 0.000031
96 96 (0) 5 : 0.000027 0.491873 0.000027 0.000027 0.000027 0.000027 0.507908 0.000027 0.000027 0.000027
97 97 (0) 6 : 0.000027 0.000027 0.000027 0.000027 0.000027 0.000027 0.000027 0.000027 0.000027 0.999755
98 98 (0) 6 : 0.000026 0.000026 0.000026 0.000026 0.000026 0.000026 0.000026 0.000026 0.000026 0.999764
99 99 (0) 6 : 0.000026 0.000026 0.000026 0.000026 0.000026 0.000026 0.000026 0.000026 0.000026 0.999762
100 100 (0) 6 : 0.000021 0.000021 0.000021 0.000021 0.000021 0.000021 0.897875 0.000021 0.000021 0.101954
101 101 (0) 6 : 0.000021 0.000021 0.000021 0.000021 0.000021 0.000021 0.935596 0.000021 0.000021 0.064234
102 102 (0) 6 : 0.000020 0.000020 0.000020 0.000020 0.000020 0.000020 0.922308 0.000020 0.000020 0.077531
103 103 (0) 6 : 0.000027 0.000027 0.000027 0.000027 0.000027 0.000027 0.000027 0.000027 0.000027 0.999758
104 104 (0) 6 : 0.000028 0.000028 0.000028 0.000028 0.000028 0.000028 0.000028 0.000028 0.000028 0.999745
105 105 (0) 6 : 0.000028 0.000028 0.000028 0.000028 0.000028 0.000028 0.000028 0.000028 0.000028 0.999750
106 106 (0) 6 : 0.000031 0.000031 0.000031 0.000031 0.000031 0.000031 0.000031 0.000031 0.000031 0.999718
107 107 (0) 6 : 0.000028 0.000028 0.000028 0.000028 0.000028 0.000028 0.000028 0.000028 0.000028 0.999749
108 108 (0) 6 : 0.000029 0.000029 0.000029 0.000029 0.000029 0.000029 0.000029 0.000029 0.000029 0.999735
109 109 (0) 6 : 0.000029 0.000029 0.000029 0.000029 0.000029 0.000029 0.000029 0.000029 0.000029 0.999741
110 110 (0) 2 : 0.000022 0.000022 0.000022 0.000022 0.765524 0.000022 0.234299 0.000022 0.000022 0.000022
111 111 (0) 2 : 0.000029 0.000029 0.000029 0.000029 0.999743 0.000029 0.000029 0.000029 0.000029 0.000029
112 112 (0) 2 : 0.000029 0.000029 0.000029 0.000029 0.877224 0.000029 0.122545 0.000029 0.000029 0.000029
113 113 (0) 2 : 0.000027 0.000027 0.000027 0.000027 0.999761 0.000027 0.000027 0.000027 0.000027 0.000027
114 114 (0) 2 : 0.000028 0.000028 0.000028 0.000028 0.999751 0.000028 0.000028 0.000028 0.000028 0.000028
115 115 (0) 3 : 0.000020 0.000020 0.000020 0.000020 0.069785 0.000020 0.930058 0.000020 0.000020 0.000020
1 1 (0) 1 : 0.000029 0.000029 0.999741 0.000029 0.000029 0.000029 0.000029 0.000029 0.000029 0.000029
2 2 (0) 1 : 0.000028 0.000027 0.999752 0.000027 0.000027 0.000027 0.000027 0.000027 0.000028 0.000028
3 3 (0) 1 : 0.000029 0.000029 0.999737 0.000029 0.000029 0.000029 0.000029 0.000029 0.000029 0.000029
4 4 (0) 1 : 0.000029 0.000029 0.999735 0.000029 0.000029 0.000029 0.000029 0.000029 0.000029 0.000029
5 5 (0) 1 : 0.000031 0.000031 0.999725 0.000031 0.000031 0.000031 0.000031 0.000031 0.000031 0.000031
6 6 (0) 1 : 0.000030 0.000030 0.999734 0.000030 0.000030 0.000030 0.000030 0.000030 0.000030 0.000030
7 7 (0) 1 : 0.000032 0.000032 0.999715 0.000032 0.000032 0.000032 0.000032 0.000032 0.000032 0.000032
8 8 (0) 1 : 0.000022 0.000022 0.999799 0.000022 0.000022 0.000022 0.000022 0.000022 0.000022 0.000022
9 9 (0) 1 : 0.000021 0.000021 0.999811 0.000021 0.000021 0.000021 0.000021 0.000021 0.000021 0.000021
10 10 (0) 1 : 0.000025 0.000025 0.999779 0.000025 0.000025 0.000025 0.000025 0.000025 0.000025 0.000025
11 11 (0) 1 : 0.000029 0.000029 0.999743 0.000029 0.000029 0.000029 0.000029 0.000029 0.000029 0.000029
12 12 (0) 1 : 0.000023 0.000023 0.999789 0.000023 0.000023 0.000023 0.000023 0.000023 0.000023 0.000023
13 13 (0) 1 : 0.000028 0.000028 0.999747 0.000028 0.000028 0.000028 0.000028 0.000028 0.000028 0.000028
14 14 (0) 1 : 0.000028 0.000028 0.999745 0.000028 0.000028 0.000028 0.000028 0.000028 0.000028 0.000028
15 15 (0) 1 : 0.000028 0.000028 0.999744 0.000028 0.000028 0.000028 0.000028 0.000028 0.000028 0.000028
16 16 (0) 1 : 0.000030 0.000030 0.999730 0.000030 0.000030 0.000030 0.000030 0.000030 0.000030 0.000030
17 17 (0) 1 : 0.000033 0.000033 0.999707 0.000033 0.000033 0.000033 0.000033 0.000033 0.000033 0.000033
18 18 (0) 2 : 0.000022 0.000022 0.000022 0.000022 0.000022 0.000022 0.000022 0.000022 0.999801 0.000022
19 19 (0) 2 : 0.000028 0.000028 0.000028 0.000028 0.000028 0.000028 0.000028 0.000028 0.999744 0.000028
20 20 (0) 3 : 0.000022 0.000022 0.923657 0.000022 0.000022 0.000022 0.000022 0.000022 0.076164 0.000022
21 21 (0) 3 : 0.000023 0.000023 0.935129 0.000023 0.000023 0.000023 0.000023 0.000023 0.064683 0.000023
22 22 (0) 2 : 0.000029 0.000029 0.000029 0.000029 0.000029 0.000029 0.000029 0.000029 0.999740 0.000029
23 23 (0) 2 : 0.000022 0.000022 0.000022 0.000022 0.000022 0.000022 0.000022 0.000022 0.999799 0.000022
24 24 (0) 2 : 0.000022 0.000022 0.000022 0.000022 0.000022 0.000022 0.000022 0.000022 0.999805 0.000022
25 25 (0) 4 : 0.999767 0.000026 0.000026 0.000026 0.000026 0.000026 0.000026 0.000026 0.000026 0.000026
26 26 (0) 4 : 0.999796 0.000023 0.000023 0.000023 0.000023 0.000023 0.000023 0.000023 0.000023 0.000023
27 27 (0) 4 : 0.999699 0.000033 0.000033 0.000033 0.000033 0.000033 0.000033 0.000033 0.000033 0.000033
28 28 (0) 4 : 0.999735 0.000029 0.000029 0.000029 0.000029 0.000029 0.000029 0.000029 0.000029 0.000029
29 29 (0) 4 : 0.999690 0.000034 0.000034 0.000034 0.000034 0.000034 0.000034 0.000034 0.000034 0.000034
30 30 (0) 4 : 0.999653 0.000039 0.000039 0.000039 0.000039 0.000039 0.000039 0.000039 0.000039 0.000039
31 31 (0) 4 : 0.999717 0.000031 0.000031 0.000031 0.000031 0.000031 0.000031 0.000031 0.000031 0.000031
32 32 (0) 4 : 0.999704 0.000033 0.000033 0.000033 0.000033 0.000033 0.000033 0.000033 0.000033 0.000033
33 33 (0) 4 : 0.999747 0.000028 0.000028 0.000028 0.000028 0.000028 0.000028 0.000028 0.000028 0.000028
34 34 (0) 4 : 0.999805 0.000022 0.000022 0.000022 0.000022 0.000022 0.000022 0.000022 0.000022 0.000022
35 35 (0) 4 : 0.939001 0.000021 0.060832 0.000021 0.000021 0.000021 0.000021 0.000021 0.000021 0.000021
36 36 (0) 4 : 0.999812 0.000021 0.000021 0.000021 0.000021 0.000021 0.000021 0.000021 0.000021 0.000021
37 37 (0) 4 : 0.999809 0.000021 0.000021 0.000021 0.000021 0.000021 0.000021 0.000021 0.000021 0.000021
38 38 (0) 4 : 0.999758 0.000027 0.000027 0.000027 0.000027 0.000027 0.000027 0.000027 0.000027 0.000027
39 39 (0) 4 : 0.999800 0.000022 0.000022 0.000022 0.000022 0.000022 0.000022 0.000022 0.000022 0.000022
40 40 (0) 4 : 0.999813 0.000021 0.000021 0.000021 0.000021 0.000021 0.000021 0.000021 0.000021 0.000021
41 41 (0) 4 : 0.999733 0.000030 0.000030 0.000030 0.000030 0.000030 0.000030 0.000030 0.000030 0.000030
42 42 (0) 4 : 0.999742 0.000029 0.000029 0.000029 0.000029 0.000029 0.000029 0.000029 0.000029 0.000029
43 43 (0) 4 : 0.999731 0.000030 0.000030 0.000030 0.000030 0.000030 0.000030 0.000030 0.000030 0.000030
44 44 (0) 4 : 0.999741 0.000029 0.000029 0.000029 0.000029 0.000029 0.000029 0.000029 0.000029 0.000029
45 45 (0) 4 : 0.999737 0.000029 0.000029 0.000029 0.000029 0.000029 0.000029 0.000029 0.000029 0.000029
46 46 (0) 4 : 0.999740 0.000029 0.000029 0.000029 0.000029 0.000029 0.000029 0.000029 0.000029 0.000029
47 47 (0) 4 : 0.999730 0.000030 0.000030 0.000030 0.000030 0.000030 0.000030 0.000030 0.000030 0.000030
48 48 (0) 4 : 0.905100 0.000028 0.094673 0.000028 0.000028 0.000028 0.000028 0.000028 0.000028 0.000028
49 49 (0) 4 : 0.999750 0.000028 0.000028 0.000028 0.000028 0.000028 0.000028 0.000028 0.000028 0.000028
50 50 (0) 4 : 0.999743 0.000029 0.000029 0.000029 0.000029 0.000029 0.000029 0.000029 0.000029 0.000029
51 51 (0) 1 : 0.000019 0.000019 0.999830 0.000019 0.000019 0.000019 0.000019 0.000019 0.000019 0.000019
52 52 (0) 1 : 0.000020 0.000020 0.999820 0.000020 0.000020 0.000020 0.000020 0.000020 0.000020 0.000020
53 53 (0) 1 : 0.000032 0.000032 0.999712 0.000032 0.000032 0.000032 0.000032 0.000032 0.000032 0.000032
54 54 (0) 1 : 0.000022 0.000022 0.999801 0.000022 0.000022 0.000022 0.000022 0.000022 0.000022 0.000022
55 55 (0) 1 : 0.000034 0.000034 0.999692 0.000034 0.000034 0.000034 0.000034 0.000034 0.000034 0.000034
56 56 (0) 1 : 0.000021 0.000021 0.999807 0.000021 0.000021 0.000021 0.000021 0.000021 0.000021 0.000021
57 57 (0) 1 : 0.000021 0.000021 0.999815 0.000021 0.000021 0.000021 0.000021 0.000021 0.000021 0.000021
58 58 (0) 1 : 0.000028 0.000028 0.999750 0.000028 0.000028 0.000028 0.000028 0.000028 0.000028 0.000028
59 59 (0) 1 : 0.000027 0.000027 0.999758 0.000027 0.000027 0.000027 0.000027 0.000027 0.000027 0.000027
60 60 (0) 1 : 0.000028 0.000028 0.999750 0.000028 0.000028 0.000028 0.000028 0.000028 0.000028 0.000028
61 61 (0) 1 : 0.000019 0.000019 0.999825 0.000019 0.000019 0.000019 0.000019 0.000019 0.000019 0.000019
62 62 (0) 1 : 0.000025 0.000025 0.999777 0.000025 0.000025 0.000025 0.000025 0.000025 0.000025 0.000025
63 63 (0) 1 : 0.000026 0.000026 0.999767 0.000026 0.000026 0.000026 0.000026 0.000026 0.000026 0.000026
64 64 (0) 1 : 0.000029 0.000029 0.999741 0.000029 0.000029 0.000029 0.000029 0.000029 0.000029 0.000029
65 65 (0) 1 : 0.000028 0.000028 0.999746 0.000028 0.000028 0.000028 0.000028 0.000028 0.000028 0.000028
66 66 (0) 1 : 0.000031 0.000031 0.999718 0.000031 0.000031 0.000031 0.000031 0.000031 0.000031 0.000031
67 67 (0) 1 : 0.000028 0.000028 0.999751 0.000028 0.000028 0.000028 0.000028 0.000028 0.000028 0.000028
68 68 (0) 1 : 0.000032 0.000032 0.999712 0.000032 0.000032 0.000032 0.000032 0.000032 0.000032 0.000032
69 69 (0) 1 : 0.000034 0.000034 0.999692 0.000034 0.000034 0.000034 0.000034 0.000034 0.000034 0.000034
70 70 (0) 1 : 0.000026 0.000026 0.999765 0.000026 0.000026 0.000026 0.000026 0.000026 0.000026 0.000026
71 71 (0) 1 : 0.000031 0.000031 0.999725 0.000031 0.000031 0.000031 0.000031 0.000031 0.000031 0.000031
72 72 (0) 1 : 0.000030 0.000030 0.999731 0.000030 0.000030 0.000030 0.000030 0.000030 0.000030 0.000030
73 73 (0) 1 : 0.000028 0.000028 0.999749 0.000028 0.000028 0.000028 0.000028 0.000028 0.000028 0.000028
74 74 (0) 1 : 0.000020 0.000020 0.999822 0.000020 0.000020 0.000020 0.000020 0.000020 0.000020 0.000020
75 75 (0) 1 : 0.000019 0.000019 0.999825 0.000019 0.000019 0.000019 0.000019 0.000019 0.000019 0.000019
76 76 (0) 1 : 0.000038 0.000038 0.999655 0.000038 0.000038 0.000038 0.000038 0.000038 0.000038 0.000038
77 77 (0) 1 : 0.000030 0.000030 0.999729 0.000030 0.000030 0.000030 0.000030 0.000030 0.000030 0.000030
78 78 (0) 1 : 0.000030 0.000030 0.999733 0.000030 0.000030 0.000030 0.000030 0.000030 0.000030 0.000030
79 79 (0) 1 : 0.000025 0.000025 0.999779 0.000025 0.000025 0.000025 0.000025 0.000025 0.000025 0.000025
80 80 (0) 1 : 0.000019 0.000019 0.999826 0.000019 0.000019 0.000019 0.000019 0.000019 0.000019 0.000019
81 81 (0) 1 : 0.000019 0.000019 0.999825 0.000019 0.000019 0.000019 0.000019 0.000019 0.000019 0.000019
82 82 (0) 1 : 0.000022 0.000022 0.999804 0.000022 0.000022 0.000022 0.000022 0.000022 0.000022 0.000022
83 83 (0) 1 : 0.000028 0.000028 0.999747 0.000028 0.000028 0.000028 0.000028 0.000028 0.000028 0.000028
84 84 (0) 1 : 0.000038 0.000038 0.999655 0.000038 0.000038 0.000038 0.000038 0.000038 0.000038 0.000038
85 85 (0) 1 : 0.000020 0.000020 0.999822 0.000020 0.000020 0.000020 0.000020 0.000020 0.000020 0.000020
86 86 (0) 1 : 0.000019 0.000019 0.999825 0.000019 0.000019 0.000019 0.000019 0.000019 0.000019 0.000019
87 87 (0) 5 : 0.538141 0.000030 0.461618 0.000030 0.000030 0.000030 0.000030 0.000030 0.000030 0.000030
88 88 (0) 5 : 0.672155 0.000026 0.327638 0.000026 0.000026 0.000026 0.000026 0.000026 0.000026 0.000026
89 89 (0) 5 : 0.492158 0.000020 0.507679 0.000020 0.000020 0.000020 0.000020 0.000020 0.000020 0.000020
90 90 (0) 5 : 0.999731 0.000030 0.000030 0.000030 0.000030 0.000030 0.000030 0.000030 0.000030 0.000030
91 91 (0) 5 : 0.999745 0.000028 0.000028 0.000028 0.000028 0.000028 0.000028 0.000028 0.000028 0.000028
92 92 (0) 5 : 0.606856 0.000023 0.392960 0.000023 0.000023 0.000023 0.000023 0.000023 0.000023 0.000023
93 93 (0) 5 : 0.723859 0.000032 0.275886 0.000032 0.000032 0.000032 0.000032 0.000032 0.000032 0.000032
94 94 (0) 5 : 0.865551 0.000024 0.134258 0.000024 0.000024 0.000024 0.000024 0.000024 0.000024 0.000024
95 95 (0) 5 : 0.999723 0.000031 0.000031 0.000031 0.000031 0.000031 0.000031 0.000031 0.000031 0.000031
96 96 (0) 5 : 0.790045 0.000027 0.209736 0.000027 0.000027 0.000027 0.000027 0.000027 0.000027 0.000027
97 97 (0) 6 : 0.000027 0.000027 0.999755 0.000027 0.000027 0.000027 0.000027 0.000027 0.000027 0.000027
98 98 (0) 6 : 0.000026 0.000026 0.999764 0.000026 0.000026 0.000026 0.000026 0.000026 0.000026 0.000026
99 99 (0) 6 : 0.000026 0.000026 0.999762 0.000026 0.000026 0.000026 0.000026 0.000026 0.000026 0.000026
100 100 (0) 6 : 0.000021 0.000021 0.999808 0.000021 0.000021 0.000021 0.000021 0.000021 0.000021 0.000021
101 101 (0) 6 : 0.000021 0.000021 0.999809 0.000021 0.000021 0.000021 0.000021 0.000021 0.000021 0.000021
102 102 (0) 6 : 0.000020 0.000020 0.999819 0.000020 0.000020 0.000020 0.000020 0.000020 0.000020 0.000020
103 103 (0) 6 : 0.000027 0.000027 0.999758 0.000027 0.000027 0.000027 0.000027 0.000027 0.000027 0.000027
104 104 (0) 6 : 0.000028 0.000028 0.999745 0.000028 0.000028 0.000028 0.000028 0.000028 0.000028 0.000028
105 105 (0) 6 : 0.000028 0.000028 0.000028 0.000028 0.000028 0.000028 0.000028 0.000028 0.000028 0.999750
106 106 (0) 6 : 0.000031 0.000031 0.965907 0.000031 0.000031 0.000031 0.000031 0.000031 0.000031 0.033843
107 107 (0) 6 : 0.000028 0.000028 0.000028 0.000028 0.000028 0.000028 0.000028 0.000028 0.000028 0.999749
108 108 (0) 6 : 0.000029 0.000029 0.999735 0.000029 0.000029 0.000029 0.000029 0.000029 0.000029 0.000029
109 109 (0) 6 : 0.000029 0.000029 0.000029 0.000029 0.000029 0.000029 0.000029 0.000029 0.000029 0.999741
110 110 (0) 2 : 0.000022 0.000022 0.195055 0.000022 0.000022 0.000022 0.000022 0.000022 0.804767 0.000022
111 111 (0) 2 : 0.000029 0.000029 0.000029 0.000029 0.000029 0.000029 0.000029 0.000029 0.999743 0.000029
112 112 (0) 2 : 0.000029 0.000029 0.000029 0.000029 0.000029 0.000029 0.000029 0.000029 0.999739 0.000029
113 113 (0) 2 : 0.000027 0.000027 0.000027 0.000027 0.000027 0.000027 0.000027 0.000027 0.999761 0.000027
114 114 (0) 2 : 0.000028 0.000028 0.000028 0.000028 0.000028 0.000028 0.000028 0.000028 0.999751 0.000028
115 115 (0) 3 : 0.000020 0.000020 0.853889 0.000020 0.000020 0.000020 0.000020 0.000020 0.145954 0.000020
