1 1 (0) 1 : 0.999758 0.000122 0.000120
2 2 (0) 1 : 0.999769 0.000117 0.000114
3 3 (0) 1 : 0.999754 0.000125 0.000122
4 4 (0) 1 : 0.999753 0.000124 0.000123
5 5 (0) 1 : 0.999742 0.000130 0.000128
6 6 (0) 1 : 0.999751 0.000126 0.000123
7 7 (0) 1 : 0.000133 0.999736 0.000131
8 8 (0) 1 : 0.000094 0.999815 0.000092
9 9 (0) 1 : 0.000088 0.999826 0.000086
10 10 (0) 1 : 0.000103 0.999795 0.000101
11 11 (0) 1 : 0.000120 0.999761 0.000119
12 12 (0) 1 : 0.000099 0.999804 0.000097
13 13 (0) 1 : 0.000117 0.999766 0.000116
14 14 (0) 1 : 0.000119 0.999764 0.000117
15 15 (0) 1 : 0.000119 0.999763 0.000117
16 16 (0) 1 : 0.000126 0.999751 0.000124
17 17 (0) 1 : 0.000136 0.999730 0.000134
18 18 (0) 2 : 0.000094 0.000094 0.999812
19 19 (0) 2 : 0.000121 0.140670 0.859209
20 20 (0) 3 : 0.999810 0.000095 0.000095
21 21 (0) 3 : 0.999801 0.000100 0.000100
22 22 (0) 2 : 0.064549 0.000123 0.935328
23 23 (0) 2 : 0.000095 0.000095 0.999810
24 24 (0) 2 : 0.000092 0.069836 0.930072
25 25 (0) 4 : 0.000109 0.000109 0.999783
26 26 (0) 4 : 0.000093 0.000093 0.999814
27 27 (0) 4 : 0.000137 0.000137 0.999725
28 28 (0) 4 : 0.000121 0.000121 0.999759
29 29 (0) 4 : 0.000142 0.000143 0.999715
30 30 (0) 4 : 0.000161 0.000162 0.999676
31 31 (0) 4 : 0.000129 0.000130 0.999741
32 32 (0) 4 : 0.000137 0.000137 0.999726
33 33 (0) 4 : 0.000116 0.000116 0.999768
34 34 (0) 4 : 0.000090 0.000090 0.999820
35 35 (0) 4 : 0.000088 0.000088 0.999825
36 36 (0) 4 : 0.000086 0.000086 0.999828
37 37 (0) 4 : 0.000087 0.000088 0.999825
38 38 (0) 4 : 0.000110 0.000093 0.999797
39 39 (0) 4 : 0.000092 0.000092 0.999817
40 40 (0) 4 : 0.000085 0.000086 0.999829
41 41 (0) 4 : 0.000123 0.000123 0.999755
42 42 (0) 4 : 0.000119 0.000119 0.999763
43 43 (0) 4 : 0.000125 0.000124 0.999751
44 44 (0) 4 : 0.000120 0.000121 0.999759
45 45 (0) 4 : 0.000121 0.000120 0.999759
46 46 (0) 4 : 0.000120 0.000121 0.999759
47 47 (0) 4 : 0.000124 0.000124 0.999752
48 48 (0) 4 : 0.000120 0.000120 0.999760
49 49 (0) 4 : 0.000115 0.000114 0.999771
50 50 (0) 4 : 0.000118 0.000118 0.999765
51 51 (0) 1 : 0.999840 0.000081 0.000079
52 52 (0) 1 : 0.854728 0.145189 0.000083
53 53 (0) 1 : 0.000135 0.703484 0.296380
54 54 (0) 1 : 0.000093 0.418701 0.581206
55 55 (0) 1 : 0.000145 0.634624 0.365231
56 56 (0) 1 : 0.000091 0.468569 0.531340
57 57 (0) 1 : 0.000087 0.507413 0.492501
58 58 (0) 1 : 0.113369 0.474212 0.412419
59 59 (0) 1 : 0.000114 0.936613 0.063273
60 60 (0) 1 : 0.000118 0.999766 0.000116
61 61 (0) 1 : 0.000082 0.999837 0.000080
62 62 (0) 1 : 0.000104 0.999792 0.000104
63 63 (0) 1 : 0.000109 0.999782 0.000110
64 64 (0) 1 : 0.000121 0.999760 0.000119
65 65 (0) 1 : 0.000119 0.999764 0.000117
66 66 (0) 1 : 0.000132 0.999738 0.000130
67 67 (0) 1 : 0.000117 0.999768 0.000115
68 68 (0) 1 : 0.000136 0.999730 0.000134
69 69 (0) 1 : 0.000144 0.999715 0.000142
70 70 (0) 1 : 0.000110 0.999781 0.000108
71 71 (0) 1 : 0.000129 0.999744 0.000127
72 72 (0) 1 : 0.000127 0.999749 0.000124
73 73 (0) 1 : 0.000118 0.999766 0.000116
74 74 (0) 1 : 0.000083 0.999836 0.000081
75 75 (0) 1 : 0.000082 0.999838 0.000080
76 76 (0) 1 : 0.000161 0.999680 0.000159
77 77 (0) 1 : 0.000127 0.999749 0.000125
78 78 (0) 1 : 0.000124 0.999753 0.000123
79 79 (0) 1 : 0.000104 0.742057 0.257839
80 80 (0) 1 : 0.596948 0.402972 0.000081
81 81 (0) 1 : 0.999836 0.000083 0.000081
82 82 (0) 1 : 0.724925 0.274983 0.000091
83 83 (0) 1 : 0.999762 0.000120 0.000119
84 84 (0) 1 : 0.614703 0.327960 0.057336
85 85 (0) 1 : 0.000084 0.999835 0.000082
86 86 (0) 1 : 0.786542 0.213377 0.000081
87 87 (0) 5 : 0.085719 0.000129 0.914152
88 88 (0) 5 : 0.062443 0.000110 0.937447
89 89 (0) 5 : 0.195966 0.000087 0.803947
90 90 (0) 5 : 0.000126 0.000126 0.999747
91 91 (0) 5 : 0.000119 0.000119 0.999762
92 92 (0) 5 : 0.097023 0.000098 0.902880
93 93 (0) 5 : 0.052411 0.000136 0.947453
94 94 (0) 5 : 0.002108 0.000101 0.997791
95 95 (0) 5 : 0.000129 0.000128 0.999743
96 96 (0) 5 : 0.000116 0.000116 0.999768
97 97 (0) 6 : 0.999773 0.000114 0.000113
98 98 (0) 6 : 0.999782 0.000110 0.000108
99 99 (0) 6 : 0.999781 0.000111 0.000109
100 100 (0) 6 : 0.999823 0.000089 0.000088
101 101 (0) 6 : 0.999823 0.000089 0.000088
102 102 (0) 6 : 0.999833 0.000084 0.000083
103 103 (0) 6 : 0.999777 0.000112 0.000111
104 104 (0) 6 : 0.999763 0.000119 0.000118
105 105 (0) 6 : 0.999769 0.000116 0.000115
106 106 (0) 6 : 0.999738 0.000132 0.000130
107 107 (0) 6 : 0.999767 0.000117 0.000116
108 108 (0) 6 : 0.999755 0.000123 0.000122
109 109 (0) 6 : 0.999760 0.000120 0.000120
110 110 (0) 2 : 0.000094 0.160065 0.839841
111 111 (0) 2 : 0.000121 0.039067 0.960812
112 112 (0) 2 : 0.100612 0.000124 0.899264
113 113 (0) 2 : 0.000113 0.101806 0.898081
114 114 (0) 2 : 0.150409 0.000118 0.849472
115 115 (0) 3 : 0.999833 0.000084 0.000083
