1 1 (0) 1 : 0.999771 0.000077 0.000075 0.000078
2 2 (0) 1 : 0.999781 0.000074 0.000071 0.000074
3 3 (0) 1 : 0.999767 0.000078 0.000076 0.000079
4 4 (0) 1 : 0.999766 0.000079 0.000076 0.000079
5 5 (0) 1 : 0.999755 0.000082 0.000080 0.000083
6 6 (0) 1 : 0.999765 0.000079 0.000077 0.000079
7 7 (0) 1 : 0.999748 0.000085 0.000082 0.000085
8 8 (0) 1 : 0.999823 0.000060 0.000058 0.000060
9 9 (0) 1 : 0.999834 0.000056 0.000054 0.000056
10 10 (0) 1 : 0.999805 0.000066 0.000063 0.000066
11 11 (0) 1 : 0.999772 0.000077 0.000074 0.000077
12 12 (0) 1 : 0.999813 0.000063 0.000061 0.000063
13 13 (0) 1 : 0.999777 0.000075 0.000073 0.000075
14 14 (0) 1 : 0.999775 0.000076 0.000073 0.000076
15 15 (0) 1 : 0.999774 0.000076 0.000073 0.000076
16 16 (0) 1 : 0.999762 0.000080 0.000077 0.000080
17 17 (0) 1 : 0.999742 0.000087 0.000084 0.000087
18 18 (0) 2 : 0.000060 0.999824 0.000057 0.000059
19 19 (0) 2 : 0.000077 0.999772 0.000074 0.000077
20 20 (0) 3 : 0.999820 0.000061 0.000059 0.000061
21 21 (0) 3 : 0.999812 0.000064 0.000061 0.000063
22 22 (0) 2 : 0.000078 0.999769 0.000075 0.000078
23 23 (0) 2 : 0.000061 0.999821 0.000058 0.000060
24 24 (0) 2 : 0.000058 0.999828 0.000056 0.000058
25 25 (0) 4 : 0.000069 0.000069 0.000067 0.999795
26 26 (0) 4 : 0.000061 0.000061 0.000059 0.999820
27 27 (0) 4 : 0.000089 0.000089 0.000087 0.999734
28 28 (0) 4 : 0.000079 0.000078 0.000076 0.999767
29 29 (0) 4 : 0.000093 0.000092 0.000089 0.999726
30 30 (0) 4 : 0.120423 0.000103 0.000100 0.879374
31 31 (0) 4 : 0.000084 0.000084 0.000081 0.999751
32 32 (0) 4 : 0.000089 0.000088 0.000086 0.999738
33 33 (0) 4 : 0.000076 0.000075 0.000072 0.999777
34 34 (0) 4 : 0.000058 0.000058 0.000056 0.999828
35 35 (0) 4 : 0.025291 0.000056 0.000054 0.974600
36 36 (0) 4 : 0.000056 0.000056 0.000054 0.999834
37 37 (0) 4 : 0.000057 0.000056 0.000055 0.999831
38 38 (0) 4 : 0.000072 0.000071 0.000069 0.999787
39 39 (0) 4 : 0.000060 0.000059 0.000057 0.999824
40 40 (0) 4 : 0.000056 0.000055 0.000053 0.999836
41 41 (0) 4 : 0.000080 0.000079 0.000076 0.999764
42 42 (0) 4 : 0.000077 0.000077 0.000074 0.999772
43 43 (0) 4 : 0.000081 0.000080 0.000078 0.999762
44 44 (0) 4 : 0.000078 0.000077 0.000076 0.999769
45 45 (0) 4 : 0.000078 0.000078 0.000075 0.999768
46 46 (0) 4 : 0.000078 0.000078 0.000075 0.999769
47 47 (0) 4 : 0.000081 0.000080 0.000077 0.999761
48 48 (0) 4 : 0.084182 0.000076 0.000074 0.915667
49 49 (0) 4 : 0.000075 0.000074 0.000072 0.999779
50 50 (0) 4 : 0.000077 0.000076 0.000074 0.999773
51 51 (0) 1 : 0.999849 0.000051 0.000049 0.000051
52 52 (0) 1 : 0.999841 0.000053 0.000052 0.000054
53 53 (0) 1 : 0.797616 0.000086 0.000084 0.202213
54 54 (0) 1 : 0.999819 0.000060 0.000059 0.000062
55 55 (0) 1 : 0.717318 0.000092 0.000090 0.282500
56 56 (0) 1 : 0.563854 0.000058 0.000056 0.436033
57 57 (0) 1 : 0.589766 0.000055 0.000054 0.410126
58 58 (0) 1 : 0.686164 0.000074 0.000072 0.313689
59 59 (0) 1 : 0.999785 0.000073 0.000070 0.000073
60 60 (0) 1 : 0.999780 0.000074 0.000072 0.000074
61 61 (0) 1 : 0.999845 0.000052 0.000051 0.000052
62 62 (0) 1 : 0.999803 0.000066 0.000064 0.000067
63 63 (0) 1 : 0.999793 0.000069 0.000067 0.000070
64 64 (0) 1 : 0.999772 0.000077 0.000074 0.000077
65 65 (0) 1 : 0.999776 0.000076 0.000073 0.000076
66 66 (0) 1 : 0.999751 0.000084 0.000081 0.000084
67 67 (0) 1 : 0.999780 0.000074 0.000072 0.000074
68 68 (0) 1 : 0.999745 0.000086 0.000083 0.000086
69 69 (0) 1 : 0.999728 0.000091 0.000089 0.000092
70 70 (0) 1 : 0.999793 0.000070 0.000067 0.000070
71 71 (0) 1 : 0.999757 0.000082 0.000079 0.000082
72 72 (0) 1 : 0.999763 0.000080 0.000077 0.000080
73 73 (0) 1 : 0.999778 0.000075 0.000072 0.000075
74 74 (0) 1 : 0.999842 0.000053 0.000052 0.000053
75 75 (0) 1 : 0.999846 0.000052 0.000050 0.000052
76 76 (0) 1 : 0.999696 0.000102 0.000099 0.000103
77 77 (0) 1 : 0.999761 0.000081 0.000078 0.000081
78 78 (0) 1 : 0.999765 0.000079 0.000076 0.000079
79 79 (0) 1 : 0.793045 0.000066 0.000064 0.206824
80 80 (0) 1 : 0.999846 0.000052 0.000050 0.000052
81 81 (0) 1 : 0.999845 0.000052 0.000050 0.000052
82 82 (0) 1 : 0.999827 0.000058 0.000056 0.000058
83 83 (0) 1 : 0.999775 0.000076 0.000073 0.000076
84 84 (0) 1 : 0.999693 0.000103 0.000100 0.000104
85 85 (0) 1 : 0.999843 0.000053 0.000051 0.000053
86 86 (0) 1 : 0.999846 0.000052 0.000050 0.000052
87 87 (0) 5 : 0.343239 0.000081 0.000078 0.656602
88 88 (0) 5 : 0.281205 0.000070 0.000067 0.718658
89 89 (0) 5 : 0.430658 0.000055 0.000053 0.569234
90 90 (0) 5 : 0.152995 0.000081 0.000078 0.846847
91 91 (0) 5 : 0.016729 0.000076 0.000074 0.983121
92 92 (0) 5 : 0.304075 0.000062 0.000060 0.695803
93 93 (0) 5 : 0.200598 0.000086 0.000083 0.799234
94 94 (0) 5 : 0.168291 0.000064 0.000062 0.831584
95 95 (0) 5 : 0.052781 0.000083 0.000080 0.947056
96 96 (0) 5 : 0.183966 0.000073 0.000071 0.815890
97 97 (0) 6 : 0.999784 0.000073 0.000070 0.000073
98 98 (0) 6 : 0.999791 0.000070 0.000068 0.000070
99 99 (0) 6 : 0.999790 0.000071 0.000069 0.000071
100 100 (0) 6 : 0.999831 0.000057 0.000055 0.000057
101 101 (0) 6 : 0.999831 0.000057 0.000055 0.000057
102 102 (0) 6 : 0.999841 0.000054 0.000052 0.000054
103 103 (0) 6 : 0.999787 0.000072 0.000069 0.000072
104 104 (0) 6 : 0.999775 0.000076 0.000073 0.000076
105 105 (0) 6 : 0.999779 0.000074 0.000072 0.000075
106 106 (0) 6 : 0.999751 0.000084 0.000081 0.000084
107 107 (0) 6 : 0.999778 0.000075 0.000072 0.000075
108 108 (0) 6 : 0.999766 0.000079 0.000076 0.000079
109 109 (0) 6 : 0.999769 0.000077 0.000076 0.000078
110 110 (0) 2 : 0.166293 0.833589 0.000057 0.000060
111 111 (0) 2 : 0.000077 0.999773 0.000074 0.000077
112 112 (0) 2 : 0.000078 0.999769 0.000075 0.000078
113 113 (0) 2 : 0.000072 0.999788 0.000068 0.000072
114 114 (0) 2 : 0.000075 0.999780 0.000071 0.000074
115 115 (0) 3 : 0.950367 0.049529 0.000051 0.000053
1 1 (0) 1 : 0.000075 0.999770 0.000078 0.000077
2 2 (0) 1 : 0.000071 0.999781 0.000074 0.000074
3 3 (0) 1 : 0.000076 0.999767 0.000079 0.000078
4 4 (0) 1 : 0.000076 0.999766 0.000079 0.000079
5 5 (0) 1 : 0.000080 0.999755 0.000083 0.000082
6 6 (0) 1 : 0.000077 0.999765 0.000080 0.000079
7 7 (0) 1 : 0.000082 0.999748 0.000085 0.000085
8 8 (0) 1 : 0.000058 0.999823 0.000060 0.000060
9 9 (0) 1 : 0.000054 0.999834 0.000056 0.000056
10 10 (0) 1 : 0.000063 0.999805 0.000066 0.000066
11 11 (0) 1 : 0.000074 0.999772 0.000077 0.000077
12 12 (0) 1 : 0.000061 0.999813 0.000063 0.000063
13 13 (0) 1 : 0.000073 0.999777 0.000075 0.000075
14 14 (0) 1 : 0.000073 0.999775 0.000076 0.000076
15 15 (0) 1 : 0.000073 0.999774 0.000076 0.000076
16 16 (0) 1 : 0.000077 0.999762 0.000080 0.000080
17 17 (0) 1 : 0.000084 0.999742 0.000087 0.000087
18 18 (0) 2 : 0.000057 0.000060 0.000059 0.999824
19 19 (0) 2 : 0.000074 0.000077 0.000077 0.999772
20 20 (0) 3 : 0.000059 0.953008 0.000061 0.046873
21 21 (0) 3 : 0.000062 0.956454 0.000063 0.043422
22 22 (0) 2 : 0.000075 0.000078 0.000078 0.999769
23 23 (0) 2 : 0.000058 0.000061 0.000060 0.999821
24 24 (0) 2 : 0.000056 0.000058 0.000058 0.999828
25 25 (0) 4 : 0.000067 0.000070 0.999794 0.000069
26 26 (0) 4 : 0.000059 0.000061 0.999820 0.000061
27 27 (0) 4 : 0.000086 0.000090 0.999735 0.000089
28 28 (0) 4 : 0.000076 0.000079 0.999767 0.000078
29 29 (0) 4 : 0.000089 0.000093 0.999726 0.000092
30 30 (0) 4 : 0.000100 0.133633 0.866164 0.000103
31 31 (0) 4 : 0.000081 0.000084 0.999751 0.000084
32 32 (0) 4 : 0.000085 0.000089 0.999738 0.000088
33 33 (0) 4 : 0.000072 0.000076 0.999777 0.000075
34 34 (0) 4 : 0.000056 0.000058 0.999828 0.000058
35 35 (0) 4 : 0.000054 0.000056 0.999834 0.000056
36 36 (0) 4 : 0.000054 0.000056 0.999834 0.000056
37 37 (0) 4 : 0.000055 0.000057 0.999831 0.000057
38 38 (0) 4 : 0.000069 0.000072 0.999787 0.000071
39 39 (0) 4 : 0.000057 0.000060 0.999823 0.000059
40 40 (0) 4 : 0.000054 0.000056 0.999835 0.000056
41 41 (0) 4 : 0.000076 0.000080 0.999764 0.000079
42 42 (0) 4 : 0.000074 0.000077 0.999772 0.000077
43 43 (0) 4 : 0.000077 0.000081 0.999762 0.000080
44 44 (0) 4 : 0.000074 0.000078 0.999770 0.000077
45 45 (0) 4 : 0.000075 0.000079 0.999768 0.000078
46 46 (0) 4 : 0.000076 0.000078 0.999768 0.000078
47 47 (0) 4 : 0.000077 0.000081 0.999761 0.000080
48 48 (0) 4 : 0.000074 0.082818 0.917031 0.000076
49 49 (0) 4 : 0.000072 0.000075 0.999779 0.000074
50 50 (0) 4 : 0.000074 0.000077 0.999773 0.000076
51 51 (0) 1 : 0.000049 0.999849 0.000051 0.000051
52 52 (0) 1 : 0.000052 0.999841 0.000054 0.000053
53 53 (0) 1 : 0.000085 0.845106 0.154723 0.000086
54 54 (0) 1 : 0.000059 0.999821 0.000061 0.000060
55 55 (0) 1 : 0.000090 0.820726 0.179092 0.000092
56 56 (0) 1 : 0.000057 0.999826 0.000059 0.000058
57 57 (0) 1 : 0.000054 0.999835 0.000056 0.000055
58 58 (0) 1 : 0.000073 0.999778 0.000075 0.000075
59 59 (0) 1 : 0.000071 0.999784 0.000073 0.000073
60 60 (0) 1 : 0.000072 0.999780 0.000074 0.000074
61 61 (0) 1 : 0.000050 0.999846 0.000052 0.000052
62 62 (0) 1 : 0.000064 0.999803 0.000066 0.000066
63 63 (0) 1 : 0.000067 0.999794 0.000070 0.000069
64 64 (0) 1 : 0.000074 0.999771 0.000077 0.000077
65 65 (0) 1 : 0.000073 0.999776 0.000076 0.000076
66 66 (0) 1 : 0.000081 0.999751 0.000084 0.000084
67 67 (0) 1 : 0.000072 0.999780 0.000074 0.000074
68 68 (0) 1 : 0.000083 0.999745 0.000086 0.000086
69 69 (0) 1 : 0.000089 0.999728 0.000092 0.000092
70 70 (0) 1 : 0.000067 0.999793 0.000070 0.000070
71 71 (0) 1 : 0.000079 0.999757 0.000082 0.000082
72 72 (0) 1 : 0.000077 0.999763 0.000080 0.000080
73 73 (0) 1 : 0.000072 0.999778 0.000075 0.000075
74 74 (0) 1 : 0.000051 0.999843 0.000053 0.000053
75 75 (0) 1 : 0.000050 0.999846 0.000052 0.000052
76 76 (0) 1 : 0.000099 0.999695 0.000103 0.000103
77 77 (0) 1 : 0.000078 0.999761 0.000081 0.000081
78 78 (0) 1 : 0.000077 0.999765 0.000079 0.000079
79 79 (0) 1 : 0.000065 0.999802 0.000067 0.000067
80 80 (0) 1 : 0.000050 0.999846 0.000052 0.000052
81 81 (0) 1 : 0.000051 0.999845 0.000052 0.000052
82 82 (0) 1 : 0.000056 0.999827 0.000058 0.000058
83 83 (0) 1 : 0.000074 0.999775 0.000076 0.000076
84 84 (0) 1 : 0.000100 0.999692 0.000104 0.000103
85 85 (0) 1 : 0.000051 0.999843 0.000053 0.000053
86 86 (0) 1 : 0.000050 0.999845 0.000052 0.000052
87 87 (0) 5 : 0.000078 0.355928 0.643912 0.000081
88 88 (0) 5 : 0.000067 0.263991 0.735872 0.000070
89 89 (0) 5 : 0.000053 0.422225 0.577667 0.000055
90 90 (0) 5 : 0.000078 0.158107 0.841735 0.000081
91 91 (0) 5 : 0.000074 0.000077 0.999773 0.000076
92 92 (0) 5 : 0.000060 0.309922 0.689957 0.000062
93 93 (0) 5 : 0.000083 0.212834 0.786997 0.000086
94 94 (0) 5 : 0.000062 0.125125 0.874749 0.000064
95 95 (0) 5 : 0.000080 0.056991 0.942846 0.000083
96 96 (0) 5 : 0.000071 0.195818 0.804037 0.000074
97 97 (0) 6 : 0.000070 0.999784 0.000073 0.000073
98 98 (0) 6 : 0.000068 0.999791 0.000071 0.000070
99 99 (0) 6 : 0.000068 0.999790 0.000071 0.000071
100 100 (0) 6 : 0.000055 0.999831 0.000057 0.000057
101 101 (0) 6 : 0.000055 0.999831 0.000057 0.000057
102 102 (0) 6 : 0.000052 0.999841 0.000054 0.000054
103 103 (0) 6 : 0.000069 0.999787 0.000072 0.000072
104 104 (0) 6 : 0.000073 0.999775 0.000076 0.000076
105 105 (0) 6 : 0.000072 0.999778 0.000075 0.000074
106 106 (0) 6 : 0.000081 0.999751 0.000084 0.000084
107 107 (0) 6 : 0.000072 0.999778 0.000075 0.000075
108 108 (0) 6 : 0.000076 0.999767 0.000079 0.000079
109 109 (0) 6 : 0.000075 0.999771 0.000078 0.000077
110 110 (0) 2 : 0.000057 0.000060 0.000060 0.999822
111 111 (0) 2 : 0.000074 0.000077 0.000077 0.999773
112 112 (0) 2 : 0.000075 0.000078 0.000078 0.999769
113 113 (0) 2 : 0.000068 0.000072 0.000072 0.999788
114 114 (0) 2 : 0.000071 0.000075 0.000074 0.999780
115 115 (0) 3 : 0.000052 0.927027 0.000053 0.072868
1 1 (0) 1 : 0.999769 0.000076 0.000078 0.000077
2 2 (0) 1 : 0.999780 0.000073 0.000074 0.000074
3 3 (0) 1 : 0.999765 0.000078 0.000079 0.000078
4 4 (0) 1 : 0.999764 0.000078 0.000079 0.000079
5 5 (0) 1 : 0.999754 0.000081 0.000083 0.000082
6 6 (0) 1 : 0.999763 0.000079 0.000080 0.000079
7 7 (0) 1 : 0.999746 0.000084 0.000085 0.000085
8 8 (0) 1 : 0.999821 0.000059 0.000060 0.000060
9 9 (0) 1 : 0.999832 0.000056 0.000056 0.000056
10 10 (0) 1 : 0.999803 0.000065 0.000066 0.000066
11 11 (0) 1 : 0.999771 0.000076 0.000077 0.000077
12 12 (0) 1 : 0.999812 0.000062 0.000063 0.000063
13 13 (0) 1 : 0.999775 0.000074 0.000075 0.000075
14 14 (0) 1 : 0.999773 0.000075 0.000076 0.000076
15 15 (0) 1 : 0.999772 0.000076 0.000076 0.000076
16 16 (0) 1 : 0.999760 0.000080 0.000080 0.000080
17 17 (0) 1 : 0.999740 0.000086 0.000087 0.000087
18 18 (0) 2 : 0.000060 0.000058 0.000059 0.999823
19 19 (0) 2 : 0.000077 0.000076 0.000077 0.999770
20 20 (0) 3 : 0.962758 0.000059 0.000060 0.037123
21 21 (0) 3 : 0.966839 0.000062 0.000063 0.033037
22 22 (0) 2 : 0.000078 0.000077 0.000078 0.999766
23 23 (0) 2 : 0.000061 0.000059 0.000060 0.999820
24 24 (0) 2 : 0.000058 0.000057 0.000058 0.999826
25 25 (0) 4 : 0.140579 0.000069 0.859283 0.000069
26 26 (0) 4 : 0.000061 0.000060 0.999818 0.000061
27 27 (0) 4 : 0.000090 0.000088 0.999733 0.000089
28 28 (0) 4 : 0.000079 0.000077 0.999766 0.000078
29 29 (0) 4 : 0.000093 0.000092 0.999723 0.000092
30 30 (0) 4 : 0.000104 0.000102 0.999690 0.000104
31 31 (0) 4 : 0.000084 0.000083 0.999748 0.000084
32 32 (0) 4 : 0.000089 0.000087 0.999736 0.000088
33 33 (0) 4 : 0.000076 0.000075 0.999775 0.000075
34 34 (0) 4 : 0.000058 0.000057 0.999826 0.000058
35 35 (0) 4 : 0.148084 0.000055 0.851805 0.000056
36 36 (0) 4 : 0.000056 0.000055 0.999833 0.000056
37 37 (0) 4 : 0.000057 0.000056 0.999830 0.000057
38 38 (0) 4 : 0.000072 0.000071 0.999785 0.000072
39 39 (0) 4 : 0.000060 0.000059 0.999822 0.000059
40 40 (0) 4 : 0.000056 0.000055 0.999834 0.000056
41 41 (0) 4 : 0.000080 0.000079 0.999762 0.000079
42 42 (0) 4 : 0.000077 0.000076 0.999770 0.000077
43 43 (0) 4 : 0.000081 0.000079 0.999760 0.000080
44 44 (0) 4 : 0.000078 0.000076 0.999769 0.000077
45 45 (0) 4 : 0.000079 0.000077 0.999766 0.000078
46 46 (0) 4 : 0.000078 0.000077 0.999767 0.000078
47 47 (0) 4 : 0.000081 0.000080 0.999759 0.000080
48 48 (0) 4 : 0.000077 0.000076 0.999770 0.000077
49 49 (0) 4 : 0.000075 0.000074 0.999777 0.000074
50 50 (0) 4 : 0.000077 0.000076 0.999771 0.000076
51 51 (0) 1 : 0.999848 0.000050 0.000051 0.000051
52 52 (0) 1 : 0.999840 0.000053 0.000054 0.000053
53 53 (0) 1 : 0.694746 0.000086 0.305082 0.000086
54 54 (0) 1 : 0.411840 0.000059 0.588041 0.000060
55 55 (0) 1 : 0.673678 0.000092 0.326137 0.000092
56 56 (0) 1 : 0.477023 0.000057 0.522862 0.000058
57 57 (0) 1 : 0.497317 0.000055 0.502574 0.000055
58 58 (0) 1 : 0.590165 0.000074 0.409687 0.000074
59 59 (0) 1 : 0.999783 0.000072 0.000073 0.000073
60 60 (0) 1 : 0.999777 0.000074 0.000074 0.000074
61 61 (0) 1 : 0.999845 0.000051 0.000052 0.000052
62 62 (0) 1 : 0.844507 0.000066 0.155362 0.000066
63 63 (0) 1 : 0.877725 0.000069 0.122137 0.000069
64 64 (0) 1 : 0.999769 0.000076 0.000077 0.000077
65 65 (0) 1 : 0.999774 0.000075 0.000076 0.000076
66 66 (0) 1 : 0.999748 0.000084 0.000084 0.000084
67 67 (0) 1 : 0.999778 0.000073 0.000074 0.000074
68 68 (0) 1 : 0.999743 0.000085 0.000086 0.000086
69 69 (0) 1 : 0.999726 0.000091 0.000092 0.000092
70 70 (0) 1 : 0.999790 0.000070 0.000070 0.000070
71 71 (0) 1 : 0.999755 0.000081 0.000082 0.000082
72 72 (0) 1 : 0.999761 0.000079 0.000080 0.000080
73 73 (0) 1 : 0.999776 0.000074 0.000075 0.000075
74 74 (0) 1 : 0.999843 0.000052 0.000053 0.000053
75 75 (0) 1 : 0.999845 0.000051 0.000052 0.000052
76 76 (0) 1 : 0.999693 0.000102 0.000103 0.000103
77 77 (0) 1 : 0.999759 0.000080 0.000081 0.000081
78 78 (0) 1 : 0.999763 0.000078 0.000079 0.000079
79 79 (0) 1 : 0.717302 0.000066 0.282566 0.000066
80 80 (0) 1 : 0.999845 0.000051 0.000052 0.000052
81 81 (0) 1 : 0.999844 0.000052 0.000052 0.000052
82 82 (0) 1 : 0.999826 0.000058 0.000058 0.000058
83 83 (0) 1 : 0.999775 0.000073 0.000076 0.000076
84 84 (0) 1 : 0.999690 0.000103 0.000104 0.000103
85 85 (0) 1 : 0.999842 0.000052 0.000053 0.000053
86 86 (0) 1 : 0.999844 0.000052 0.000052 0.000052
87 87 (0) 5 : 0.365336 0.000079 0.634504 0.000081
88 88 (0) 5 : 0.334302 0.000069 0.665559 0.000070
89 89 (0) 5 : 0.741625 0.000054 0.000056 0.258265
90 90 (0) 5 : 0.000081 0.000078 0.999761 0.000081
91 91 (0) 5 : 0.000077 0.000075 0.999772 0.000076
92 92 (0) 5 : 0.344604 0.000061 0.655274 0.000062
93 93 (0) 5 : 0.196546 0.000084 0.803283 0.000086
94 94 (0) 5 : 0.238644 0.000063 0.761228 0.000064
95 95 (0) 5 : 0.000083 0.000081 0.999753 0.000083
96 96 (0) 5 : 0.190715 0.000073 0.809139 0.000074
97 97 (0) 6 : 0.999782 0.000072 0.000073 0.000073
98 98 (0) 6 : 0.999789 0.000070 0.000071 0.000071
99 99 (0) 6 : 0.999788 0.000070 0.000071 0.000071
100 100 (0) 6 : 0.999831 0.000055 0.000057 0.000057
101 101 (0) 6 : 0.999831 0.000055 0.000057 0.000057
102 102 (0) 6 : 0.999841 0.000052 0.000054 0.000054
103 103 (0) 6 : 0.999785 0.000071 0.000072 0.000072
104 104 (0) 6 : 0.999772 0.000075 0.000076 0.000076
105 105 (0) 6 : 0.000077 0.999772 0.000076 0.000075
106 106 (0) 6 : 0.999748 0.000084 0.000084 0.000084
107 107 (0) 6 : 0.999775 0.000074 0.000075 0.000075
108 108 (0) 6 : 0.999765 0.000079 0.000078 0.000079
109 109 (0) 6 : 0.000079 0.999764 0.000079 0.000078
110 110 (0) 2 : 0.161714 0.000059 0.000060 0.838167
111 111 (0) 2 : 0.000077 0.000076 0.000077 0.999771
112 112 (0) 2 : 0.000078 0.000076 0.000078 0.999767
113 113 (0) 2 : 0.000072 0.000071 0.000072 0.999786
114 114 (0) 2 : 0.000075 0.000073 0.000074 0.999777
115 115 (0) 3 : 0.940166 0.000052 0.000053 0.059729
1 1 (0) 1 : 0.999782 0.000073 0.000073 0.000073
2 2 (0) 1 : 0.999792 0.000069 0.000069 0.000069
3 3 (0) 1 : 0.999779 0.000074 0.000074 0.000074
4 4 (0) 1 : 0.999778 0.000074 0.000074 0.000074
5 5 (0) 1 : 0.999767 0.000078 0.000078 0.000078
6 6 (0) 1 : 0.999776 0.000075 0.000075 0.000075
7 7 (0) 1 : 0.999760 0.000080 0.000080 0.000080
8 8 (0) 1 : 0.999831 0.000056 0.000056 0.000056
9 9 (0) 1 : 0.999841 0.000053 0.000053 0.000053
10 10 (0) 1 : 0.999814 0.000062 0.000062 0.000062
11 11 (0) 1 : 0.999784 0.000072 0.000072 0.000072
12 12 (0) 1 : 0.999822 0.000059 0.000059 0.000059
13 13 (0) 1 : 0.999788 0.000071 0.000071 0.000071
14 14 (0) 1 : 0.999786 0.000071 0.000071 0.000071
15 15 (0) 1 : 0.999785 0.000072 0.000072 0.000072
16 16 (0) 1 : 0.999773 0.000076 0.000076 0.000076
17 17 (0) 1 : 0.999754 0.000082 0.000082 0.000082
18 18 (0) 2 : 0.000056 0.000056 0.999833 0.000056
19 19 (0) 2 : 0.000072 0.000072 0.999784 0.000072
20 20 (0) 3 : 0.952134 0.000057 0.047753 0.000057
21 21 (0) 3 : 0.954569 0.000059 0.045313 0.000059
22 22 (0) 2 : 0.000073 0.000073 0.999780 0.000073
23 23 (0) 2 : 0.000057 0.000057 0.999830 0.000057
24 24 (0) 2 : 0.000055 0.000055 0.999836 0.000055
25 25 (0) 4 : 0.000065 0.000065 0.000065 0.999804
26 26 (0) 4 : 0.000057 0.000057 0.000057 0.999829
27 27 (0) 4 : 0.000084 0.000084 0.000084 0.999748
28 28 (0) 4 : 0.000074 0.000074 0.000074 0.999778
29 29 (0) 4 : 0.000087 0.000087 0.000087 0.999739
30 30 (0) 4 : 0.129987 0.000097 0.000097 0.869820
31 31 (0) 4 : 0.000079 0.000079 0.000079 0.999763
32 32 (0) 4 : 0.000083 0.000083 0.000083 0.999751
33 33 (0) 4 : 0.000071 0.000071 0.000071 0.999787
34 34 (0) 4 : 0.000054 0.000054 0.000054 0.999837
35 35 (0) 4 : 0.000052 0.000052 0.000052 0.999843
36 36 (0) 4 : 0.000053 0.999842 0.000053 0.000053
37 37 (0) 4 : 0.000053 0.999840 0.000053 0.000053
38 38 (0) 4 : 0.000068 0.000068 0.000068 0.999797
39 39 (0) 4 : 0.000056 0.125053 0.000056 0.874835
40 40 (0) 4 : 0.000052 0.999843 0.000052 0.000052
41 41 (0) 4 : 0.000075 0.000075 0.000075 0.999776
42 42 (0) 4 : 0.000072 0.000072 0.000072 0.999783
43 43 (0) 4 : 0.000075 0.000075 0.000075 0.999774
44 44 (0) 4 : 0.000073 0.000073 0.000073 0.999782
45 45 (0) 4 : 0.000074 0.000073 0.000073 0.999780
46 46 (0) 4 : 0.000073 0.000073 0.000073 0.999781
47 47 (0) 4 : 0.000076 0.000076 0.000076 0.999773
48 48 (0) 4 : 0.067669 0.000072 0.000072 0.932188
49 49 (0) 4 : 0.000070 0.000070 0.000070 0.999789
50 50 (0) 4 : 0.000072 0.000072 0.000072 0.999784
51 51 (0) 1 : 0.999857 0.000048 0.000048 0.000048
52 52 (0) 1 : 0.999849 0.000050 0.000050 0.000050
53 53 (0) 1 : 0.798449 0.201390 0.000081 0.000081
54 54 (0) 1 : 0.611167 0.388721 0.000056 0.000056
55 55 (0) 1 : 0.838294 0.161533 0.000087 0.000087
56 56 (0) 1 : 0.675419 0.324472 0.000054 0.000054
57 57 (0) 1 : 0.712661 0.287236 0.000052 0.000052
58 58 (0) 1 : 0.784441 0.215420 0.000070 0.000070
59 59 (0) 1 : 0.977523 0.000068 0.000068 0.022341
60 60 (0) 1 : 0.999790 0.000070 0.000070 0.000070
61 61 (0) 1 : 0.999853 0.000049 0.000049 0.000049
62 62 (0) 1 : 0.981479 0.018397 0.000062 0.000062
63 63 (0) 1 : 0.966375 0.033495 0.000065 0.000065
64 64 (0) 1 : 0.999782 0.000073 0.000073 0.000073
65 65 (0) 1 : 0.999786 0.000071 0.000071 0.000071
66 66 (0) 1 : 0.999763 0.000079 0.000079 0.000079
67 67 (0) 1 : 0.999791 0.000070 0.000070 0.000070
68 68 (0) 1 : 0.999757 0.000081 0.000081 0.000081
69 69 (0) 1 : 0.999742 0.000086 0.000086 0.000086
70 70 (0) 1 : 0.999802 0.000066 0.000066 0.000066
71 71 (0) 1 : 0.999769 0.000077 0.000077 0.000077
72 72 (0) 1 : 0.999774 0.000075 0.000075 0.000075
73 73 (0) 1 : 0.999789 0.000070 0.000070 0.000070
74 74 (0) 1 : 0.999851 0.000050 0.000050 0.000050
75 75 (0) 1 : 0.999853 0.000049 0.000049 0.000049
76 76 (0) 1 : 0.999710 0.000097 0.000097 0.000097
77 77 (0) 1 : 0.999772 0.000076 0.000076 0.000076
78 78 (0) 1 : 0.999776 0.000075 0.000075 0.000075
79 79 (0) 1 : 0.857327 0.142549 0.000062 0.000062
80 80 (0) 1 : 0.999853 0.000049 0.000049 0.000049
81 81 (0) 1 : 0.999853 0.000049 0.000049 0.000049
82 82 (0) 1 : 0.999836 0.000055 0.000055 0.000055
83 83 (0) 1 : 0.999787 0.000071 0.000071 0.000071
84 84 (0) 1 : 0.999709 0.000097 0.000097 0.000097
85 85 (0) 1 : 0.999850 0.000050 0.000050 0.000050
86 86 (0) 1 : 0.999853 0.000049 0.000049 0.000049
87 87 (0) 5 : 0.314602 0.000076 0.000076 0.685246
88 88 (0) 5 : 0.204226 0.000065 0.000065 0.795644
89 89 (0) 5 : 0.387752 0.000051 0.000051 0.612145
90 90 (0) 5 : 0.130876 0.000075 0.000075 0.868973
91 91 (0) 5 : 0.000072 0.000072 0.000072 0.999785
92 92 (0) 5 : 0.255373 0.000058 0.000058 0.744512
93 93 (0) 5 : 0.176289 0.000081 0.000081 0.823550
94 94 (0) 5 : 0.074490 0.000060 0.000060 0.925390
95 95 (0) 5 : 0.000078 0.000077 0.000077 0.999768
96 96 (0) 5 : 0.169991 0.000069 0.000069 0.829870
97 97 (0) 6 : 0.999794 0.000069 0.000069 0.000069
98 98 (0) 6 : 0.999801 0.000066 0.000066 0.000066
99 99 (0) 6 : 0.999801 0.000066 0.000066 0.000066
100 100 (0) 6 : 0.999839 0.000054 0.000054 0.000054
101 101 (0) 6 : 0.999839 0.000054 0.000054 0.000054
102 102 (0) 6 : 0.999848 0.000051 0.000051 0.000051
103 103 (0) 6 : 0.999797 0.000068 0.000068 0.000068
104 104 (0) 6 : 0.999786 0.000071 0.000071 0.000071
105 105 (0) 6 : 0.999789 0.000070 0.000070 0.000070
106 106 (0) 6 : 0.999763 0.000079 0.000079 0.000079
107 107 (0) 6 : 0.999789 0.000070 0.000070 0.000070
108 108 (0) 6 : 0.999778 0.000074 0.000074 0.000074
109 109 (0) 6 : 0.999782 0.000073 0.000073 0.000073
110 110 (0) 2 : 0.171675 0.000056 0.828213 0.000056
111 111 (0) 2 : 0.000072 0.000072 0.999784 0.000072
112 112 (0) 2 : 0.121266 0.000073 0.878588 0.000073
113 113 (0) 2 : 0.000067 0.000067 0.999799 0.000067
114 114 (0) 2 : 0.000070 0.000070 0.999791 0.000070
115 115 (0) 3 : 0.929624 0.000050 0.070276 0.000050
1 1 (0) 1 : 0.999768 0.000078 0.000077 0.000077
2 2 (0) 1 : 0.999779 0.000074 0.000074 0.000073
3 3 (0) 1 : 0.999765 0.000079 0.000078 0.000078
4 4 (0) 1 : 0.999764 0.000079 0.000079 0.000078
5 5 (0) 1 : 0.999753 0.000083 0.000082 0.000082
6 6 (0) 1 : 0.999763 0.000080 0.000079 0.000079
7 7 (0) 1 : 0.999746 0.000085 0.000085 0.000084
8 8 (0) 1 : 0.999822 0.000060 0.000060 0.000059
9 9 (0) 1 : 0.999833 0.000056 0.000056 0.000055
10 10 (0) 1 : 0.999803 0.000066 0.000066 0.000065
11 11 (0) 1 : 0.999771 0.000077 0.000077 0.000076
12 12 (0) 1 : 0.999812 0.000063 0.000063 0.000062
13 13 (0) 1 : 0.999775 0.000075 0.000075 0.000074
14 14 (0) 1 : 0.999773 0.000076 0.000076 0.000075
15 15 (0) 1 : 0.999772 0.000076 0.000076 0.000075
16 16 (0) 1 : 0.999760 0.000080 0.000080 0.000080
17 17 (0) 1 : 0.999740 0.000087 0.000087 0.000086
18 18 (0) 2 : 0.000060 0.000059 0.999823 0.000058
19 19 (0) 2 : 0.000077 0.000077 0.999770 0.000076
20 20 (0) 3 : 0.999819 0.000061 0.000061 0.000059
21 21 (0) 3 : 0.999812 0.000063 0.000063 0.000062
22 22 (0) 2 : 0.000078 0.000078 0.999767 0.000077
23 23 (0) 2 : 0.000061 0.000060 0.999820 0.000059
24 24 (0) 2 : 0.000058 0.000058 0.999827 0.000057
25 25 (0) 4 : 0.113676 0.886186 0.000069 0.000068
26 26 (0) 4 : 0.000061 0.999818 0.000061 0.000060
27 27 (0) 4 : 0.000089 0.999733 0.000089 0.000088
28 28 (0) 4 : 0.000079 0.999765 0.000078 0.000078
29 29 (0) 4 : 0.000093 0.999724 0.000092 0.000091
30 30 (0) 4 : 0.111050 0.888744 0.000103 0.000102
31 31 (0) 4 : 0.000084 0.999749 0.000084 0.000083
32 32 (0) 4 : 0.000089 0.999736 0.000088 0.000087
33 33 (0) 4 : 0.000076 0.999775 0.000075 0.000074
34 34 (0) 4 : 0.000058 0.999827 0.000058 0.000057
35 35 (0) 4 : 0.110206 0.889684 0.000056 0.000055
36 36 (0) 4 : 0.000056 0.999833 0.000056 0.000055
37 37 (0) 4 : 0.000057 0.999831 0.000057 0.000056
38 38 (0) 4 : 0.000072 0.999786 0.000071 0.000071
39 39 (0) 4 : 0.000060 0.999822 0.000059 0.000059
40 40 (0) 4 : 0.000056 0.999834 0.000055 0.000055
41 41 (0) 4 : 0.000080 0.999762 0.000079 0.000079
42 42 (0) 4 : 0.000077 0.999770 0.000077 0.000076
43 43 (0) 4 : 0.000081 0.999760 0.000080 0.000079
44 44 (0) 4 : 0.000078 0.999769 0.000077 0.000076
45 45 (0) 4 : 0.000078 0.999766 0.000078 0.000077
46 46 (0) 4 : 0.000078 0.999767 0.000078 0.000077
47 47 (0) 4 : 0.000081 0.999759 0.000080 0.000079
48 48 (0) 4 : 0.093993 0.905855 0.000076 0.000075
49 49 (0) 4 : 0.000075 0.999777 0.000074 0.000074
50 50 (0) 4 : 0.000077 0.999771 0.000076 0.000076
51 51 (0) 1 : 0.999848 0.000051 0.000051 0.000050
52 52 (0) 1 : 0.999840 0.000054 0.000053 0.000053
53 53 (0) 1 : 0.701738 0.298090 0.000086 0.000086
54 54 (0) 1 : 0.413323 0.586559 0.000060 0.000059
55 55 (0) 1 : 0.674721 0.325095 0.000092 0.000091
56 56 (0) 1 : 0.476582 0.523303 0.000058 0.000057
57 57 (0) 1 : 0.497207 0.502684 0.000055 0.000054
58 58 (0) 1 : 0.591991 0.407861 0.000074 0.000074
59 59 (0) 1 : 0.999783 0.000073 0.000073 0.000072
60 60 (0) 1 : 0.999778 0.000075 0.000074 0.000073
61 61 (0) 1 : 0.999845 0.000052 0.000052 0.000051
62 62 (0) 1 : 0.846092 0.153777 0.000066 0.000065
63 63 (0) 1 : 0.880254 0.119608 0.000069 0.000069
64 64 (0) 1 : 0.999769 0.000077 0.000077 0.000076
65 65 (0) 1 : 0.999774 0.000076 0.000076 0.000075
66 66 (0) 1 : 0.999749 0.000084 0.000084 0.000083
67 67 (0) 1 : 0.999778 0.000074 0.000074 0.000073
68 68 (0) 1 : 0.999743 0.000086 0.000086 0.000085
69 69 (0) 1 : 0.999726 0.000092 0.000091 0.000091
70 70 (0) 1 : 0.999791 0.000070 0.000070 0.000069
71 71 (0) 1 : 0.999755 0.000082 0.000082 0.000081
72 72 (0) 1 : 0.999761 0.000080 0.000080 0.000079
73 73 (0) 1 : 0.999776 0.000075 0.000075 0.000074
74 74 (0) 1 : 0.999843 0.000053 0.000053 0.000052
75 75 (0) 1 : 0.999845 0.000052 0.000052 0.000051
76 76 (0) 1 : 0.999693 0.000103 0.000103 0.000102
77 77 (0) 1 : 0.999759 0.000081 0.000080 0.000080
78 78 (0) 1 : 0.999763 0.000080 0.000079 0.000079
79 79 (0) 1 : 0.714087 0.285782 0.000066 0.000066
80 80 (0) 1 : 0.999845 0.000052 0.000052 0.000051
81 81 (0) 1 : 0.999844 0.000052 0.000052 0.000051
82 82 (0) 1 : 0.999826 0.000058 0.000058 0.000057
83 83 (0) 1 : 0.999773 0.000076 0.000076 0.000075
84 84 (0) 1 : 0.966219 0.033576 0.000103 0.000102
85 85 (0) 1 : 0.999842 0.000053 0.000053 0.000052
86 86 (0) 1 : 0.999844 0.000052 0.000052 0.000051
87 87 (0) 5 : 0.349098 0.650741 0.000081 0.000080
88 88 (0) 5 : 0.315601 0.684260 0.000070 0.000069
89 89 (0) 5 : 0.465755 0.534136 0.000055 0.000054
90 90 (0) 5 : 0.139265 0.860575 0.000081 0.000080
91 91 (0) 5 : 0.000077 0.999771 0.000076 0.000076
92 92 (0) 5 : 0.324630 0.675247 0.000062 0.000061
93 93 (0) 5 : 0.200358 0.799472 0.000086 0.000085
94 94 (0) 5 : 0.221786 0.778086 0.000064 0.000063
95 95 (0) 5 : 0.000083 0.999752 0.000083 0.000082
96 96 (0) 5 : 0.187210 0.812644 0.000074 0.000073
97 97 (0) 6 : 0.999782 0.000073 0.000073 0.000072
98 98 (0) 6 : 0.999788 0.000071 0.000070 0.000071
99 99 (0) 6 : 0.999787 0.000071 0.000071 0.000071
100 100 (0) 6 : 0.999829 0.000057 0.000057 0.000057
101 101 (0) 6 : 0.999830 0.000057 0.000057 0.000056
102 102 (0) 6 : 0.999840 0.000054 0.000054 0.000053
103 103 (0) 6 : 0.999784 0.000072 0.000072 0.000072
104 104 (0) 6 : 0.999772 0.000076 0.000076 0.000075
105 105 (0) 6 : 0.000077 0.000076 0.000075 0.999772
106 106 (0) 6 : 0.999747 0.000084 0.000084 0.000085
107 107 (0) 6 : 0.999776 0.000075 0.000075 0.000075
108 108 (0) 6 : 0.999764 0.000079 0.000079 0.000079
109 109 (0) 6 : 0.000079 0.000079 0.000078 0.999764
110 110 (0) 2 : 0.164291 0.000060 0.835590 0.000059
111 111 (0) 2 : 0.000077 0.000077 0.999771 0.000075
112 112 (0) 2 : 0.000078 0.000078 0.999766 0.000077
113 113 (0) 2 : 0.000072 0.000072 0.999786 0.000070
114 114 (0) 2 : 0.000075 0.000074 0.999778 0.000073
115 115 (0) 3 : 0.958328 0.000053 0.041567 0.000052
