1 1 (0) 1 : 0.000036 0.000036 0.000036 0.000036 0.000036 0.000036 0.999747 0.000036
2 2 (0) 1 : 0.000034 0.000034 0.000034 0.000034 0.000034 0.000034 0.999759 0.000034
3 3 (0) 1 : 0.000037 0.000037 0.000037 0.000037 0.000037 0.000037 0.999743 0.000037
4 4 (0) 1 : 0.000037 0.000037 0.000037 0.000037 0.000037 0.000037 0.999742 0.000037
5 5 (0) 1 : 0.000038 0.000038 0.000038 0.000038 0.000038 0.000038 0.999731 0.000038
6 6 (0) 1 : 0.000037 0.000037 0.000037 0.000037 0.000037 0.000037 0.999741 0.000037
7 7 (0) 1 : 0.000040 0.000040 0.000040 0.000040 0.000040 0.000040 0.999722 0.000040
8 8 (0) 1 : 0.000028 0.000028 0.000028 0.000028 0.000028 0.000028 0.999804 0.000028
9 9 (0) 1 : 0.000026 0.000026 0.000026 0.000026 0.000026 0.000026 0.999816 0.000026
10 10 (0) 1 : 0.000031 0.000031 0.000031 0.000031 0.000031 0.000031 0.999784 0.000031
11 11 (0) 1 : 0.000036 0.000036 0.000036 0.000036 0.000036 0.000036 0.999749 0.000036
12 12 (0) 1 : 0.000029 0.000029 0.000029 0.000029 0.000029 0.000029 0.999794 0.000029
13 13 (0) 1 : 0.000035 0.000035 0.000035 0.000035 0.000035 0.000035 0.999754 0.000035
14 14 (0) 1 : 0.000036 0.000036 0.000036 0.000036 0.000036 0.000036 0.999751 0.000036
15 15 (0) 1 : 0.000036 0.000036 0.000036 0.000036 0.000036 0.000036 0.999750 0.000036
16 16 (0) 1 : 0.000038 0.000038 0.000038 0.000038 0.000038 0.000038 0.999737 0.000038
17 17 (0) 1 : 0.000041 0.000041 0.000041 0.000041 0.000041 0.000041 0.999715 0.000041
18 18 (0) 2 : 0.000028 0.000028 0.999806 0.000028 0.000028 0.000028 0.000028 0.000028
19 19 (0) 2 : 0.000036 0.000036 0.809682 0.000036 0.000036 0.000036 0.190104 0.000036
20 20 (0) 3 : 0.000028 0.000028 0.000028 0.000028 0.000028 0.000028 0.999803 0.000028
21 21 (0) 3 : 0.000029 0.000029 0.000029 0.000029 0.000029 0.000029 0.999794 0.000029
22 22 (0) 2 : 0.000036 0.000036 0.999745 0.000036 0.000036 0.000036 0.000036 0.000036
23 23 (0) 2 : 0.000028 0.000028 0.999804 0.000028 0.000028 0.000028 0.000028 0.000028
24 24 (0) 2 : 0.000027 0.000027 0.999810 0.000027 0.000027 0.000027 0.000027 0.000027
25 25 (0) 4 : 0.000033 0.999772 0.000033 0.000033 0.000033 0.000033 0.000033 0.000033
26 26 (0) 4 : 0.000028 0.999801 0.000028 0.000028 0.000028 0.000028 0.000028 0.000028
27 27 (0) 4 : 0.000042 0.999707 0.000042 0.000042 0.000042 0.000042 0.000042 0.000042
28 28 (0) 4 : 0.000037 0.999742 0.000037 0.000037 0.000037 0.000037 0.000037 0.000037
29 29 (0) 4 : 0.000043 0.999697 0.000043 0.000043 0.000043 0.000043 0.000043 0.000043
30 30 (0) 4 : 0.000048 0.999663 0.000048 0.000048 0.000048 0.000048 0.000048 0.000048
31 31 (0) 4 : 0.000039 0.999724 0.000039 0.000039 0.000039 0.000039 0.000039 0.000039
32 32 (0) 4 : 0.000041 0.999711 0.000041 0.000041 0.000041 0.000041 0.000041 0.000041
33 33 (0) 4 : 0.000035 0.999753 0.000035 0.000035 0.000035 0.000035 0.000035 0.000035
34 34 (0) 4 : 0.000027 0.999811 0.000027 0.000027 0.000027 0.000027 0.000027 0.000027
35 35 (0) 4 : 0.000026 0.999817 0.000026 0.000026 0.000026 0.000026 0.000026 0.000026
36 36 (0) 4 : 0.000026 0.999817 0.000026 0.000026 0.000026 0.000026 0.000026 0.000026
37 37 (0) 4 : 0.000027 0.999814 0.000027 0.000027 0.000027 0.000027 0.000027 0.000027
38 38 (0) 4 : 0.000034 0.999764 0.000034 0.000034 0.000034 0.000034 0.000034 0.000034
39 39 (0) 4 : 0.000028 0.999805 0.000028 0.000028 0.000028 0.000028 0.000028 0.000028
40 40 (0) 4 : 0.000026 0.999817 0.000026 0.000026 0.000026 0.000026 0.000026 0.000026
41 41 (0) 4 : 0.000037 0.999739 0.000037 0.000037 0.000037 0.000037 0.000037 0.000037
42 42 (0) 4 : 0.000036 0.999748 0.000036 0.000036 0.000036 0.000036 0.000036 0.000036
43 43 (0) 4 : 0.000038 0.999737 0.000038 0.000038 0.000038 0.000038 0.000038 0.000038
44 44 (0) 4 : 0.000036 0.999747 0.000036 0.000036 0.000036 0.000036 0.000036 0.000036
45 45 (0) 4 : 0.000037 0.999744 0.000037 0.000037 0.000037 0.000037 0.000037 0.000037
46 46 (0) 4 : 0.000036 0.999746 0.000036 0.000036 0.000036 0.000036 0.000036 0.000036
47 47 (0) 4 : 0.000038 0.999737 0.000038 0.000038 0.000038 0.000038 0.000038 0.000038
48 48 (0) 4 : 0.000036 0.927546 0.000036 0.000036 0.000036 0.000036 0.072241 0.000036
49 49 (0) 4 : 0.000035 0.999756 0.000035 0.000035 0.000035 0.000035 0.000035 0.000035
50 50 (0) 4 : 0.000036 0.999749 0.000036 0.000036 0.000036 0.000036 0.000036 0.000036
51 51 (0) 1 : 0.000024 0.000024 0.000024 0.000024 0.000024 0.000024 0.999834 0.000024
52 52 (0) 1 : 0.000025 0.000025 0.000025 0.000025 0.000025 0.000025 0.999825 0.000025
53 53 (0) 1 : 0.000040 0.000040 0.000040 0.000040 0.000040 0.000040 0.999718 0.000040
54 54 (0) 1 : 0.000028 0.570120 0.000028 0.000028 0.000028 0.000028 0.429713 0.000028
55 55 (0) 1 : 0.000043 0.358007 0.000043 0.000043 0.000043 0.000043 0.641735 0.000043
56 56 (0) 1 : 0.000027 0.590232 0.000027 0.000027 0.000027 0.000027 0.409606 0.000027
57 57 (0) 1 : 0.000026 0.485453 0.000026 0.000026 0.000026 0.000026 0.514393 0.000026
58 58 (0) 1 : 0.000035 0.435285 0.000035 0.000035 0.000035 0.000035 0.564506 0.000035
59 59 (0) 1 : 0.000034 0.000034 0.000034 0.000034 0.000034 0.000034 0.999763 0.000034
60 60 (0) 1 : 0.000035 0.000035 0.000035 0.000035 0.000035 0.000035 0.999756 0.000035
61 61 (0) 1 : 0.000024 0.000024 0.000024 0.000024 0.000024 0.000024 0.999829 0.000024
62 62 (0) 1 : 0.000031 0.087722 0.000031 0.000031 0.000031 0.000031 0.912092 0.000031
63 63 (0) 1 : 0.000032 0.061514 0.000032 0.000032 0.000032 0.000032 0.938292 0.000032
64 64 (0) 1 : 0.000036 0.000036 0.000036 0.000036 0.000036 0.000036 0.999747 0.000036
65 65 (0) 1 : 0.000035 0.000035 0.000035 0.000035 0.000035 0.000035 0.999752 0.000035
66 66 (0) 1 : 0.000039 0.000039 0.000039 0.000039 0.000039 0.000039 0.999725 0.000039
67 67 (0) 1 : 0.000035 0.000035 0.000035 0.000035 0.000035 0.000035 0.999757 0.000035
68 68 (0) 1 : 0.000040 0.000040 0.000040 0.000040 0.000040 0.000040 0.999719 0.000040
69 69 (0) 1 : 0.000043 0.000043 0.000043 0.000043 0.000043 0.000043 0.999700 0.000043
70 70 (0) 1 : 0.000033 0.000033 0.000033 0.000033 0.000033 0.000033 0.999771 0.000033
71 71 (0) 1 : 0.000038 0.000038 0.000038 0.000038 0.000038 0.000038 0.999731 0.000038
72 72 (0) 1 : 0.000037 0.000037 0.000037 0.000037 0.000037 0.000037 0.999738 0.000037
73 73 (0) 1 : 0.000035 0.000035 0.000035 0.000035 0.000035 0.000035 0.999757 0.000035
74 74 (0) 1 : 0.000025 0.000025 0.000025 0.000025 0.000025 0.000025 0.999827 0.000025
75 75 (0) 1 : 0.000024 0.000024 0.000024 0.000024 0.000024 0.000024 0.999829 0.000024
76 76 (0) 1 : 0.000048 0.000048 0.000048 0.000048 0.000048 0.000048 0.999664 0.000048
77 77 (0) 1 : 0.000038 0.000038 0.000038 0.000038 0.000038 0.000038 0.999736 0.000038
78 78 (0) 1 : 0.000037 0.000037 0.000037 0.000037 0.000037 0.000037 0.999741 0.000037
79 79 (0) 1 : 0.000031 0.272087 0.000031 0.000031 0.000031 0.000031 0.727729 0.000031
80 80 (0) 1 : 0.000024 0.000024 0.000024 0.000024 0.000024 0.000024 0.999830 0.000024
81 81 (0) 1 : 0.000024 0.000024 0.000024 0.000024 0.000024 0.000024 0.999830 0.000024
82 82 (0) 1 : 0.000027 0.000027 0.000027 0.000027 0.000027 0.000027 0.999809 0.000027
83 83 (0) 1 : 0.000035 0.000035 0.000035 0.072559 0.000035 0.000035 0.927228 0.000035
84 84 (0) 1 : 0.000048 0.000048 0.000048 0.000048 0.000048 0.000048 0.999662 0.000048
85 85 (0) 1 : 0.000025 0.000025 0.000025 0.000025 0.000025 0.000025 0.999827 0.000025
86 86 (0) 1 : 0.000024 0.000024 0.000024 0.000024 0.000024 0.000024 0.999830 0.000024
87 87 (0) 5 : 0.000038 0.751239 0.000038 0.000038 0.000038 0.000038 0.248535 0.000038
88 88 (0) 5 : 0.000033 0.704178 0.000033 0.000033 0.000033 0.000033 0.295626 0.000033
89 89 (0) 5 : 0.000026 0.581408 0.000026 0.000026 0.000026 0.000026 0.418439 0.000026
90 90 (0) 5 : 0.000038 0.999737 0.000038 0.000038 0.000038 0.000038 0.000038 0.000038
91 91 (0) 5 : 0.000036 0.999750 0.000036 0.000036 0.000036 0.000036 0.000036 0.000036
92 92 (0) 5 : 0.000029 0.644532 0.000029 0.000029 0.000029 0.000029 0.355295 0.000029
93 93 (0) 5 : 0.000040 0.846934 0.000040 0.000040 0.000040 0.000040 0.152825 0.000040
94 94 (0) 5 : 0.000030 0.797916 0.000030 0.000030 0.000030 0.000030 0.201903 0.000030
95 95 (0) 5 : 0.000039 0.999729 0.000039 0.000039 0.000039 0.000039 0.000039 0.000039
96 96 (0) 5 : 0.000034 0.918438 0.000034 0.000034 0.000034 0.000034 0.081356 0.000034
97 97 (0) 6 : 0.000034 0.000034 0.000034 0.999761 0.000034 0.000034 0.000034 0.000034
98 98 (0) 6 : 0.000033 0.000033 0.000033 0.242405 0.000033 0.000033 0.757398 0.000033
99 99 (0) 6 : 0.000033 0.000033 0.000033 0.271824 0.000033 0.000033 0.727978 0.000033
100 100 (0) 6 : 0.000027 0.000027 0.000027 0.000027 0.000027 0.000027 0.999813 0.000027
101 101 (0) 6 : 0.000027 0.000027 0.000027 0.000027 0.000027 0.000027 0.999813 0.000027
102 102 (0) 6 : 0.000025 0.000025 0.000025 0.005530 0.000025 0.000025 0.994319 0.000025
103 103 (0) 6 : 0.000034 0.000034 0.000034 0.999764 0.000034 0.000034 0.000034 0.000034
104 104 (0) 6 : 0.000036 0.000036 0.000036 0.999751 0.000036 0.000036 0.000036 0.000036
105 105 (0) 6 : 0.000035 0.000035 0.000035 0.999755 0.000035 0.000035 0.000035 0.000035
106 106 (0) 6 : 0.000039 0.000039 0.000039 0.999724 0.000039 0.000039 0.000039 0.000039
107 107 (0) 6 : 0.000035 0.000035 0.000035 0.999755 0.000035 0.000035 0.000035 0.000035
108 108 (0) 6 : 0.000037 0.000037 0.000037 0.999741 0.000037 0.000037 0.000037 0.000037
109 109 (0) 6 : 0.000036 0.000036 0.000036 0.999747 0.000036 0.000036 0.000036 0.000036
110 110 (0) 2 : 0.000028 0.000028 0.760007 0.000028 0.000028 0.000028 0.239826 0.000028
111 111 (0) 2 : 0.000036 0.000036 0.999748 0.000036 0.000036 0.000036 0.000036 0.000036
112 112 (0) 2 : 0.000036 0.000036 0.767296 0.000036 0.000036 0.000036 0.232486 0.000036
113 113 (0) 2 : 0.000033 0.000033 0.793464 0.000033 0.000033 0.000033 0.206336 0.000033
114 114 (0) 2 : 0.000035 0.000035 0.634593 0.000035 0.000035 0.000035 0.365199 0.000035
115 115 (0) 3 : 0.000025 0.000025 0.028146 0.000025 0.000025 0.000025 0.971706 0.000025
1 1 (0) 1 : 0.000036 0.000036 0.000036 0.000036 0.999747 0.000036 0.000036 0.000036
2 2 (0) 1 : 0.000034 0.000034 0.000034 0.000034 0.999759 0.000034 0.000034 0.000034
3 3 (0) 1 : 0.000037 0.000037 0.000037 0.000037 0.999743 0.000037 0.000037 0.000037
4 4 (0) 1 : 0.000037 0.000037 0.000037 0.000037 0.999742 0.000037 0.000037 0.000037
5 5 (0) 1 : 0.000038 0.000038 0.000038 0.000038 0.999731 0.000038 0.000038 0.000038
6 6 (0) 1 : 0.000037 0.000037 0.000037 0.000037 0.999741 0.000037 0.000037 0.000037
7 7 (0) 1 : 0.000040 0.000040 0.000040 0.000040 0.999722 0.000040 0.000040 0.000040
8 8 (0) 1 : 0.000028 0.000028 0.000028 0.000028 0.999804 0.000028 0.000028 0.000028
9 9 (0) 1 : 0.000026 0.000026 0.000026 0.000026 0.999816 0.000026 0.000026 0.000026
10 10 (0) 1 : 0.000031 0.000031 0.000031 0.000031 0.999784 0.000031 0.000031 0.000031
11 11 (0) 1 : 0.000036 0.000036 0.000036 0.000036 0.999749 0.000036 0.000036 0.000036
12 12 (0) 1 : 0.000029 0.000029 0.000029 0.000029 0.999794 0.000029 0.000029 0.000029
13 13 (0) 1 : 0.000035 0.000035 0.000035 0.000035 0.999754 0.000035 0.000035 0.000035
14 14 (0) 1 : 0.000036 0.000036 0.000036 0.000036 0.999751 0.000036 0.000036 0.000036
15 15 (0) 1 : 0.000036 0.000036 0.000036 0.000036 0.999750 0.000036 0.000036 0.000036
16 16 (0) 1 : 0.000038 0.000038 0.000038 0.000038 0.999737 0.000038 0.000038 0.000038
17 17 (0) 1 : 0.000041 0.000041 0.000041 0.000041 0.999715 0.000041 0.000041 0.000041
18 18 (0) 2 : 0.000028 0.999806 0.000028 0.000028 0.000028 0.000028 0.000028 0.000028
19 19 (0) 2 : 0.000036 0.999750 0.000036 0.000036 0.000036 0.000036 0.000036 0.000036
20 20 (0) 3 : 0.000028 0.000028 0.000028 0.000028 0.999803 0.000028 0.000028 0.000028
21 21 (0) 3 : 0.000029 0.000029 0.000029 0.000029 0.999794 0.000029 0.000029 0.000029
22 22 (0) 2 : 0.000036 0.999745 0.000036 0.000036 0.000036 0.000036 0.000036 0.000036
23 23 (0) 2 : 0.000028 0.999804 0.000028 0.000028 0.000028 0.000028 0.000028 0.000028
24 24 (0) 2 : 0.000027 0.999810 0.000027 0.000027 0.000027 0.000027 0.000027 0.000027
25 25 (0) 4 : 0.000033 0.000033 0.000033 0.000033 0.000033 0.000033 0.000033 0.999772
26 26 (0) 4 : 0.000028 0.000028 0.000028 0.000028 0.000028 0.000028 0.000028 0.999801
27 27 (0) 4 : 0.000042 0.000042 0.000042 0.000042 0.000042 0.000042 0.000042 0.999707
28 28 (0) 4 : 0.000037 0.000037 0.000037 0.000037 0.000037 0.000037 0.000037 0.999742
29 29 (0) 4 : 0.000043 0.000043 0.000043 0.000043 0.000043 0.000043 0.000043 0.999697
30 30 (0) 4 : 0.000048 0.000048 0.000048 0.000048 0.128089 0.000048 0.000048 0.871622
31 31 (0) 4 : 0.000039 0.000039 0.000039 0.000039 0.000039 0.000039 0.000039 0.999724
32 32 (0) 4 : 0.000041 0.000041 0.000041 0.000041 0.000041 0.000041 0.000041 0.999711
33 33 (0) 4 : 0.000035 0.000035 0.000035 0.000035 0.000035 0.000035 0.000035 0.999753
34 34 (0) 4 : 0.000027 0.000027 0.000027 0.000027 0.000027 0.000027 0.000027 0.999811
35 35 (0) 4 : 0.000026 0.000026 0.000026 0.000026 0.186684 0.000026 0.000026 0.813160
36 36 (0) 4 : 0.000026 0.000026 0.000026 0.000026 0.000026 0.000026 0.000026 0.999817
37 37 (0) 4 : 0.000027 0.000027 0.000027 0.000027 0.000027 0.000027 0.000027 0.999814
38 38 (0) 4 : 0.000034 0.000034 0.000034 0.000034 0.000034 0.000034 0.000034 0.999764
39 39 (0) 4 : 0.000028 0.000028 0.000028 0.000028 0.000028 0.000028 0.000028 0.999805
40 40 (0) 4 : 0.000026 0.000026 0.000026 0.000026 0.000026 0.000026 0.000026 0.999817
41 41 (0) 4 : 0.000037 0.000037 0.000037 0.000037 0.000037 0.000037 0.000037 0.999739
42 42 (0) 4 : 0.000036 0.000036 0.000036 0.000036 0.000036 0.000036 0.000036 0.999748
43 43 (0) 4 : 0.000038 0.000038 0.000038 0.000038 0.000038 0.000038 0.000038 0.999737
44 44 (0) 4 : 0.000036 0.000036 0.000036 0.000036 0.000036 0.000036 0.000036 0.999747
45 45 (0) 4 : 0.000037 0.000037 0.000037 0.000037 0.000037 0.000037 0.000037 0.999744
46 46 (0) 4 : 0.000036 0.000036 0.000036 0.000036 0.121084 0.000036 0.000036 0.878699
47 47 (0) 4 : 0.000038 0.000038 0.000038 0.000038 0.000038 0.000038 0.000038 0.999737
48 48 (0) 4 : 0.000036 0.000036 0.000036 0.000036 0.153611 0.000036 0.000036 0.846175
49 49 (0) 4 : 0.000035 0.000035 0.000035 0.000035 0.000035 0.000035 0.000035 0.999756
50 50 (0) 4 : 0.000036 0.000036 0.000036 0.000036 0.000036 0.000036 0.000036 0.999749
51 51 (0) 1 : 0.000024 0.000024 0.000024 0.000024 0.999834 0.000024 0.000024 0.000024
52 52 (0) 1 : 0.000025 0.000025 0.000025 0.000025 0.999825 0.000025 0.000025 0.000025
53 53 (0) 1 : 0.093379 0.000040 0.000040 0.000040 0.906380 0.000040 0.000040 0.000040
54 54 (0) 1 : 0.191482 0.000028 0.000028 0.000028 0.808351 0.000028 0.000028 0.000028
55 55 (0) 1 : 0.125596 0.000043 0.000043 0.000043 0.874146 0.000043 0.000043 0.000043
56 56 (0) 1 : 0.178069 0.000027 0.000027 0.000027 0.821769 0.000027 0.000027 0.000027
57 57 (0) 1 : 0.136818 0.000026 0.000026 0.000026 0.863027 0.000026 0.000026 0.000026
58 58 (0) 1 : 0.114065 0.000035 0.000035 0.000035 0.885726 0.000035 0.000035 0.000035
59 59 (0) 1 : 0.000034 0.000034 0.000034 0.000034 0.999763 0.000034 0.000034 0.000034
60 60 (0) 1 : 0.000035 0.000035 0.000035 0.000035 0.999756 0.000035 0.000035 0.000035
61 61 (0) 1 : 0.000024 0.000024 0.000024 0.000024 0.999829 0.000024 0.000024 0.000024
62 62 (0) 1 : 0.000031 0.000031 0.000031 0.000031 0.999783 0.000031 0.000031 0.000031
63 63 (0) 1 : 0.000032 0.000032 0.000032 0.000032 0.999773 0.000032 0.000032 0.000032
64 64 (0) 1 : 0.000036 0.000036 0.000036 0.000036 0.999747 0.000036 0.000036 0.000036
65 65 (0) 1 : 0.000035 0.000035 0.000035 0.000035 0.999752 0.000035 0.000035 0.000035
66 66 (0) 1 : 0.000039 0.000039 0.000039 0.000039 0.999725 0.000039 0.000039 0.000039
67 67 (0) 1 : 0.000035 0.000035 0.000035 0.000035 0.999757 0.000035 0.000035 0.000035
68 68 (0) 1 : 0.000040 0.000040 0.000040 0.000040 0.999719 0.000040 0.000040 0.000040
69 69 (0) 1 : 0.000043 0.000043 0.000043 0.000043 0.999700 0.000043 0.000043 0.000043
70 70 (0) 1 : 0.000033 0.000033 0.000033 0.000033 0.999771 0.000033 0.000033 0.000033
71 71 (0) 1 : 0.000038 0.000038 0.000038 0.000038 0.999731 0.000038 0.000038 0.000038
72 72 (0) 1 : 0.000037 0.000037 0.000037 0.000037 0.999738 0.000037 0.000037 0.000037
73 73 (0) 1 : 0.000035 0.000035 0.000035 0.000035 0.999757 0.000035 0.000035 0.000035
74 74 (0) 1 : 0.000025 0.000025 0.000025 0.000025 0.999827 0.000025 0.000025 0.000025
75 75 (0) 1 : 0.000024 0.000024 0.000024 0.000024 0.999829 0.000024 0.000024 0.000024
76 76 (0) 1 : 0.000048 0.000048 0.000048 0.000048 0.999664 0.000048 0.000048 0.000048
77 77 (0) 1 : 0.000038 0.000038 0.000038 0.000038 0.999736 0.000038 0.000038 0.000038
78 78 (0) 1 : 0.000037 0.000037 0.000037 0.000037 0.999741 0.000037 0.000037 0.000037
79 79 (0) 1 : 0.086976 0.000031 0.000031 0.000031 0.912839 0.000031 0.000031 0.000031
80 80 (0) 1 : 0.000024 0.000024 0.000024 0.000024 0.999830 0.000024 0.000024 0.000024
81 81 (0) 1 : 0.000024 0.000024 0.000024 0.000024 0.999830 0.000024 0.000024 0.000024
82 82 (0) 1 : 0.000027 0.000027 0.000027 0.000027 0.999809 0.000027 0.000027 0.000027
83 83 (0) 1 : 0.000035 0.000035 0.000035 0.000035 0.999752 0.000035 0.000035 0.000035
84 84 (0) 1 : 0.000048 0.000048 0.000048 0.000048 0.999662 0.000048 0.000048 0.000048
85 85 (0) 1 : 0.000025 0.000025 0.000025 0.000025 0.999827 0.000025 0.000025 0.000025
86 86 (0) 1 : 0.000024 0.000024 0.000024 0.000024 0.999830 0.000024 0.000024 0.000024
87 87 (0) 5 : 0.243352 0.000038 0.000038 0.000038 0.756422 0.000038 0.000038 0.000038
88 88 (0) 5 : 0.225375 0.000033 0.000033 0.000033 0.774430 0.000033 0.000033 0.000033
89 89 (0) 5 : 0.180508 0.000026 0.000026 0.000026 0.819339 0.000026 0.000026 0.000026
90 90 (0) 5 : 0.000038 0.000038 0.000038 0.000038 0.000038 0.000038 0.000038 0.999737
91 91 (0) 5 : 0.000036 0.000036 0.000036 0.000036 0.000036 0.000036 0.000036 0.999750
92 92 (0) 5 : 0.188455 0.000029 0.000029 0.000029 0.811372 0.000029 0.000029 0.000029
93 93 (0) 5 : 0.999719 0.000040 0.000040 0.000040 0.000040 0.000040 0.000040 0.000040
94 94 (0) 5 : 0.000030 0.000030 0.000030 0.000030 0.306294 0.000030 0.000030 0.693525
95 95 (0) 5 : 0.000039 0.000039 0.000039 0.000039 0.000039 0.000039 0.000039 0.999729
96 96 (0) 5 : 0.999760 0.000034 0.000034 0.000034 0.000034 0.000034 0.000034 0.000034
97 97 (0) 6 : 0.000034 0.000034 0.000034 0.000034 0.999761 0.000034 0.000034 0.000034
98 98 (0) 6 : 0.000033 0.000033 0.000033 0.000033 0.999770 0.000033 0.000033 0.000033
99 99 (0) 6 : 0.000033 0.000033 0.000033 0.000033 0.999768 0.000033 0.000033 0.000033
100 100 (0) 6 : 0.000027 0.000027 0.000027 0.000027 0.999813 0.000027 0.000027 0.000027
101 101 (0) 6 : 0.000027 0.000027 0.000027 0.000027 0.999813 0.000027 0.000027 0.000027
102 102 (0) 6 : 0.000025 0.000025 0.000025 0.000025 0.999824 0.000025 0.000025 0.000025
103 103 (0) 6 : 0.000034 0.000034 0.000034 0.000034 0.999764 0.000034 0.000034 0.000034
104 104 (0) 6 : 0.000036 0.000036 0.000036 0.000036 0.999751 0.000036 0.000036 0.000036
105 105 (0) 6 : 0.000035 0.000035 0.000035 0.000035 0.999755 0.000035 0.000035 0.000035
106 106 (0) 6 : 0.000039 0.000039 0.000039 0.000039 0.999724 0.000039 0.000039 0.000039
107 107 (0) 6 : 0.000035 0.000035 0.000035 0.000035 0.999755 0.000035 0.000035 0.000035
108 108 (0) 6 : 0.000037 0.000037 0.000037 0.000037 0.999741 0.000037 0.000037 0.000037
109 109 (0) 6 : 0.000036 0.000036 0.000036 0.000036 0.999747 0.000036 0.000036 0.000036
110 110 (0) 2 : 0.000028 0.818188 0.000028 0.000028 0.181644 0.000028 0.000028 0.000028
111 111 (0) 2 : 0.000036 0.999748 0.000036 0.000036 0.000036 0.000036 0.000036 0.000036
112 112 (0) 2 : 0.000036 0.999745 0.000036 0.000036 0.000036 0.000036 0.000036 0.000036
113 113 (0) 2 : 0.000033 0.999766 0.000033 0.000033 0.000033 0.000033 0.000033 0.000033
114 114 (0) 2 : 0.000035 0.693821 0.000035 0.000035 0.305970 0.000035 0.000035 0.000035
115 115 (0) 3 : 0.000025 0.050191 0.000025 0.000025 0.949660 0.000025 0.000025 0.000025
1 1 (0) 1 : 0.000036 0.000036 0.000036 0.000036 0.999747 0.000036 0.000036 0.000036
2 2 (0) 1 : 0.000034 0.000034 0.000034 0.000034 0.999759 0.000034 0.000034 0.000034
3 3 (0) 1 : 0.000037 0.000037 0.000037 0.000037 0.999743 0.000037 0.000037 0.000037
4 4 (0) 1 : 0.000037 0.000037 0.000037 0.000037 0.999742 0.000037 0.000037 0.000037
5 5 (0) 1 : 0.000038 0.000038 0.000038 0.000038 0.999731 0.000038 0.000038 0.000038
6 6 (0) 1 : 0.000037 0.000037 0.000037 0.000037 0.999741 0.000037 0.000037 0.000037
7 7 (0) 1 : 0.000040 0.000040 0.000040 0.000040 0.999722 0.000040 0.000040 0.000040
8 8 (0) 1 : 0.000028 0.000028 0.000028 0.000028 0.999804 0.000028 0.000028 0.000028
9 9 (0) 1 : 0.000026 0.000026 0.000026 0.000026 0.999816 0.000026 0.000026 0.000026
10 10 (0) 1 : 0.000031 0.000031 0.000031 0.000031 0.999784 0.000031 0.000031 0.000031
11 11 (0) 1 : 0.000036 0.000036 0.000036 0.000036 0.999749 0.000036 0.000036 0.000036
12 12 (0) 1 : 0.000029 0.000029 0.000029 0.000029 0.999794 0.000029 0.000029 0.000029
13 13 (0) 1 : 0.000035 0.000035 0.000035 0.000035 0.999754 0.000035 0.000035 0.000035
14 14 (0) 1 : 0.000036 0.000036 0.000036 0.000036 0.999751 0.000036 0.000036 0.000036
15 15 (0) 1 : 0.000036 0.000036 0.000036 0.000036 0.999750 0.000036 0.000036 0.000036
16 16 (0) 1 : 0.000038 0.000038 0.000038 0.000038 0.999737 0.000038 0.000038 0.000038
17 17 (0) 1 : 0.000041 0.000041 0.000041 0.000041 0.999715 0.000041 0.000041 0.000041
18 18 (0) 2 : 0.000028 0.999806 0.000028 0.000028 0.000028 0.000028 0.000028 0.000028
19 19 (0) 2 : 0.000036 0.791017 0.000036 0.000036 0.208769 0.000036 0.000036 0.000036
20 20 (0) 3 : 0.000028 0.000028 0.000028 0.000028 0.999803 0.000028 0.000028 0.000028
21 21 (0) 3 : 0.000029 0.000029 0.000029 0.000029 0.999794 0.000029 0.000029 0.000029
22 22 (0) 2 : 0.000036 0.999745 0.000036 0.000036 0.000036 0.000036 0.000036 0.000036
23 23 (0) 2 : 0.000028 0.999804 0.000028 0.000028 0.000028 0.000028 0.000028 0.000028
24 24 (0) 2 : 0.000027 0.999810 0.000027 0.000027 0.000027 0.000027 0.000027 0.000027
25 25 (0) 4 : 0.000033 0.000033 0.000033 0.000033 0.000033 0.000033 0.999772 0.000033
26 26 (0) 4 : 0.000028 0.000028 0.000028 0.000028 0.000028 0.000028 0.999801 0.000028
27 27 (0) 4 : 0.000042 0.000042 0.000042 0.000042 0.000042 0.000042 0.999707 0.000042
28 28 (0) 4 : 0.000037 0.000037 0.000037 0.000037 0.000037 0.000037 0.999742 0.000037
29 29 (0) 4 : 0.000043 0.000043 0.000043 0.000043 0.000043 0.000043 0.999697 0.000043
30 30 (0) 4 : 0.000048 0.000048 0.000048 0.000048 0.084839 0.000048 0.914872 0.000048
31 31 (0) 4 : 0.000039 0.000039 0.000039 0.000039 0.000039 0.000039 0.999724 0.000039
32 32 (0) 4 : 0.000041 0.000041 0.000041 0.000041 0.000041 0.000041 0.999711 0.000041
33 33 (0) 4 : 0.000035 0.000035 0.000035 0.000035 0.000035 0.000035 0.999753 0.000035
34 34 (0) 4 : 0.000027 0.000027 0.000027 0.000027 0.000027 0.000027 0.999811 0.000027
35 35 (0) 4 : 0.000026 0.000026 0.000026 0.000026 0.094696 0.000026 0.905148 0.000026
36 36 (0) 4 : 0.000026 0.000026 0.000026 0.000026 0.000026 0.000026 0.999817 0.000026
37 37 (0) 4 : 0.000027 0.000027 0.000027 0.000027 0.000027 0.000027 0.999814 0.000027
38 38 (0) 4 : 0.000034 0.000034 0.000034 0.000034 0.000034 0.000034 0.999764 0.000034
39 39 (0) 4 : 0.000028 0.000028 0.000028 0.000028 0.000028 0.000028 0.999805 0.000028
40 40 (0) 4 : 0.000026 0.000026 0.000026 0.000026 0.000026 0.000026 0.999817 0.000026
41 41 (0) 4 : 0.000037 0.000037 0.000037 0.000037 0.000037 0.000037 0.999739 0.000037
42 42 (0) 4 : 0.000036 0.000036 0.000036 0.000036 0.000036 0.000036 0.999748 0.000036
43 43 (0) 4 : 0.000038 0.000038 0.000038 0.000038 0.000038 0.000038 0.999737 0.000038
44 44 (0) 4 : 0.000036 0.000036 0.000036 0.000036 0.000036 0.000036 0.999747 0.000036
45 45 (0) 4 : 0.000037 0.000037 0.000037 0.000037 0.000037 0.000037 0.999744 0.000037
46 46 (0) 4 : 0.000036 0.000036 0.000036 0.000036 0.044117 0.000036 0.955666 0.000036
47 47 (0) 4 : 0.000038 0.000038 0.000038 0.000038 0.000038 0.000038 0.999737 0.000038
48 48 (0) 4 : 0.000036 0.000036 0.000036 0.000036 0.075631 0.000036 0.924156 0.000036
49 49 (0) 4 : 0.000035 0.000035 0.000035 0.000035 0.000035 0.000035 0.999756 0.000035
50 50 (0) 4 : 0.000036 0.000036 0.000036 0.000036 0.000036 0.000036 0.999749 0.000036
51 51 (0) 1 : 0.000024 0.000024 0.000024 0.000024 0.999834 0.000024 0.000024 0.000024
52 52 (0) 1 : 0.000025 0.000025 0.000025 0.000025 0.999825 0.000025 0.000025 0.000025
53 53 (0) 1 : 0.000040 0.000040 0.000040 0.000040 0.999718 0.000040 0.000040 0.000040
54 54 (0) 1 : 0.000028 0.000028 0.000028 0.000028 0.439199 0.000028 0.560634 0.000028
55 55 (0) 1 : 0.000043 0.000043 0.000043 0.000043 0.640825 0.000043 0.358917 0.000043
56 56 (0) 1 : 0.000027 0.000027 0.000027 0.000027 0.418879 0.000027 0.580959 0.000027
57 57 (0) 1 : 0.000026 0.000026 0.000026 0.000026 0.522597 0.000026 0.477249 0.000026
58 58 (0) 1 : 0.000035 0.000035 0.000035 0.000035 0.577999 0.000035 0.421792 0.000035
59 59 (0) 1 : 0.000034 0.000034 0.000034 0.000034 0.999763 0.000034 0.000034 0.000034
60 60 (0) 1 : 0.000035 0.000035 0.000035 0.000035 0.999756 0.000035 0.000035 0.000035
61 61 (0) 1 : 0.000024 0.000024 0.000024 0.000024 0.999829 0.000024 0.000024 0.000024
62 62 (0) 1 : 0.000031 0.000032 0.000031 0.000031 0.999783 0.000031 0.000031 0.000031
63 63 (0) 1 : 0.000032 0.000032 0.000032 0.000032 0.999773 0.000032 0.000032 0.000032
64 64 (0) 1 : 0.000036 0.000036 0.000036 0.000036 0.999747 0.000036 0.000036 0.000036
65 65 (0) 1 : 0.000035 0.000035 0.000035 0.000035 0.999752 0.000035 0.000035 0.000035
66 66 (0) 1 : 0.000039 0.000039 0.000039 0.000039 0.999725 0.000039 0.000039 0.000039
67 67 (0) 1 : 0.000035 0.000035 0.000035 0.000035 0.999757 0.000035 0.000035 0.000035
68 68 (0) 1 : 0.000040 0.000040 0.000040 0.000040 0.999719 0.000040 0.000040 0.000040
69 69 (0) 1 : 0.000043 0.000043 0.000043 0.000043 0.999700 0.000043 0.000043 0.000043
70 70 (0) 1 : 0.000033 0.000033 0.000033 0.000033 0.999771 0.000033 0.000033 0.000033
71 71 (0) 1 : 0.000038 0.000038 0.000038 0.000038 0.999731 0.000038 0.000038 0.000038
72 72 (0) 1 : 0.000037 0.000037 0.000037 0.000037 0.999738 0.000037 0.000037 0.000037
73 73 (0) 1 : 0.000035 0.000035 0.000035 0.000035 0.999757 0.000035 0.000035 0.000035
74 74 (0) 1 : 0.000025 0.000025 0.000025 0.000025 0.999827 0.000025 0.000025 0.000025
75 75 (0) 1 : 0.000024 0.000024 0.000024 0.000024 0.999829 0.000024 0.000024 0.000024
76 76 (0) 1 : 0.000048 0.000048 0.000048 0.000048 0.999664 0.000048 0.000048 0.000048
77 77 (0) 1 : 0.000038 0.000038 0.000038 0.000038 0.999736 0.000038 0.000038 0.000038
78 78 (0) 1 : 0.000037 0.000037 0.000037 0.000037 0.999741 0.000037 0.000037 0.000037
79 79 (0) 1 : 0.000031 0.000031 0.000031 0.000031 0.735433 0.000031 0.264383 0.000031
80 80 (0) 1 : 0.000024 0.000024 0.000024 0.000024 0.999830 0.000024 0.000024 0.000024
81 81 (0) 1 : 0.000024 0.000024 0.000024 0.000024 0.999830 0.000024 0.000024 0.000024
82 82 (0) 1 : 0.000027 0.000027 0.000027 0.000027 0.999809 0.000027 0.000027 0.000027
83 83 (0) 1 : 0.000035 0.000035 0.000035 0.000035 0.999752 0.000035 0.000035 0.000035
84 84 (0) 1 : 0.000048 0.000048 0.000048 0.000048 0.999662 0.000048 0.000048 0.000048
85 85 (0) 1 : 0.000025 0.000025 0.000025 0.000025 0.999827 0.000025 0.000025 0.000025
86 86 (0) 1 : 0.000024 0.000024 0.000024 0.000024 0.999830 0.000024 0.000024 0.000024
87 87 (0) 5 : 0.000038 0.000038 0.000038 0.000038 0.272351 0.000038 0.727422 0.000038
88 88 (0) 5 : 0.000033 0.000033 0.000033 0.000033 0.313446 0.000033 0.686358 0.000033
89 89 (0) 5 : 0.000026 0.000026 0.000026 0.000026 0.433088 0.000026 0.566758 0.000026
90 90 (0) 5 : 0.000038 0.000038 0.000038 0.000038 0.135033 0.000038 0.864741 0.000038
91 91 (0) 5 : 0.000036 0.000036 0.000036 0.000036 0.000036 0.000036 0.999750 0.000036
92 92 (0) 5 : 0.000029 0.000029 0.000029 0.000029 0.366803 0.000029 0.633025 0.000029
93 93 (0) 5 : 0.000040 0.000040 0.000040 0.000040 0.180383 0.000040 0.819376 0.000040
94 94 (0) 5 : 0.000030 0.000030 0.000030 0.000030 0.217452 0.000030 0.782368 0.000030
95 95 (0) 5 : 0.000039 0.000039 0.000039 0.000039 0.000039 0.000039 0.999729 0.000039
96 96 (0) 5 : 0.000034 0.000034 0.000034 0.000034 0.111924 0.000034 0.887870 0.000034
97 97 (0) 6 : 0.000034 0.000034 0.000034 0.000034 0.999761 0.000034 0.000034 0.000034
98 98 (0) 6 : 0.000033 0.000033 0.000033 0.000033 0.999770 0.000033 0.000033 0.000033
99 99 (0) 6 : 0.000033 0.000033 0.000033 0.000033 0.999768 0.000033 0.000033 0.000033
100 100 (0) 6 : 0.000027 0.000027 0.000027 0.000027 0.999813 0.000027 0.000027 0.000027
101 101 (0) 6 : 0.000027 0.000027 0.000027 0.000027 0.999813 0.000027 0.000027 0.000027
102 102 (0) 6 : 0.000025 0.000025 0.000025 0.000025 0.999824 0.000025 0.000025 0.000025
103 103 (0) 6 : 0.000034 0.000034 0.000034 0.000034 0.999764 0.000034 0.000034 0.000034
104 104 (0) 6 : 0.000036 0.000036 0.000036 0.000036 0.999751 0.000036 0.000036 0.000036
105 105 (0) 6 : 0.000035 0.000035 0.999755 0.000035 0.000035 0.000035 0.000035 0.000035
106 106 (0) 6 : 0.000039 0.000039 0.000039 0.000039 0.999724 0.000039 0.000040 0.000039
107 107 (0) 6 : 0.000035 0.000035 0.000035 0.000035 0.999755 0.000035 0.000035 0.000035
108 108 (0) 6 : 0.000037 0.000037 0.000037 0.000037 0.999741 0.000037 0.000037 0.000037
109 109 (0) 6 : 0.000036 0.000046 0.999737 0.000036 0.000036 0.000036 0.000036 0.000036
110 110 (0) 2 : 0.000028 0.757814 0.000028 0.000028 0.242018 0.000028 0.000028 0.000028
111 111 (0) 2 : 0.000036 0.999748 0.000036 0.000036 0.000036 0.000036 0.000036 0.000036
112 112 (0) 2 : 0.000036 0.740463 0.000036 0.000036 0.259318 0.000036 0.000036 0.000036
113 113 (0) 2 : 0.000033 0.774630 0.000033 0.000033 0.225170 0.000033 0.000033 0.000033
114 114 (0) 2 : 0.000035 0.619735 0.000035 0.000035 0.380056 0.000035 0.000035 0.000035
115 115 (0) 3 : 0.000025 0.000034 0.000025 0.000025 0.999818 0.000025 0.000025 0.000025
1 1 (0) 1 : 0.999747 0.000036 0.000036 0.000036 0.000036 0.000036 0.000036 0.000036
2 2 (0) 1 : 0.999759 0.000034 0.000034 0.000034 0.000034 0.000034 0.000034 0.000034
3 3 (0) 1 : 0.999710 0.000069 0.000037 0.000037 0.000037 0.000037 0.000037 0.000037
4 4 (0) 1 : 0.999742 0.000037 0.000037 0.000037 0.000037 0.000037 0.000037 0.000037
5 5 (0) 1 : 0.999731 0.000038 0.000038 0.000038 0.000038 0.000038 0.000038 0.000038
6 6 (0) 1 : 0.999741 0.000037 0.000037 0.000037 0.000037 0.000037 0.000037 0.000037
7 7 (0) 1 : 0.999722 0.000040 0.000040 0.000040 0.000040 0.000040 0.000040 0.000040
8 8 (0) 1 : 0.999804 0.000028 0.000028 0.000028 0.000028 0.000028 0.000028 0.000028
9 9 (0) 1 : 0.999815 0.000026 0.000026 0.000026 0.000026 0.000026 0.000026 0.000026
10 10 (0) 1 : 0.999784 0.000031 0.000031 0.000031 0.000031 0.000031 0.000031 0.000031
11 11 (0) 1 : 0.999749 0.000036 0.000036 0.000036 0.000036 0.000036 0.000036 0.000036
12 12 (0) 1 : 0.999794 0.000029 0.000029 0.000029 0.000029 0.000029 0.000029 0.000029
13 13 (0) 1 : 0.999754 0.000035 0.000035 0.000035 0.000035 0.000035 0.000035 0.000035
14 14 (0) 1 : 0.999751 0.000036 0.000036 0.000036 0.000036 0.000036 0.000036 0.000036
15 15 (0) 1 : 0.999750 0.000036 0.000036 0.000036 0.000036 0.000036 0.000036 0.000036
16 16 (0) 1 : 0.999737 0.000038 0.000038 0.000038 0.000038 0.000038 0.000038 0.000038
17 17 (0) 1 : 0.999715 0.000041 0.000041 0.000041 0.000041 0.000041 0.000041 0.000041
18 18 (0) 2 : 0.000028 0.000028 0.999806 0.000028 0.000028 0.000028 0.000028 0.000028
19 19 (0) 2 : 0.000036 0.000036 0.999750 0.000036 0.000036 0.000036 0.000036 0.000036
20 20 (0) 3 : 0.999803 0.000028 0.000028 0.000028 0.000028 0.000028 0.000028 0.000028
21 21 (0) 3 : 0.999794 0.000029 0.000029 0.000029 0.000029 0.000029 0.000029 0.000029
22 22 (0) 2 : 0.000036 0.000036 0.999745 0.000036 0.000036 0.000036 0.000036 0.000036
23 23 (0) 2 : 0.000028 0.000028 0.999804 0.000028 0.000028 0.000028 0.000028 0.000028
24 24 (0) 2 : 0.000027 0.000027 0.999810 0.000027 0.000027 0.000027 0.000027 0.000027
25 25 (0) 4 : 0.000033 0.000033 0.000033 0.000033 0.999772 0.000033 0.000033 0.000033
26 26 (0) 4 : 0.000028 0.000028 0.000028 0.000028 0.999801 0.000028 0.000028 0.000028
27 27 (0) 4 : 0.000042 0.000042 0.000042 0.000042 0.999707 0.000042 0.000042 0.000042
28 28 (0) 4 : 0.000037 0.000037 0.000037 0.000037 0.999742 0.000037 0.000037 0.000037
29 29 (0) 4 : 0.000043 0.000043 0.000043 0.000043 0.999697 0.000043 0.000043 0.000043
30 30 (0) 4 : 0.115245 0.000048 0.000048 0.000048 0.884466 0.000048 0.000048 0.000048
31 31 (0) 4 : 0.000039 0.000039 0.000039 0.000039 0.999724 0.000039 0.000039 0.000039
32 32 (0) 4 : 0.000041 0.000041 0.000041 0.000041 0.999711 0.000041 0.000041 0.000041
33 33 (0) 4 : 0.000035 0.000035 0.000035 0.000035 0.999753 0.000035 0.000035 0.000035
34 34 (0) 4 : 0.000027 0.000027 0.000027 0.000027 0.999811 0.000027 0.000027 0.000027
35 35 (0) 4 : 0.000026 0.000026 0.000026 0.000026 0.999817 0.000026 0.000026 0.000026
36 36 (0) 4 : 0.000026 0.000026 0.000026 0.000026 0.999817 0.000026 0.000026 0.000026
37 37 (0) 4 : 0.000027 0.000027 0.000027 0.000027 0.999814 0.000027 0.000027 0.000027
38 38 (0) 4 : 0.000034 0.000034 0.000034 0.000034 0.999764 0.000034 0.000034 0.000034
39 39 (0) 4 : 0.000028 0.000028 0.000028 0.000028 0.999805 0.000028 0.000028 0.000028
40 40 (0) 4 : 0.000026 0.000026 0.000026 0.000026 0.999817 0.000026 0.000026 0.000026
41 41 (0) 4 : 0.000037 0.000037 0.000037 0.000037 0.999739 0.000037 0.000037 0.000037
42 42 (0) 4 : 0.000036 0.000036 0.000036 0.000036 0.999748 0.000036 0.000036 0.000036
43 43 (0) 4 : 0.000038 0.000038 0.000038 0.000038 0.999737 0.000038 0.000038 0.000038
44 44 (0) 4 : 0.000036 0.000036 0.000036 0.000036 0.999747 0.000036 0.000036 0.000036
45 45 (0) 4 : 0.000037 0.000037 0.000037 0.000037 0.999744 0.000037 0.000037 0.000037
46 46 (0) 4 : 0.119953 0.000036 0.000036 0.000036 0.879830 0.000036 0.000036 0.000036
47 47 (0) 4 : 0.000038 0.000038 0.000038 0.000038 0.999737 0.000038 0.000038 0.000038
48 48 (0) 4 : 0.000036 0.000036 0.000036 0.000036 0.736346 0.263440 0.000036 0.000036
49 49 (0) 4 : 0.000035 0.000035 0.000035 0.000035 0.999756 0.000035 0.000035 0.000035
50 50 (0) 4 : 0.000036 0.000036 0.000036 0.000036 0.999749 0.000036 0.000036 0.000036
51 51 (0) 1 : 0.999834 0.000024 0.000024 0.000024 0.000024 0.000024 0.000024 0.000024
52 52 (0) 1 : 0.999824 0.000025 0.000025 0.000025 0.000025 0.000025 0.000025 0.000025
53 53 (0) 1 : 0.707989 0.000040 0.000040 0.291769 0.000040 0.000040 0.000040 0.000040
54 54 (0) 1 : 0.000028 0.000028 0.000028 0.999805 0.000028 0.000028 0.000028 0.000028
55 55 (0) 1 : 0.000043 0.000043 0.000043 0.999699 0.000043 0.000043 0.000043 0.000043
56 56 (0) 1 : 0.000027 0.000027 0.000027 0.732830 0.267008 0.000027 0.000027 0.000027
57 57 (0) 1 : 0.000026 0.000026 0.000026 0.999820 0.000026 0.000026 0.000026 0.000026
58 58 (0) 1 : 0.000035 0.000035 0.000035 0.999756 0.000035 0.000035 0.000035 0.000035
59 59 (0) 1 : 0.999763 0.000034 0.000034 0.000034 0.000034 0.000034 0.000034 0.000034
60 60 (0) 1 : 0.999756 0.000035 0.000035 0.000035 0.000035 0.000035 0.000035 0.000035
61 61 (0) 1 : 0.999829 0.000024 0.000024 0.000024 0.000024 0.000024 0.000024 0.000024
62 62 (0) 1 : 0.935250 0.000031 0.000031 0.064564 0.000031 0.000031 0.000031 0.000031
63 63 (0) 1 : 0.948507 0.000032 0.000032 0.051298 0.000032 0.000032 0.000032 0.000032
64 64 (0) 1 : 0.999747 0.000036 0.000036 0.000036 0.000036 0.000036 0.000036 0.000036
65 65 (0) 1 : 0.999752 0.000035 0.000035 0.000035 0.000035 0.000035 0.000035 0.000035
66 66 (0) 1 : 0.999725 0.000039 0.000039 0.000039 0.000039 0.000039 0.000039 0.000039
67 67 (0) 1 : 0.999757 0.000035 0.000035 0.000035 0.000035 0.000035 0.000035 0.000035
68 68 (0) 1 : 0.999719 0.000040 0.000040 0.000040 0.000040 0.000040 0.000040 0.000040
69 69 (0) 1 : 0.999700 0.000043 0.000043 0.000043 0.000043 0.000043 0.000043 0.000043
70 70 (0) 1 : 0.999771 0.000033 0.000033 0.000033 0.000033 0.000033 0.000033 0.000033
71 71 (0) 1 : 0.999731 0.000038 0.000038 0.000038 0.000038 0.000038 0.000038 0.000038
72 72 (0) 1 : 0.999738 0.000037 0.000037 0.000037 0.000037 0.000037 0.000037 0.000037
73 73 (0) 1 : 0.999757 0.000035 0.000035 0.000035 0.000035 0.000035 0.000035 0.000035
74 74 (0) 1 : 0.999827 0.000025 0.000025 0.000025 0.000025 0.000025 0.000025 0.000025
75 75 (0) 1 : 0.999829 0.000024 0.000024 0.000024 0.000024 0.000024 0.000024 0.000024
76 76 (0) 1 : 0.999664 0.000048 0.000048 0.000048 0.000048 0.000048 0.000048 0.000048
77 77 (0) 1 : 0.999736 0.000038 0.000038 0.000038 0.000038 0.000038 0.000038 0.000038
78 78 (0) 1 : 0.999741 0.000037 0.000037 0.000037 0.000037 0.000037 0.000037 0.000037
79 79 (0) 1 : 0.665528 0.000031 0.000031 0.334288 0.000031 0.000031 0.000031 0.000031
80 80 (0) 1 : 0.999830 0.000024 0.000024 0.000024 0.000024 0.000024 0.000024 0.000024
81 81 (0) 1 : 0.999830 0.000024 0.000024 0.000024 0.000024 0.000024 0.000024 0.000024
82 82 (0) 1 : 0.999809 0.000027 0.000027 0.000027 0.000027 0.000027 0.000027 0.000027
83 83 (0) 1 : 0.852631 0.147157 0.000035 0.000035 0.000035 0.000035 0.000035 0.000035
84 84 (0) 1 : 0.917345 0.000048 0.000048 0.082365 0.000048 0.000048 0.000048 0.000048
85 85 (0) 1 : 0.999827 0.000025 0.000025 0.000025 0.000025 0.000025 0.000025 0.000025
86 86 (0) 1 : 0.999830 0.000024 0.000024 0.000024 0.000024 0.000024 0.000024 0.000024
87 87 (0) 5 : 0.000038 0.000038 0.000038 0.000038 0.000038 0.999736 0.000038 0.000038
88 88 (0) 5 : 0.000033 0.000033 0.000033 0.000033 0.000033 0.999772 0.000033 0.000033
89 89 (0) 5 : 0.000026 0.000026 0.000026 0.000026 0.000026 0.999821 0.000026 0.000026
90 90 (0) 5 : 0.000038 0.000038 0.000038 0.000038 0.000038 0.999737 0.000038 0.000038
91 91 (0) 5 : 0.000036 0.000036 0.000036 0.000036 0.334840 0.664946 0.000036 0.000036
92 92 (0) 5 : 0.404069 0.000029 0.000029 0.000029 0.000029 0.595758 0.000029 0.000029
93 93 (0) 5 : 0.000040 0.000040 0.000040 0.000040 0.000040 0.999719 0.000040 0.000040
94 94 (0) 5 : 0.000030 0.000030 0.000030 0.000030 0.000030 0.999789 0.000030 0.000030
95 95 (0) 5 : 0.000039 0.000039 0.000039 0.000039 0.574602 0.425166 0.000039 0.000039
96 96 (0) 5 : 0.000034 0.000034 0.000034 0.000034 0.000034 0.999760 0.000034 0.000034
97 97 (0) 6 : 0.000034 0.999761 0.000034 0.000034 0.000034 0.000034 0.000034 0.000034
98 98 (0) 6 : 0.000033 0.999770 0.000033 0.000033 0.000033 0.000033 0.000033 0.000033
99 99 (0) 6 : 0.000033 0.999768 0.000033 0.000033 0.000033 0.000033 0.000033 0.000033
100 100 (0) 6 : 0.000027 0.999812 0.000027 0.000027 0.000027 0.000027 0.000027 0.000027
101 101 (0) 6 : 0.860358 0.139482 0.000027 0.000027 0.000027 0.000027 0.000027 0.000027
102 102 (0) 6 : 0.758445 0.241404 0.000025 0.000025 0.000025 0.000025 0.000025 0.000025
103 103 (0) 6 : 0.000034 0.999764 0.000034 0.000034 0.000034 0.000034 0.000034 0.000034
104 104 (0) 6 : 0.000036 0.999751 0.000036 0.000036 0.000036 0.000036 0.000036 0.000036
105 105 (0) 6 : 0.000035 0.999755 0.000035 0.000035 0.000035 0.000035 0.000035 0.000035
106 106 (0) 6 : 0.000039 0.999724 0.000039 0.000039 0.000039 0.000039 0.000039 0.000039
107 107 (0) 6 : 0.000035 0.999755 0.000035 0.000035 0.000035 0.000035 0.000035 0.000035
108 108 (0) 6 : 0.000037 0.999741 0.000037 0.000037 0.000037 0.000037 0.000037 0.000037
109 109 (0) 6 : 0.000036 0.999747 0.000036 0.000036 0.000036 0.000036 0.000036 0.000036
110 110 (0) 2 : 0.145605 0.000028 0.854227 0.000028 0.000028 0.000028 0.000028 0.000028
111 111 (0) 2 : 0.000036 0.000036 0.999748 0.000036 0.000036 0.000036 0.000036 0.000036
112 112 (0) 2 : 0.007688 0.000036 0.992094 0.000036 0.000036 0.000036 0.000036 0.000036
113 113 (0) 2 : 0.000033 0.000033 0.999766 0.000033 0.000033 0.000033 0.000033 0.000033
114 114 (0) 2 : 0.258972 0.000035 0.740820 0.000035 0.000035 0.000035 0.000035 0.000035
115 115 (0) 3 : 0.971229 0.000025 0.028623 0.000025 0.000025 0.000025 0.000025 0.000025
1 1 (0) 1 : 0.000036 0.000036 0.000036 0.000036 0.999747 0.000036 0.000036 0.000036
2 2 (0) 1 : 0.000034 0.000034 0.000034 0.000034 0.999759 0.000034 0.000034 0.000034
3 3 (0) 1 : 0.000037 0.000037 0.000037 0.000037 0.999743 0.000037 0.000037 0.000037
4 4 (0) 1 : 0.000037 0.000037 0.000037 0.000037 0.999742 0.000037 0.000037 0.000037
5 5 (0) 1 : 0.000038 0.000038 0.000038 0.000038 0.999731 0.000038 0.000038 0.000038
6 6 (0) 1 : 0.000037 0.000037 0.000037 0.000037 0.999741 0.000037 0.000037 0.000037
7 7 (0) 1 : 0.000040 0.000040 0.000040 0.000040 0.999722 0.000040 0.000040 0.000040
8 8 (0) 1 : 0.000028 0.000028 0.000028 0.000028 0.999804 0.000028 0.000028 0.000028
9 9 (0) 1 : 0.000026 0.000026 0.000026 0.000026 0.999816 0.000026 0.000026 0.000026
10 10 (0) 1 : 0.000031 0.000031 0.000031 0.000031 0.999784 0.000031 0.000031 0.000031
11 11 (0) 1 : 0.000036 0.000036 0.000036 0.000036 0.999749 0.000036 0.000036 0.000036
12 12 (0) 1 : 0.000029 0.000029 0.000029 0.000029 0.999794 0.000029 0.000029 0.000029
13 13 (0) 1 : 0.000035 0.000035 0.000035 0.000035 0.999754 0.000035 0.000035 0.000035
14 14 (0) 1 : 0.000036 0.000036 0.000036 0.000036 0.999751 0.000036 0.000036 0.000036
15 15 (0) 1 : 0.000036 0.000036 0.000036 0.000036 0.999751 0.000036 0.000036 0.000036
16 16 (0) 1 : 0.000038 0.000038 0.000038 0.000038 0.999737 0.000038 0.000038 0.000038
17 17 (0) 1 : 0.000041 0.000041 0.000041 0.000041 0.999715 0.000041 0.000041 0.000041
18 18 (0) 2 : 0.000028 0.000028 0.000028 0.000028 0.999806 0.000028 0.000028 0.000028
19 19 (0) 2 : 0.000036 0.000036 0.000036 0.000036 0.999750 0.000036 0.000036 0.000036
20 20 (0) 3 : 0.000028 0.000028 0.000028 0.000028 0.999803 0.000028 0.000028 0.000028
21 21 (0) 3 : 0.000029 0.000029 0.000029 0.000029 0.999794 0.000029 0.000029 0.000029
22 22 (0) 2 : 0.000036 0.000036 0.000036 0.000036 0.999745 0.000036 0.000036 0.000036
23 23 (0) 2 : 0.000028 0.000028 0.000028 0.000028 0.999804 0.000028 0.000028 0.000028
24 24 (0) 2 : 0.000027 0.000027 0.000027 0.000027 0.999810 0.000027 0.000027 0.000027
25 25 (0) 4 : 0.000033 0.000033 0.000033 0.999772 0.000033 0.000033 0.000033 0.000033
26 26 (0) 4 : 0.000028 0.000028 0.000028 0.999801 0.000028 0.000028 0.000028 0.000028
27 27 (0) 4 : 0.000042 0.000042 0.000042 0.999707 0.000042 0.000042 0.000042 0.000042
28 28 (0) 4 : 0.000037 0.000037 0.000037 0.999742 0.000037 0.000037 0.000037 0.000037
29 29 (0) 4 : 0.000043 0.000043 0.000043 0.999697 0.000043 0.000043 0.000043 0.000043
30 30 (0) 4 : 0.000048 0.000048 0.000048 0.899817 0.099894 0.000048 0.000048 0.000048
31 31 (0) 4 : 0.000039 0.000039 0.000039 0.999724 0.000039 0.000039 0.000039 0.000039
32 32 (0) 4 : 0.000041 0.000041 0.000041 0.999711 0.000041 0.000041 0.000041 0.000041
33 33 (0) 4 : 0.000035 0.000035 0.000035 0.999753 0.000035 0.000035 0.000035 0.000035
34 34 (0) 4 : 0.000027 0.000027 0.000027 0.999811 0.000027 0.000027 0.000027 0.000027
35 35 (0) 4 : 0.000026 0.000026 0.000026 0.948183 0.051661 0.000026 0.000026 0.000026
36 36 (0) 4 : 0.000026 0.000026 0.000026 0.999817 0.000026 0.000026 0.000026 0.000026
37 37 (0) 4 : 0.000027 0.000027 0.000027 0.999814 0.000027 0.000027 0.000027 0.000027
38 38 (0) 4 : 0.000034 0.000034 0.000034 0.999764 0.000034 0.000034 0.000034 0.000034
39 39 (0) 4 : 0.000028 0.000028 0.000028 0.999805 0.000028 0.000028 0.000028 0.000028
40 40 (0) 4 : 0.000026 0.000026 0.000026 0.999817 0.000026 0.000026 0.000026 0.000026
41 41 (0) 4 : 0.000037 0.000037 0.000037 0.999739 0.000037 0.000037 0.000037 0.000037
42 42 (0) 4 : 0.000036 0.000036 0.000036 0.999748 0.000036 0.000036 0.000036 0.000036
43 43 (0) 4 : 0.000038 0.000038 0.000038 0.999737 0.000038 0.000038 0.000038 0.000038
44 44 (0) 4 : 0.000036 0.000036 0.000036 0.999747 0.000036 0.000036 0.000036 0.000036
45 45 (0) 4 : 0.000037 0.000037 0.000037 0.999744 0.000037 0.000037 0.000037 0.000037
46 46 (0) 4 : 0.000036 0.000036 0.000036 0.903376 0.096407 0.000036 0.000036 0.000036
47 47 (0) 4 : 0.000038 0.000038 0.000038 0.999737 0.000038 0.000038 0.000038 0.000038
48 48 (0) 4 : 0.000036 0.000036 0.000036 0.930507 0.069280 0.000036 0.000036 0.000036
49 49 (0) 4 : 0.000035 0.000035 0.000035 0.999756 0.000035 0.000035 0.000035 0.000035
50 50 (0) 4 : 0.000036 0.000036 0.000036 0.999749 0.000036 0.000036 0.000036 0.000036
51 51 (0) 1 : 0.000024 0.000024 0.000024 0.000024 0.999834 0.000024 0.000024 0.000024
52 52 (0) 1 : 0.000025 0.000025 0.000025 0.000025 0.999825 0.000025 0.000025 0.000025
53 53 (0) 1 : 0.000040 0.000040 0.000040 0.023567 0.976191 0.000040 0.000040 0.000040
54 54 (0) 1 : 0.000028 0.000028 0.000028 0.000028 0.999805 0.000028 0.000028 0.000028
55 55 (0) 1 : 0.000043 0.000043 0.000043 0.288361 0.711381 0.000043 0.000043 0.000043
56 56 (0) 1 : 0.000027 0.000027 0.000027 0.494447 0.505391 0.000027 0.000027 0.000027
57 57 (0) 1 : 0.000026 0.000026 0.000026 0.380377 0.619468 0.000026 0.000026 0.000026
58 58 (0) 1 : 0.000035 0.000035 0.000035 0.338221 0.661570 0.000035 0.000035 0.000035
59 59 (0) 1 : 0.000034 0.000034 0.000034 0.000034 0.999763 0.000034 0.000034 0.000034
60 60 (0) 1 : 0.000035 0.000035 0.000035 0.000035 0.999756 0.000035 0.000035 0.000035
61 61 (0) 1 : 0.000024 0.000024 0.000024 0.000024 0.999829 0.000024 0.000024 0.000024
62 62 (0) 1 : 0.000031 0.000031 0.000031 0.000031 0.999783 0.000031 0.000031 0.000031
63 63 (0) 1 : 0.000032 0.000032 0.000032 0.000032 0.999773 0.000032 0.000032 0.000032
64 64 (0) 1 : 0.000036 0.000036 0.000036 0.000036 0.999748 0.000036 0.000036 0.000036
65 65 (0) 1 : 0.000035 0.000035 0.000035 0.000035 0.999752 0.000035 0.000035 0.000035
66 66 (0) 1 : 0.000039 0.000039 0.000039 0.000039 0.999725 0.000039 0.000039 0.000039
67 67 (0) 1 : 0.000035 0.000035 0.000035 0.000035 0.999757 0.000035 0.000035 0.000035
68 68 (0) 1 : 0.000040 0.000040 0.000040 0.000040 0.999719 0.000040 0.000040 0.000040
69 69 (0) 1 : 0.000043 0.000043 0.000043 0.000043 0.999700 0.000043 0.000043 0.000043
70 70 (0) 1 : 0.000033 0.000033 0.000033 0.000033 0.999771 0.000033 0.000033 0.000033
71 71 (0) 1 : 0.000038 0.000038 0.000038 0.000038 0.999731 0.000038 0.000038 0.000038
72 72 (0) 1 : 0.000037 0.000037 0.000037 0.000037 0.999738 0.000037 0.000037 0.000037
73 73 (0) 1 : 0.000035 0.000035 0.000035 0.000035 0.999757 0.000035 0.000035 0.000035
74 74 (0) 1 : 0.000025 0.000025 0.000025 0.000025 0.999827 0.000025 0.000025 0.000025
75 75 (0) 1 : 0.000024 0.000024 0.000024 0.000024 0.999829 0.000024 0.000024 0.000024
76 76 (0) 1 : 0.000048 0.000048 0.000048 0.000048 0.999664 0.000048 0.000048 0.000048
77 77 (0) 1 : 0.000038 0.000038 0.000038 0.000038 0.999736 0.000038 0.000038 0.000038
78 78 (0) 1 : 0.000037 0.000037 0.000037 0.000037 0.999741 0.000037 0.000037 0.000037
79 79 (0) 1 : 0.000031 0.000031 0.000031 0.125940 0.873876 0.000031 0.000031 0.000031
80 80 (0) 1 : 0.000024 0.000024 0.000024 0.000024 0.999830 0.000024 0.000024 0.000024
81 81 (0) 1 : 0.000024 0.000024 0.000024 0.000024 0.999830 0.000024 0.000024 0.000024
82 82 (0) 1 : 0.000027 0.000027 0.000027 0.000027 0.999809 0.000027 0.000027 0.000027
83 83 (0) 1 : 0.000035 0.000035 0.000035 0.000035 0.999752 0.000035 0.000035 0.000035
84 84 (0) 1 : 0.000048 0.000048 0.000048 0.000048 0.999662 0.000048 0.000048 0.000048
85 85 (0) 1 : 0.000025 0.000025 0.000025 0.000025 0.999827 0.000025 0.000025 0.000025
86 86 (0) 1 : 0.000024 0.000024 0.000024 0.000024 0.999830 0.000024 0.000024 0.000024
87 87 (0) 5 : 0.000038 0.000038 0.000038 0.694619 0.305155 0.000038 0.000038 0.000038
88 88 (0) 5 : 0.000033 0.000033 0.000033 0.646909 0.352895 0.000033 0.000033 0.000033
89 89 (0) 5 : 0.000026 0.000026 0.000026 0.542856 0.456991 0.000026 0.000026 0.000026
90 90 (0) 5 : 0.000038 0.000038 0.000038 0.820768 0.179006 0.000038 0.000038 0.000038
91 91 (0) 5 : 0.000036 0.000036 0.000036 0.927614 0.072173 0.000036 0.000036 0.000036
92 92 (0) 5 : 0.000029 0.000029 0.000029 0.622844 0.376983 0.000029 0.000029 0.000029
93 93 (0) 5 : 0.000040 0.000040 0.000040 0.807247 0.192512 0.000040 0.000040 0.000040
94 94 (0) 5 : 0.000030 0.000030 0.000030 0.761016 0.238803 0.000030 0.000030 0.000030
95 95 (0) 5 : 0.000039 0.000039 0.000039 0.999729 0.000039 0.000039 0.000039 0.000039
96 96 (0) 5 : 0.000034 0.000034 0.000034 0.875124 0.124670 0.000034 0.000034 0.000034
97 97 (0) 6 : 0.000034 0.000034 0.000034 0.000034 0.999761 0.000034 0.000034 0.000034
98 98 (0) 6 : 0.000033 0.000033 0.000033 0.000033 0.999770 0.000033 0.000033 0.000033
99 99 (0) 6 : 0.000033 0.000033 0.000033 0.000033 0.999768 0.000033 0.000033 0.000033
100 100 (0) 6 : 0.000027 0.000027 0.000027 0.000027 0.999813 0.000027 0.000027 0.000027
101 101 (0) 6 : 0.000027 0.000027 0.000027 0.000027 0.999813 0.000027 0.000027 0.000027
102 102 (0) 6 : 0.000025 0.000025 0.000025 0.000025 0.999824 0.000025 0.000025 0.000025
103 103 (0) 6 : 0.000034 0.000034 0.000034 0.000034 0.999764 0.000034 0.000034 0.000034
104 104 (0) 6 : 0.000036 0.000036 0.000036 0.000036 0.999751 0.000036 0.000036 0.000036
105 105 (0) 6 : 0.000035 0.000035 0.000035 0.000035 0.999755 0.000035 0.000035 0.000035
106 106 (0) 6 : 0.000039 0.000039 0.000039 0.000039 0.999724 0.000039 0.000039 0.000039
107 107 (0) 6 : 0.000035 0.000035 0.000035 0.000035 0.999755 0.000035 0.000035 0.000035
108 108 (0) 6 : 0.000037 0.000037 0.000037 0.000037 0.999741 0.000037 0.000037 0.000037
109 109 (0) 6 : 0.000036 0.000036 0.000036 0.000036 0.999747 0.000036 0.000036 0.000036
110 110 (0) 2 : 0.000028 0.000028 0.000028 0.000028 0.999805 0.000028 0.000028 0.000028
111 111 (0) 2 : 0.000036 0.000036 0.000036 0.000036 0.999748 0.000036 0.000036 0.000036
112 112 (0) 2 : 0.000036 0.000036 0.000036 0.000036 0.999745 0.000036 0.000036 0.000036
113 113 (0) 2 : 0.000033 0.000033 0.000033 0.000033 0.999766 0.000033 0.000033 0.000033
114 114 (0) 2 : 0.000035 0.000035 0.000035 0.000035 0.999757 0.000035 0.000035 0.000035
115 115 (0) 3 : 0.000025 0.000025 0.000025 0.000025 0.999827 0.000025 0.000025 0.000025
