1 1 (0) 1 : 0.999776 0.000075 0.000075 0.000074
2 2 (0) 1 : 0.999786 0.000072 0.000072 0.000071
3 3 (0) 1 : 0.999771 0.000077 0.000077 0.000075
4 4 (0) 1 : 0.999771 0.000077 0.000077 0.000076
5 5 (0) 1 : 0.999760 0.000081 0.000080 0.000079
6 6 (0) 1 : 0.999770 0.000077 0.000077 0.000076
7 7 (0) 1 : 0.999752 0.000083 0.000083 0.000082
8 8 (0) 1 : 0.999826 0.000058 0.000058 0.000058
9 9 (0) 1 : 0.999836 0.000055 0.000055 0.000054
10 10 (0) 1 : 0.999808 0.000064 0.000064 0.000063
11 11 (0) 1 : 0.999775 0.000075 0.000075 0.000074
12 12 (0) 1 : 0.999817 0.000061 0.000061 0.000061
13 13 (0) 1 : 0.999780 0.000074 0.000074 0.000073
14 14 (0) 1 : 0.999778 0.000074 0.000074 0.000073
15 15 (0) 1 : 0.999778 0.000074 0.000074 0.000073
16 16 (0) 1 : 0.999766 0.000079 0.000078 0.000077
17 17 (0) 1 : 0.999745 0.000085 0.000085 0.000084
18 18 (0) 2 : 0.000058 0.000058 0.999827 0.000057
19 19 (0) 2 : 0.000075 0.000075 0.999777 0.000073
20 20 (0) 3 : 0.999817 0.000059 0.000059 0.000065
21 21 (0) 3 : 0.999805 0.000062 0.000062 0.000072
22 22 (0) 2 : 0.000076 0.000076 0.999774 0.000074
23 23 (0) 2 : 0.000059 0.000059 0.999825 0.000058
24 24 (0) 2 : 0.000057 0.000057 0.999831 0.000056
25 25 (0) 4 : 0.091883 0.907983 0.000068 0.000067
26 26 (0) 4 : 0.000059 0.999823 0.000059 0.000058
27 27 (0) 4 : 0.000088 0.999738 0.000087 0.000087
28 28 (0) 4 : 0.000077 0.999771 0.000077 0.000076
29 29 (0) 4 : 0.000091 0.999729 0.000090 0.000091
30 30 (0) 4 : 0.124994 0.874794 0.000101 0.000110
31 31 (0) 4 : 0.000082 0.999755 0.000082 0.000081
32 32 (0) 4 : 0.000086 0.999740 0.000086 0.000088
33 33 (0) 4 : 0.000074 0.999780 0.000073 0.000073
34 34 (0) 4 : 0.000057 0.999831 0.000056 0.000055
35 35 (0) 4 : 0.106023 0.893869 0.000054 0.000053
36 36 (0) 4 : 0.000055 0.999837 0.000054 0.000054
37 37 (0) 4 : 0.000056 0.999834 0.000055 0.000055
38 38 (0) 4 : 0.000070 0.999791 0.000070 0.000069
39 39 (0) 4 : 0.000058 0.999826 0.000058 0.000057
40 40 (0) 4 : 0.000054 0.999838 0.000054 0.000054
41 41 (0) 4 : 0.000078 0.999768 0.000077 0.000076
42 42 (0) 4 : 0.000075 0.999776 0.000075 0.000074
43 43 (0) 4 : 0.000079 0.999765 0.000078 0.000078
44 44 (0) 4 : 0.000076 0.999772 0.000075 0.000077
45 45 (0) 4 : 0.000077 0.999771 0.000076 0.000076
46 46 (0) 4 : 0.000076 0.999776 0.000076 0.000072
47 47 (0) 4 : 0.000079 0.999765 0.000079 0.000078
48 48 (0) 4 : 0.167274 0.832578 0.000075 0.000073
49 49 (0) 4 : 0.000073 0.999783 0.000073 0.000072
50 50 (0) 4 : 0.000075 0.999777 0.000075 0.000073
51 51 (0) 1 : 0.999852 0.000050 0.000050 0.000049
52 52 (0) 1 : 0.999844 0.000052 0.000052 0.000052
53 53 (0) 1 : 0.820697 0.000084 0.179136 0.000083
54 54 (0) 1 : 0.447249 0.552635 0.000058 0.000057
55 55 (0) 1 : 0.655447 0.344374 0.000090 0.000089
56 56 (0) 1 : 0.427601 0.572287 0.000056 0.000055
57 57 (0) 1 : 0.471331 0.528563 0.000054 0.000053
58 58 (0) 1 : 0.568147 0.431709 0.000072 0.000071
59 59 (0) 1 : 0.999788 0.000071 0.000071 0.000070
60 60 (0) 1 : 0.999783 0.000073 0.000073 0.000072
61 61 (0) 1 : 0.999848 0.000051 0.000051 0.000050
62 62 (0) 1 : 0.999807 0.000065 0.000065 0.000063
63 63 (0) 1 : 0.999797 0.000068 0.000068 0.000067
64 64 (0) 1 : 0.999775 0.000076 0.000075 0.000074
65 65 (0) 1 : 0.999779 0.000074 0.000074 0.000073
66 66 (0) 1 : 0.999755 0.000082 0.000082 0.000081
67 67 (0) 1 : 0.999783 0.000073 0.000073 0.000071
68 68 (0) 1 : 0.999750 0.000084 0.000084 0.000083
69 69 (0) 1 : 0.999733 0.000090 0.000090 0.000088
70 70 (0) 1 : 0.999795 0.000069 0.000068 0.000068
71 71 (0) 1 : 0.999762 0.000080 0.000080 0.000079
72 72 (0) 1 : 0.999766 0.000078 0.000078 0.000077
73 73 (0) 1 : 0.999782 0.000073 0.000073 0.000072
74 74 (0) 1 : 0.999846 0.000052 0.000052 0.000051
75 75 (0) 1 : 0.999849 0.000051 0.000051 0.000050
76 76 (0) 1 : 0.999701 0.000100 0.000100 0.000099
77 77 (0) 1 : 0.999765 0.000079 0.000079 0.000078
78 78 (0) 1 : 0.999769 0.000078 0.000077 0.000076
79 79 (0) 1 : 0.658779 0.341092 0.000065 0.000064
80 80 (0) 1 : 0.999848 0.000051 0.000051 0.000050
81 81 (0) 1 : 0.999848 0.000051 0.000051 0.000050
82 82 (0) 1 : 0.999830 0.000057 0.000057 0.000056
83 83 (0) 1 : 0.999780 0.000074 0.000074 0.000072
84 84 (0) 1 : 0.999698 0.000103 0.000101 0.000099
85 85 (0) 1 : 0.999846 0.000052 0.000052 0.000051
86 86 (0) 1 : 0.999848 0.000051 0.000051 0.000050
87 87 (0) 5 : 0.541458 0.458385 0.000079 0.000077
88 88 (0) 5 : 0.362278 0.637587 0.000068 0.000067
89 89 (0) 5 : 0.499624 0.500270 0.000053 0.000052
90 90 (0) 5 : 0.131185 0.868659 0.000079 0.000077
91 91 (0) 5 : 0.101900 0.897952 0.000075 0.000073
92 92 (0) 5 : 0.405205 0.594675 0.000061 0.000059
93 93 (0) 5 : 0.261854 0.737980 0.000084 0.000083
94 94 (0) 5 : 0.214340 0.785536 0.000063 0.000061
95 95 (0) 5 : 0.116520 0.883320 0.000081 0.000079
96 96 (0) 5 : 0.150081 0.849776 0.000072 0.000071
97 97 (0) 6 : 0.999788 0.000071 0.000071 0.000070
98 98 (0) 6 : 0.999795 0.000069 0.000068 0.000067
99 99 (0) 6 : 0.999794 0.000069 0.000069 0.000068
100 100 (0) 6 : 0.999834 0.000056 0.000056 0.000055
101 101 (0) 6 : 0.999834 0.000056 0.000055 0.000055
102 102 (0) 6 : 0.999844 0.000052 0.000052 0.000052
103 103 (0) 6 : 0.999791 0.000070 0.000070 0.000069
104 104 (0) 6 : 0.999779 0.000074 0.000074 0.000073
105 105 (0) 6 : 0.999783 0.000073 0.000073 0.000072
106 106 (0) 6 : 0.999755 0.000082 0.000082 0.000081
107 107 (0) 6 : 0.999782 0.000073 0.000073 0.000072
108 108 (0) 6 : 0.999770 0.000077 0.000077 0.000076
109 109 (0) 6 : 0.999774 0.000076 0.000075 0.000074
110 110 (0) 2 : 0.000058 0.000058 0.999826 0.000057
111 111 (0) 2 : 0.195559 0.000075 0.804293 0.000073
112 112 (0) 2 : 0.131581 0.000076 0.868268 0.000075
113 113 (0) 2 : 0.000070 0.000070 0.999792 0.000068
114 114 (0) 2 : 0.000073 0.000073 0.999783 0.000071
115 115 (0) 3 : 0.999845 0.000052 0.000052 0.000051
1 1 (0) 1 : 0.000074 0.999772 0.000077 0.000077
2 2 (0) 1 : 0.000071 0.999782 0.000074 0.000074
3 3 (0) 1 : 0.000076 0.999766 0.000079 0.000078
4 4 (0) 1 : 0.000076 0.999766 0.000079 0.000079
5 5 (0) 1 : 0.000080 0.999755 0.000082 0.000082
6 6 (0) 1 : 0.000077 0.999765 0.000079 0.000079
7 7 (0) 1 : 0.000082 0.999748 0.000085 0.000085
8 8 (0) 1 : 0.000058 0.999823 0.000060 0.000060
9 9 (0) 1 : 0.000054 0.999833 0.000056 0.000056
10 10 (0) 1 : 0.000063 0.999805 0.000066 0.000066
11 11 (0) 1 : 0.000074 0.999771 0.000077 0.000077
12 12 (0) 1 : 0.000061 0.999814 0.000063 0.000063
13 13 (0) 1 : 0.000073 0.999777 0.000075 0.000075
14 14 (0) 1 : 0.000074 0.999774 0.000076 0.000076
15 15 (0) 1 : 0.000073 0.999775 0.000076 0.000076
16 16 (0) 1 : 0.000077 0.999762 0.000080 0.000080
17 17 (0) 1 : 0.000084 0.999741 0.000087 0.000087
18 18 (0) 2 : 0.000057 0.000060 0.000059 0.999824
19 19 (0) 2 : 0.000073 0.000077 0.000076 0.999774
20 20 (0) 3 : 0.000059 0.999820 0.000060 0.000061
21 21 (0) 3 : 0.000062 0.999812 0.000063 0.000063
22 22 (0) 2 : 0.000074 0.000078 0.000078 0.999770
23 23 (0) 2 : 0.000058 0.000060 0.000060 0.999822
24 24 (0) 2 : 0.000056 0.000058 0.000058 0.999828
25 25 (0) 4 : 0.000067 0.000070 0.999794 0.000069
26 26 (0) 4 : 0.000059 0.000061 0.999820 0.000061
27 27 (0) 4 : 0.000086 0.000090 0.999734 0.000090
28 28 (0) 4 : 0.000076 0.000079 0.999767 0.000078
29 29 (0) 4 : 0.000089 0.000093 0.999726 0.000092
30 30 (0) 4 : 0.000101 0.138682 0.861113 0.000104
31 31 (0) 4 : 0.000081 0.000084 0.999751 0.000084
32 32 (0) 4 : 0.000085 0.000089 0.999738 0.000088
33 33 (0) 4 : 0.000072 0.000076 0.999777 0.000075
34 34 (0) 4 : 0.000056 0.000058 0.999828 0.000058
35 35 (0) 4 : 0.000054 0.004533 0.995358 0.000056
36 36 (0) 4 : 0.000054 0.000056 0.999834 0.000056
37 37 (0) 4 : 0.000055 0.000057 0.999831 0.000057
38 38 (0) 4 : 0.000069 0.000072 0.999787 0.000072
39 39 (0) 4 : 0.000057 0.000060 0.999823 0.000059
40 40 (0) 4 : 0.000054 0.000056 0.999835 0.000056
41 41 (0) 4 : 0.000076 0.000080 0.999764 0.000079
42 42 (0) 4 : 0.000074 0.000077 0.999772 0.000077
43 43 (0) 4 : 0.000078 0.000081 0.999762 0.000080
44 44 (0) 4 : 0.000075 0.000078 0.999770 0.000077
45 45 (0) 4 : 0.000075 0.000078 0.999768 0.000078
46 46 (0) 4 : 0.000075 0.035311 0.964536 0.000078
47 47 (0) 4 : 0.000078 0.000081 0.999762 0.000080
48 48 (0) 4 : 0.000074 0.135582 0.864268 0.000076
49 49 (0) 4 : 0.000072 0.000075 0.999779 0.000074
50 50 (0) 4 : 0.000073 0.000077 0.999773 0.000076
51 51 (0) 1 : 0.000049 0.999849 0.000051 0.000051
52 52 (0) 1 : 0.000052 0.999841 0.000054 0.000053
53 53 (0) 1 : 0.000084 0.861848 0.000086 0.137982
54 54 (0) 1 : 0.000058 0.999821 0.000061 0.000060
55 55 (0) 1 : 0.000090 0.783923 0.215895 0.000092
56 56 (0) 1 : 0.000056 0.568981 0.430906 0.000058
57 57 (0) 1 : 0.000054 0.999834 0.000056 0.000056
58 58 (0) 1 : 0.000072 0.722405 0.277449 0.000074
59 59 (0) 1 : 0.000071 0.999784 0.000073 0.000072
60 60 (0) 1 : 0.000072 0.999779 0.000075 0.000074
61 61 (0) 1 : 0.000050 0.999846 0.000052 0.000052
62 62 (0) 1 : 0.000064 0.999804 0.000066 0.000066
63 63 (0) 1 : 0.000067 0.999794 0.000070 0.000069
64 64 (0) 1 : 0.000074 0.999771 0.000077 0.000077
65 65 (0) 1 : 0.000073 0.999775 0.000076 0.000076
66 66 (0) 1 : 0.000082 0.999750 0.000084 0.000084
67 67 (0) 1 : 0.000072 0.999780 0.000074 0.000074
68 68 (0) 1 : 0.000083 0.999745 0.000086 0.000086
69 69 (0) 1 : 0.000089 0.999728 0.000092 0.000092
70 70 (0) 1 : 0.000068 0.999792 0.000070 0.000070
71 71 (0) 1 : 0.000079 0.999757 0.000082 0.000082
72 72 (0) 1 : 0.000077 0.999762 0.000080 0.000080
73 73 (0) 1 : 0.000072 0.999779 0.000075 0.000074
74 74 (0) 1 : 0.000051 0.999844 0.000053 0.000053
75 75 (0) 1 : 0.000050 0.999846 0.000052 0.000052
76 76 (0) 1 : 0.000099 0.999695 0.000103 0.000103
77 77 (0) 1 : 0.000078 0.999761 0.000081 0.000081
78 78 (0) 1 : 0.000076 0.999765 0.000079 0.000079
79 79 (0) 1 : 0.000065 0.963531 0.000067 0.036337
80 80 (0) 1 : 0.000050 0.999846 0.000052 0.000052
81 81 (0) 1 : 0.000050 0.999846 0.000052 0.000052
82 82 (0) 1 : 0.000057 0.999827 0.000058 0.000058
83 83 (0) 1 : 0.000073 0.999776 0.000076 0.000076
84 84 (0) 1 : 0.000100 0.999693 0.000103 0.000103
85 85 (0) 1 : 0.000051 0.999843 0.000053 0.000053
86 86 (0) 1 : 0.000051 0.999845 0.000052 0.000052
87 87 (0) 5 : 0.000078 0.544394 0.455447 0.000081
88 88 (0) 5 : 0.000068 0.336064 0.663799 0.000070
89 89 (0) 5 : 0.000053 0.480694 0.519199 0.000055
90 90 (0) 5 : 0.000078 0.145476 0.854365 0.000081
91 91 (0) 5 : 0.000074 0.115600 0.884249 0.000077
92 92 (0) 5 : 0.000060 0.394764 0.605114 0.000062
93 93 (0) 5 : 0.000083 0.272177 0.727654 0.000086
94 94 (0) 5 : 0.000062 0.161417 0.838457 0.000064
95 95 (0) 5 : 0.000080 0.128676 0.871161 0.000083
96 96 (0) 5 : 0.000071 0.160802 0.839054 0.000073
97 97 (0) 6 : 0.000070 0.999784 0.000073 0.000073
98 98 (0) 6 : 0.000068 0.999792 0.000070 0.000070
99 99 (0) 6 : 0.000068 0.999791 0.000071 0.000070
100 100 (0) 6 : 0.000055 0.999831 0.000057 0.000057
101 101 (0) 6 : 0.000055 0.999832 0.000057 0.000057
102 102 (0) 6 : 0.000052 0.999841 0.000054 0.000053
103 103 (0) 6 : 0.000069 0.999787 0.000072 0.000071
104 104 (0) 6 : 0.000073 0.999775 0.000076 0.000076
105 105 (0) 6 : 0.000072 0.999779 0.000075 0.000074
106 106 (0) 6 : 0.000081 0.999751 0.000084 0.000084
107 107 (0) 6 : 0.000072 0.999778 0.000075 0.000075
108 108 (0) 6 : 0.000076 0.999766 0.000079 0.000079
109 109 (0) 6 : 0.000075 0.999771 0.000078 0.000077
110 110 (0) 2 : 0.000057 0.000060 0.000060 0.999823
111 111 (0) 2 : 0.000073 0.000077 0.000077 0.999773
112 112 (0) 2 : 0.000075 0.000078 0.000078 0.999769
113 113 (0) 2 : 0.000068 0.000072 0.000071 0.999789
114 114 (0) 2 : 0.000071 0.000075 0.000074 0.999779
115 115 (0) 3 : 0.000052 0.999841 0.000053 0.000053
1 1 (0) 1 : 0.999765 0.000078 0.000077 0.000079
2 2 (0) 1 : 0.999776 0.000075 0.000074 0.000076
3 3 (0) 1 : 0.999760 0.000080 0.000079 0.000081
4 4 (0) 1 : 0.999760 0.000081 0.000079 0.000081
5 5 (0) 1 : 0.999750 0.000083 0.000083 0.000085
6 6 (0) 1 : 0.999759 0.000081 0.000079 0.000081
7 7 (0) 1 : 0.999742 0.000086 0.000085 0.000088
8 8 (0) 1 : 0.999820 0.000059 0.000060 0.000062
9 9 (0) 1 : 0.999830 0.000055 0.000056 0.000058
10 10 (0) 1 : 0.999801 0.000065 0.000066 0.000067
11 11 (0) 1 : 0.999766 0.000078 0.000077 0.000079
12 12 (0) 1 : 0.999812 0.000062 0.000063 0.000064
13 13 (0) 1 : 0.999771 0.000076 0.000075 0.000078
14 14 (0) 1 : 0.999769 0.000077 0.000076 0.000078
15 15 (0) 1 : 0.999769 0.000076 0.000076 0.000078
16 16 (0) 1 : 0.999756 0.000081 0.000081 0.000083
17 17 (0) 1 : 0.999734 0.000089 0.000087 0.000090
18 18 (0) 2 : 0.000059 0.000058 0.000059 0.999824
19 19 (0) 2 : 0.000076 0.000075 0.000076 0.999773
20 20 (0) 3 : 0.999819 0.000059 0.000061 0.000061
21 21 (0) 3 : 0.999811 0.000062 0.000064 0.000064
22 22 (0) 2 : 0.000077 0.000076 0.000077 0.999770
23 23 (0) 2 : 0.000060 0.000058 0.000060 0.999822
24 24 (0) 2 : 0.000058 0.000056 0.000058 0.999828
25 25 (0) 4 : 0.104088 0.000069 0.895772 0.000071
26 26 (0) 4 : 0.000061 0.000062 0.999815 0.000062
27 27 (0) 4 : 0.000090 0.000090 0.999728 0.000092
28 28 (0) 4 : 0.000079 0.000079 0.999762 0.000081
29 29 (0) 4 : 0.000093 0.000095 0.999718 0.000095
30 30 (0) 4 : 0.109143 0.000106 0.890646 0.000105
31 31 (0) 4 : 0.000084 0.000084 0.999745 0.000087
32 32 (0) 4 : 0.000089 0.000092 0.999729 0.000090
33 33 (0) 4 : 0.000075 0.000075 0.999772 0.000077
34 34 (0) 4 : 0.000058 0.000057 0.999827 0.000058
35 35 (0) 4 : 0.115709 0.000055 0.884179 0.000057
36 36 (0) 4 : 0.000056 0.000055 0.999832 0.000058
37 37 (0) 4 : 0.000057 0.000056 0.999829 0.000059
38 38 (0) 4 : 0.000072 0.000072 0.999782 0.000074
39 39 (0) 4 : 0.000060 0.000059 0.999820 0.000061
40 40 (0) 4 : 0.000056 0.000055 0.999832 0.000057
41 41 (0) 4 : 0.000080 0.000080 0.999759 0.000082
42 42 (0) 4 : 0.000077 0.000077 0.999767 0.000079
43 43 (0) 4 : 0.000081 0.000081 0.999756 0.000083
44 44 (0) 4 : 0.000078 0.000078 0.999764 0.000079
45 45 (0) 4 : 0.000078 0.000078 0.999763 0.000081
46 46 (0) 4 : 0.000078 0.000080 0.999763 0.000079
47 47 (0) 4 : 0.000081 0.000081 0.999756 0.000083
48 48 (0) 4 : 0.164800 0.000076 0.835047 0.000078
49 49 (0) 4 : 0.000074 0.000075 0.999774 0.000077
50 50 (0) 4 : 0.000076 0.000076 0.999769 0.000079
51 51 (0) 1 : 0.999847 0.000050 0.000051 0.000052
52 52 (0) 1 : 0.999840 0.000053 0.000053 0.000054
53 53 (0) 1 : 0.779908 0.000086 0.092770 0.127236
54 54 (0) 1 : 0.410995 0.000061 0.588883 0.000061
55 55 (0) 1 : 0.635913 0.000093 0.363900 0.000094
56 56 (0) 1 : 0.405727 0.000058 0.594156 0.000059
57 57 (0) 1 : 0.444982 0.000056 0.554906 0.000056
58 58 (0) 1 : 0.540740 0.000076 0.459108 0.000076
59 59 (0) 1 : 0.979923 0.000073 0.019931 0.000074
60 60 (0) 1 : 0.999775 0.000074 0.000075 0.000077
61 61 (0) 1 : 0.999843 0.000051 0.000052 0.000053
62 62 (0) 1 : 0.809360 0.000066 0.190507 0.000068
63 63 (0) 1 : 0.872085 0.000069 0.127775 0.000071
64 64 (0) 1 : 0.999766 0.000078 0.000077 0.000079
65 65 (0) 1 : 0.999770 0.000077 0.000076 0.000078
66 66 (0) 1 : 0.999745 0.000084 0.000084 0.000087
67 67 (0) 1 : 0.999775 0.000075 0.000074 0.000076
68 68 (0) 1 : 0.999739 0.000087 0.000086 0.000088
69 69 (0) 1 : 0.999720 0.000094 0.000092 0.000094
70 70 (0) 1 : 0.999787 0.000070 0.000070 0.000072
71 71 (0) 1 : 0.999753 0.000081 0.000082 0.000084
72 72 (0) 1 : 0.999756 0.000081 0.000080 0.000082
73 73 (0) 1 : 0.999774 0.000075 0.000075 0.000076
74 74 (0) 1 : 0.999841 0.000052 0.000053 0.000054
75 75 (0) 1 : 0.999844 0.000051 0.000052 0.000053
76 76 (0) 1 : 0.999688 0.000104 0.000103 0.000105
77 77 (0) 1 : 0.999754 0.000082 0.000081 0.000083
78 78 (0) 1 : 0.999759 0.000080 0.000079 0.000082
79 79 (0) 1 : 0.631819 0.000067 0.368047 0.000067
80 80 (0) 1 : 0.999844 0.000051 0.000052 0.000053
81 81 (0) 1 : 0.999843 0.000051 0.000052 0.000053
82 82 (0) 1 : 0.999824 0.000058 0.000059 0.000060
83 83 (0) 1 : 0.999773 0.000074 0.000076 0.000077
84 84 (0) 1 : 0.999690 0.000102 0.000103 0.000105
85 85 (0) 1 : 0.999840 0.000052 0.000053 0.000054
86 86 (0) 1 : 0.999843 0.000051 0.000052 0.000053
87 87 (0) 5 : 0.533363 0.000080 0.466476 0.000081
88 88 (0) 5 : 0.356806 0.000069 0.643056 0.000069
89 89 (0) 5 : 0.496373 0.000054 0.503518 0.000055
90 90 (0) 5 : 0.000081 0.000083 0.999756 0.000080
91 91 (0) 5 : 0.000078 0.000079 0.999767 0.000076
92 92 (0) 5 : 0.396547 0.000062 0.603328 0.000063
93 93 (0) 5 : 0.236882 0.000086 0.762945 0.000087
94 94 (0) 5 : 0.200899 0.000063 0.798975 0.000064
95 95 (0) 5 : 0.000085 0.000081 0.999753 0.000082
96 96 (0) 5 : 0.132171 0.000073 0.867680 0.000075
97 97 (0) 6 : 0.999780 0.000072 0.000073 0.000075
98 98 (0) 6 : 0.999789 0.000069 0.000070 0.000072
99 99 (0) 6 : 0.999788 0.000069 0.000071 0.000072
100 100 (0) 6 : 0.999825 0.000059 0.000057 0.000059
101 101 (0) 6 : 0.999826 0.000058 0.000057 0.000059
102 102 (0) 6 : 0.999837 0.000054 0.000054 0.000055
103 103 (0) 6 : 0.999784 0.000070 0.000072 0.000074
104 104 (0) 6 : 0.999772 0.000074 0.000076 0.000078
105 105 (0) 6 : 0.000078 0.999768 0.000077 0.000077
106 106 (0) 6 : 0.999747 0.000082 0.000084 0.000086
107 107 (0) 6 : 0.999774 0.000074 0.000076 0.000077
108 108 (0) 6 : 0.999763 0.000077 0.000080 0.000081
109 109 (0) 6 : 0.999766 0.000076 0.000078 0.000080
110 110 (0) 2 : 0.193642 0.000058 0.000059 0.806241
111 111 (0) 2 : 0.251186 0.000075 0.000076 0.748664
112 112 (0) 2 : 0.204204 0.000076 0.000077 0.795642
113 113 (0) 2 : 0.000071 0.000070 0.000071 0.999788
114 114 (0) 2 : 0.131205 0.000073 0.000074 0.868649
115 115 (0) 3 : 0.999840 0.000052 0.000053 0.000054
1 1 (0) 1 : 0.999776 0.000076 0.000074 0.000074
2 2 (0) 1 : 0.999785 0.000072 0.000072 0.000071
3 3 (0) 1 : 0.999767 0.000078 0.000077 0.000078
4 4 (0) 1 : 0.999769 0.000079 0.000076 0.000076
5 5 (0) 1 : 0.999757 0.000083 0.000081 0.000080
6 6 (0) 1 : 0.999768 0.000078 0.000077 0.000076
7 7 (0) 1 : 0.999752 0.000083 0.000083 0.000082
8 8 (0) 1 : 0.999826 0.000058 0.000058 0.000057
9 9 (0) 1 : 0.999836 0.000055 0.000055 0.000054
10 10 (0) 1 : 0.999809 0.000064 0.000063 0.000063
11 11 (0) 1 : 0.999775 0.000077 0.000074 0.000074
12 12 (0) 1 : 0.999817 0.000061 0.000061 0.000060
13 13 (0) 1 : 0.999780 0.000074 0.000073 0.000073
14 14 (0) 1 : 0.999778 0.000075 0.000074 0.000073
15 15 (0) 1 : 0.999776 0.000075 0.000076 0.000073
16 16 (0) 1 : 0.999767 0.000079 0.000076 0.000077
17 17 (0) 1 : 0.999744 0.000086 0.000087 0.000084
18 18 (0) 2 : 0.000059 0.000058 0.999826 0.000057
19 19 (0) 2 : 0.000076 0.000075 0.999775 0.000073
20 20 (0) 3 : 0.999823 0.000059 0.000060 0.000058
21 21 (0) 3 : 0.999816 0.000061 0.000063 0.000060
22 22 (0) 2 : 0.000077 0.000076 0.999772 0.000075
23 23 (0) 2 : 0.000060 0.000059 0.999824 0.000058
24 24 (0) 2 : 0.000058 0.000057 0.999830 0.000056
25 25 (0) 4 : 0.234292 0.765573 0.000068 0.000067
26 26 (0) 4 : 0.000061 0.999821 0.000059 0.000059
27 27 (0) 4 : 0.000089 0.999739 0.000088 0.000084
28 28 (0) 4 : 0.000078 0.999772 0.000076 0.000074
29 29 (0) 4 : 0.000092 0.999729 0.000090 0.000089
30 30 (0) 4 : 0.139409 0.860389 0.000102 0.000100
31 31 (0) 4 : 0.000084 0.999753 0.000082 0.000081
32 32 (0) 4 : 0.000089 0.999740 0.000086 0.000085
33 33 (0) 4 : 0.000074 0.999780 0.000073 0.000073
34 34 (0) 4 : 0.159939 0.839949 0.000057 0.000056
35 35 (0) 4 : 0.276358 0.723534 0.000055 0.000054
36 36 (0) 4 : 0.000056 0.999836 0.000054 0.000054
37 37 (0) 4 : 0.000056 0.999834 0.000055 0.000055
38 38 (0) 4 : 0.000071 0.999791 0.000069 0.000069
39 39 (0) 4 : 0.000059 0.999826 0.000058 0.000057
40 40 (0) 4 : 0.000054 0.999838 0.000054 0.000054
41 41 (0) 4 : 0.000078 0.999768 0.000077 0.000077
42 42 (0) 4 : 0.000075 0.999776 0.000075 0.000074
43 43 (0) 4 : 0.000081 0.999764 0.000078 0.000077
44 44 (0) 4 : 0.000077 0.999773 0.000075 0.000075
45 45 (0) 4 : 0.000078 0.999771 0.000076 0.000075
46 46 (0) 4 : 0.017280 0.982569 0.000076 0.000075
47 47 (0) 4 : 0.000080 0.999763 0.000079 0.000078
48 48 (0) 4 : 0.302200 0.697650 0.000075 0.000075
49 49 (0) 4 : 0.000073 0.999783 0.000072 0.000072
50 50 (0) 4 : 0.000075 0.999777 0.000074 0.000074
51 51 (0) 1 : 0.999852 0.000050 0.000050 0.000049
52 52 (0) 1 : 0.999842 0.000052 0.000053 0.000052
53 53 (0) 1 : 0.793281 0.072055 0.134580 0.000084
54 54 (0) 1 : 0.472914 0.526970 0.000059 0.000057
55 55 (0) 1 : 0.692258 0.307560 0.000092 0.000090
56 56 (0) 1 : 0.469833 0.530055 0.000057 0.000056
57 57 (0) 1 : 0.503098 0.496796 0.000054 0.000053
58 58 (0) 1 : 0.575757 0.424098 0.000073 0.000072
59 59 (0) 1 : 0.981716 0.018142 0.000071 0.000070
60 60 (0) 1 : 0.999782 0.000072 0.000074 0.000072
61 61 (0) 1 : 0.999847 0.000052 0.000051 0.000050
62 62 (0) 1 : 0.824722 0.175149 0.000065 0.000064
63 63 (0) 1 : 0.882697 0.117169 0.000067 0.000067
64 64 (0) 1 : 0.999775 0.000076 0.000074 0.000074
65 65 (0) 1 : 0.999778 0.000074 0.000074 0.000073
66 66 (0) 1 : 0.999754 0.000082 0.000082 0.000081
67 67 (0) 1 : 0.999781 0.000073 0.000074 0.000071
68 68 (0) 1 : 0.999750 0.000084 0.000083 0.000083
69 69 (0) 1 : 0.999731 0.000090 0.000090 0.000088
70 70 (0) 1 : 0.999796 0.000069 0.000068 0.000068
71 71 (0) 1 : 0.999761 0.000080 0.000080 0.000079
72 72 (0) 1 : 0.999767 0.000079 0.000077 0.000077
73 73 (0) 1 : 0.999782 0.000073 0.000073 0.000072
74 74 (0) 1 : 0.999847 0.000051 0.000051 0.000051
75 75 (0) 1 : 0.999849 0.000051 0.000050 0.000050
76 76 (0) 1 : 0.999700 0.000100 0.000100 0.000099
77 77 (0) 1 : 0.999764 0.000079 0.000079 0.000078
78 78 (0) 1 : 0.999767 0.000078 0.000079 0.000076
79 79 (0) 1 : 0.668574 0.331296 0.000066 0.000064
80 80 (0) 1 : 0.999849 0.000050 0.000050 0.000050
81 81 (0) 1 : 0.999848 0.000051 0.000051 0.000050
82 82 (0) 1 : 0.999830 0.000057 0.000057 0.000056
83 83 (0) 1 : 0.999777 0.000075 0.000075 0.000073
84 84 (0) 1 : 0.999697 0.000102 0.000101 0.000100
85 85 (0) 1 : 0.999846 0.000052 0.000051 0.000051
86 86 (0) 1 : 0.999847 0.000050 0.000052 0.000050
87 87 (0) 5 : 0.830681 0.000081 0.000080 0.169158
88 88 (0) 5 : 0.737477 0.000070 0.000069 0.262383
89 89 (0) 5 : 0.810126 0.000055 0.000054 0.189765
90 90 (0) 5 : 0.000082 0.000082 0.000080 0.999756
91 91 (0) 5 : 0.000077 0.840559 0.000076 0.159288
92 92 (0) 5 : 0.778942 0.000063 0.000061 0.220934
93 93 (0) 5 : 0.671467 0.000086 0.000084 0.328362
94 94 (0) 5 : 0.000065 0.000065 0.000064 0.999806
95 95 (0) 5 : 0.000083 0.819467 0.000082 0.180368
96 96 (0) 5 : 0.678415 0.000074 0.000072 0.321439
97 97 (0) 6 : 0.999787 0.000072 0.000070 0.000070
98 98 (0) 6 : 0.999795 0.000069 0.000069 0.000068
99 99 (0) 6 : 0.999794 0.000069 0.000069 0.000068
100 100 (0) 6 : 0.999834 0.000056 0.000055 0.000055
101 101 (0) 6 : 0.999835 0.000055 0.000055 0.000055
102 102 (0) 6 : 0.999845 0.000052 0.000052 0.000052
103 103 (0) 6 : 0.999790 0.000071 0.000070 0.000069
104 104 (0) 6 : 0.999780 0.000075 0.000072 0.000073
105 105 (0) 6 : 0.999783 0.000074 0.000071 0.000072
106 106 (0) 6 : 0.999755 0.000083 0.000081 0.000081
107 107 (0) 6 : 0.999782 0.000074 0.000072 0.000072
108 108 (0) 6 : 0.999770 0.000078 0.000076 0.000076
109 109 (0) 6 : 0.999773 0.000077 0.000076 0.000075
110 110 (0) 2 : 0.199880 0.000059 0.800004 0.000057
111 111 (0) 2 : 0.257870 0.000075 0.741981 0.000074
112 112 (0) 2 : 0.215869 0.000077 0.783979 0.000075
113 113 (0) 2 : 0.000071 0.000070 0.999790 0.000069
114 114 (0) 2 : 0.000074 0.000073 0.999781 0.000072
115 115 (0) 3 : 0.999842 0.000053 0.000053 0.000053
1 1 (0) 1 : 0.999772 0.000077 0.000076 0.000074
2 2 (0) 1 : 0.999783 0.000073 0.000073 0.000071
3 3 (0) 1 : 0.999768 0.000079 0.000077 0.000076
4 4 (0) 1 : 0.999768 0.000079 0.000078 0.000076
5 5 (0) 1 : 0.999757 0.000082 0.000081 0.000080
6 6 (0) 1 : 0.999768 0.000079 0.000077 0.000076
7 7 (0) 1 : 0.999749 0.000085 0.000084 0.000082
8 8 (0) 1 : 0.999824 0.000059 0.000059 0.000058
9 9 (0) 1 : 0.999835 0.000056 0.000055 0.000054
10 10 (0) 1 : 0.999805 0.000066 0.000066 0.000063
11 11 (0) 1 : 0.999774 0.000077 0.000075 0.000074
12 12 (0) 1 : 0.999815 0.000062 0.000062 0.000061
13 13 (0) 1 : 0.999779 0.000075 0.000073 0.000073
14 14 (0) 1 : 0.999777 0.000076 0.000074 0.000073
15 15 (0) 1 : 0.999775 0.000076 0.000076 0.000073
16 16 (0) 1 : 0.999762 0.000080 0.000080 0.000077
17 17 (0) 1 : 0.999742 0.000087 0.000087 0.000084
18 18 (0) 2 : 0.000059 0.000059 0.999824 0.000057
19 19 (0) 2 : 0.000076 0.000076 0.999775 0.000073
20 20 (0) 3 : 0.999821 0.000060 0.000060 0.000058
21 21 (0) 3 : 0.999813 0.000063 0.000063 0.000061
22 22 (0) 2 : 0.000078 0.000077 0.999771 0.000074
23 23 (0) 2 : 0.000060 0.000060 0.999823 0.000058
24 24 (0) 2 : 0.000058 0.000058 0.999829 0.000056
25 25 (0) 4 : 0.116696 0.883169 0.000069 0.000067
26 26 (0) 4 : 0.000061 0.999820 0.000061 0.000059
27 27 (0) 4 : 0.000090 0.999736 0.000087 0.000086
28 28 (0) 4 : 0.000079 0.999768 0.000078 0.000075
29 29 (0) 4 : 0.000093 0.999727 0.000090 0.000089
30 30 (0) 4 : 0.122138 0.877658 0.000104 0.000100
31 31 (0) 4 : 0.000084 0.999753 0.000082 0.000081
32 32 (0) 4 : 0.000089 0.999738 0.000088 0.000085
33 33 (0) 4 : 0.000075 0.999778 0.000075 0.000072
34 34 (0) 4 : 0.000058 0.999829 0.000058 0.000056
35 35 (0) 4 : 0.124510 0.875381 0.000055 0.000054
36 36 (0) 4 : 0.000056 0.999835 0.000055 0.000054
37 37 (0) 4 : 0.000057 0.999832 0.000056 0.000055
38 38 (0) 4 : 0.000072 0.999789 0.000071 0.000069
39 39 (0) 4 : 0.000060 0.999824 0.000059 0.000057
40 40 (0) 4 : 0.000056 0.999836 0.000055 0.000053
41 41 (0) 4 : 0.000079 0.999767 0.000077 0.000076
42 42 (0) 4 : 0.000077 0.999773 0.000077 0.000074
43 43 (0) 4 : 0.000081 0.999762 0.000080 0.000077
44 44 (0) 4 : 0.000078 0.999771 0.000077 0.000075
45 45 (0) 4 : 0.000078 0.999770 0.000076 0.000075
46 46 (0) 4 : 0.000078 0.999772 0.000078 0.000073
47 47 (0) 4 : 0.000080 0.999764 0.000078 0.000078
48 48 (0) 4 : 0.176081 0.823769 0.000076 0.000074
49 49 (0) 4 : 0.000074 0.999780 0.000074 0.000072
50 50 (0) 4 : 0.000076 0.999774 0.000076 0.000073
51 51 (0) 1 : 0.999850 0.000051 0.000050 0.000049
52 52 (0) 1 : 0.999841 0.000053 0.000054 0.000052
53 53 (0) 1 : 0.778080 0.090849 0.130987 0.000084
54 54 (0) 1 : 0.418246 0.581638 0.000059 0.000057
55 55 (0) 1 : 0.641551 0.358267 0.000092 0.000089
56 56 (0) 1 : 0.409639 0.590248 0.000057 0.000056
57 57 (0) 1 : 0.449203 0.550689 0.000055 0.000053
58 58 (0) 1 : 0.546212 0.453642 0.000074 0.000072
59 59 (0) 1 : 0.980061 0.019796 0.000072 0.000071
60 60 (0) 1 : 0.999781 0.000074 0.000073 0.000072
61 61 (0) 1 : 0.999847 0.000052 0.000051 0.000050
62 62 (0) 1 : 0.811524 0.188346 0.000066 0.000064
63 63 (0) 1 : 0.871978 0.127885 0.000069 0.000067
64 64 (0) 1 : 0.999772 0.000077 0.000077 0.000074
65 65 (0) 1 : 0.999776 0.000076 0.000076 0.000073
66 66 (0) 1 : 0.999752 0.000084 0.000082 0.000081
67 67 (0) 1 : 0.999780 0.000074 0.000074 0.000071
68 68 (0) 1 : 0.999747 0.000086 0.000085 0.000083
69 69 (0) 1 : 0.999729 0.000092 0.000091 0.000088
70 70 (0) 1 : 0.999794 0.000070 0.000069 0.000068
71 71 (0) 1 : 0.999761 0.000081 0.000079 0.000078
72 72 (0) 1 : 0.999764 0.000080 0.000079 0.000077
73 73 (0) 1 : 0.999778 0.000075 0.000074 0.000074
74 74 (0) 1 : 0.999846 0.000053 0.000051 0.000051
75 75 (0) 1 : 0.999849 0.000052 0.000050 0.000050
76 76 (0) 1 : 0.999698 0.000103 0.000100 0.000099
77 77 (0) 1 : 0.999762 0.000081 0.000080 0.000078
78 78 (0) 1 : 0.999767 0.000079 0.000077 0.000076
79 79 (0) 1 : 0.636280 0.363590 0.000066 0.000064
80 80 (0) 1 : 0.999846 0.000052 0.000052 0.000050
81 81 (0) 1 : 0.999846 0.000052 0.000052 0.000050
82 82 (0) 1 : 0.999828 0.000058 0.000057 0.000056
83 83 (0) 1 : 0.999775 0.000076 0.000076 0.000073
84 84 (0) 1 : 0.999694 0.000103 0.000103 0.000100
85 85 (0) 1 : 0.999845 0.000053 0.000051 0.000051
86 86 (0) 1 : 0.999846 0.000052 0.000052 0.000050
87 87 (0) 5 : 0.543762 0.456080 0.000080 0.000078
88 88 (0) 5 : 0.370166 0.629696 0.000070 0.000067
89 89 (0) 5 : 0.506345 0.493548 0.000054 0.000053
90 90 (0) 5 : 0.131416 0.868426 0.000080 0.000078
91 91 (0) 5 : 0.098076 0.901774 0.000076 0.000074
92 92 (0) 5 : 0.408854 0.591025 0.000062 0.000060
93 93 (0) 5 : 0.263668 0.736163 0.000086 0.000083
94 94 (0) 5 : 0.228743 0.771131 0.000064 0.000062
95 95 (0) 5 : 0.113851 0.885987 0.000082 0.000080
96 96 (0) 5 : 0.151731 0.848125 0.000073 0.000071
97 97 (0) 6 : 0.999786 0.000072 0.000072 0.000070
98 98 (0) 6 : 0.999793 0.000070 0.000069 0.000068
99 99 (0) 6 : 0.999792 0.000071 0.000070 0.000068
100 100 (0) 6 : 0.999833 0.000056 0.000056 0.000055
101 101 (0) 6 : 0.999832 0.000057 0.000056 0.000055
102 102 (0) 6 : 0.999842 0.000053 0.000053 0.000052
103 103 (0) 6 : 0.999788 0.000071 0.000071 0.000069
104 104 (0) 6 : 0.999776 0.000076 0.000075 0.000073
105 105 (0) 6 : 0.999780 0.000074 0.000074 0.000072
106 106 (0) 6 : 0.999752 0.000084 0.000083 0.000081
107 107 (0) 6 : 0.999779 0.000075 0.000074 0.000072
108 108 (0) 6 : 0.999768 0.000078 0.000078 0.000076
109 109 (0) 6 : 0.999771 0.000078 0.000076 0.000075
110 110 (0) 2 : 0.178591 0.000059 0.821293 0.000057
111 111 (0) 2 : 0.232068 0.000076 0.767784 0.000072
112 112 (0) 2 : 0.184754 0.000077 0.815094 0.000075
113 113 (0) 2 : 0.000071 0.000071 0.999789 0.000068
114 114 (0) 2 : 0.000075 0.000074 0.999780 0.000071
115 115 (0) 3 : 0.999842 0.000053 0.000053 0.000051
