1 1 (0) 1 : 0.000041 0.999752 0.000041 0.000041 0.000041 0.000041 0.000041
2 2 (0) 1 : 0.000040 0.999763 0.000039 0.000040 0.000040 0.000039 0.000040
3 3 (0) 1 : 0.000042 0.999748 0.000042 0.000042 0.000042 0.000042 0.000042
4 4 (0) 1 : 0.000042 0.999747 0.000042 0.000042 0.000042 0.000042 0.000042
5 5 (0) 1 : 0.000044 0.999736 0.000044 0.000044 0.000044 0.000044 0.000044
6 6 (0) 1 : 0.000042 0.999746 0.000042 0.000042 0.000042 0.000042 0.000042
7 7 (0) 1 : 0.000046 0.999726 0.000046 0.000046 0.000046 0.000046 0.000046
8 8 (0) 1 : 0.000032 0.999807 0.000032 0.000032 0.000032 0.000032 0.000032
9 9 (0) 1 : 0.000030 0.999819 0.000030 0.000030 0.000030 0.000030 0.000030
10 10 (0) 1 : 0.000035 0.999788 0.000035 0.000035 0.000035 0.000035 0.000035
11 11 (0) 1 : 0.000041 0.999753 0.000041 0.000041 0.000041 0.000041 0.000041
12 12 (0) 1 : 0.000034 0.999797 0.000034 0.000034 0.000034 0.000034 0.000034
13 13 (0) 1 : 0.000040 0.999758 0.000040 0.000040 0.000040 0.000040 0.000040
14 14 (0) 1 : 0.000041 0.999755 0.000041 0.000041 0.000041 0.000041 0.000041
15 15 (0) 1 : 0.000041 0.999754 0.000041 0.000041 0.000041 0.000041 0.000041
16 16 (0) 1 : 0.000043 0.999741 0.000043 0.000043 0.000043 0.000043 0.000043
17 17 (0) 1 : 0.000047 0.999719 0.000047 0.000047 0.000047 0.000047 0.000047
18 18 (0) 2 : 0.999810 0.000032 0.000032 0.000032 0.000032 0.000032 0.000032
19 19 (0) 2 : 0.999754 0.000041 0.000041 0.000041 0.000041 0.000041 0.000041
20 20 (0) 3 : 0.000032 0.999806 0.000032 0.000032 0.000032 0.000032 0.000032
21 21 (0) 3 : 0.000034 0.999798 0.000034 0.000034 0.000034 0.000034 0.000034
22 22 (0) 2 : 0.999749 0.000042 0.000042 0.000042 0.000042 0.000042 0.000042
23 23 (0) 2 : 0.999807 0.000032 0.000032 0.000032 0.000032 0.000032 0.000032
24 24 (0) 2 : 0.999813 0.000031 0.000031 0.000031 0.000031 0.000031 0.000031
25 25 (0) 4 : 0.000037 0.000037 0.000037 0.000037 0.114441 0.000037 0.885373
26 26 (0) 4 : 0.000033 0.000033 0.000033 0.000033 0.999805 0.000033 0.000033
27 27 (0) 4 : 0.000048 0.000048 0.000048 0.000048 0.999712 0.000048 0.000048
28 28 (0) 4 : 0.000042 0.000042 0.000042 0.000042 0.999747 0.000042 0.000042
29 29 (0) 4 : 0.000049 0.000049 0.000049 0.000049 0.999703 0.000049 0.000050
30 30 (0) 4 : 0.000055 0.000055 0.000055 0.000055 0.942722 0.000055 0.057001
31 31 (0) 4 : 0.000045 0.000045 0.000045 0.000045 0.999729 0.000045 0.000045
32 32 (0) 4 : 0.000047 0.000047 0.000047 0.000047 0.999717 0.000047 0.000047
33 33 (0) 4 : 0.000040 0.000040 0.000040 0.000040 0.999758 0.000040 0.000040
34 34 (0) 4 : 0.000031 0.000031 0.000031 0.000031 0.000031 0.000031 0.999814
35 35 (0) 4 : 0.000030 0.000030 0.000030 0.000030 0.000030 0.000030 0.999820
36 36 (0) 4 : 0.000030 0.000030 0.000030 0.000030 0.000030 0.000030 0.999820
37 37 (0) 4 : 0.000030 0.000030 0.000030 0.000030 0.000030 0.000030 0.999818
38 38 (0) 4 : 0.000039 0.000039 0.000038 0.000039 0.999769 0.000038 0.000039
39 39 (0) 4 : 0.000032 0.000032 0.000032 0.000032 0.000032 0.000032 0.999808
40 40 (0) 4 : 0.000030 0.000030 0.000030 0.000030 0.000030 0.000030 0.999820
41 41 (0) 4 : 0.000042 0.000043 0.000042 0.000043 0.999745 0.000042 0.000043
42 42 (0) 4 : 0.000041 0.000041 0.000041 0.000041 0.999753 0.000041 0.000041
43 43 (0) 4 : 0.000043 0.000043 0.000043 0.000043 0.999741 0.000043 0.000043
44 44 (0) 4 : 0.000041 0.000041 0.000041 0.000041 0.999752 0.000041 0.000041
45 45 (0) 4 : 0.000042 0.000042 0.000042 0.000042 0.999748 0.000042 0.000042
46 46 (0) 4 : 0.000042 0.000042 0.000042 0.000042 0.000042 0.000042 0.999751
47 47 (0) 4 : 0.000043 0.000043 0.000043 0.000043 0.999741 0.000043 0.000043
48 48 (0) 4 : 0.000041 0.000041 0.000041 0.000041 0.000041 0.000041 0.999754
49 49 (0) 4 : 0.000040 0.000040 0.000040 0.000040 0.999760 0.000040 0.000040
50 50 (0) 4 : 0.000041 0.000041 0.000041 0.000041 0.999754 0.000041 0.000041
51 51 (0) 1 : 0.000027 0.999837 0.000027 0.000027 0.000027 0.000027 0.000027
52 52 (0) 1 : 0.000029 0.999827 0.000029 0.000029 0.000029 0.000029 0.000029
53 53 (0) 1 : 0.000046 0.623040 0.000046 0.000046 0.000046 0.000046 0.376730
54 54 (0) 1 : 0.000032 0.265067 0.000032 0.000032 0.000032 0.000032 0.734774
55 55 (0) 1 : 0.000049 0.654512 0.000049 0.000049 0.000049 0.000049 0.345241
56 56 (0) 1 : 0.000031 0.294699 0.000031 0.000031 0.000031 0.000031 0.705147
57 57 (0) 1 : 0.000029 0.341423 0.000029 0.000029 0.000029 0.000029 0.658430
58 58 (0) 1 : 0.000040 0.487804 0.000040 0.000040 0.000040 0.000040 0.511996
59 59 (0) 1 : 0.000039 0.999768 0.000039 0.000039 0.000039 0.000039 0.000039
60 60 (0) 1 : 0.000040 0.999761 0.000040 0.000040 0.000040 0.000040 0.000040
61 61 (0) 1 : 0.000028 0.999832 0.000028 0.000028 0.000028 0.000028 0.000028
62 62 (0) 1 : 0.000036 0.842072 0.000035 0.000036 0.000036 0.000035 0.157751
63 63 (0) 1 : 0.000037 0.886994 0.000037 0.000037 0.000037 0.000037 0.112820
64 64 (0) 1 : 0.000041 0.999752 0.000041 0.000041 0.000041 0.000041 0.000041
65 65 (0) 1 : 0.000041 0.999756 0.000041 0.000041 0.000041 0.000041 0.000041
66 66 (0) 1 : 0.000045 0.999730 0.000045 0.000045 0.000045 0.000045 0.000045
67 67 (0) 1 : 0.000040 0.999762 0.000040 0.000040 0.000040 0.000040 0.000040
68 68 (0) 1 : 0.000046 0.999724 0.000046 0.000046 0.000046 0.000046 0.000046
69 69 (0) 1 : 0.000049 0.999705 0.000049 0.000049 0.000049 0.000049 0.000049
70 70 (0) 1 : 0.000038 0.999775 0.000037 0.000038 0.000037 0.000037 0.000038
71 71 (0) 1 : 0.000044 0.999736 0.000044 0.000044 0.000044 0.000044 0.000044
72 72 (0) 1 : 0.000043 0.999743 0.000043 0.000043 0.000043 0.000043 0.000043
73 73 (0) 1 : 0.000040 0.999760 0.000040 0.000040 0.000040 0.000040 0.000040
74 74 (0) 1 : 0.000028 0.999830 0.000028 0.000028 0.000028 0.000028 0.000028
75 75 (0) 1 : 0.000028 0.999832 0.000028 0.000028 0.000028 0.000028 0.000028
76 76 (0) 1 : 0.000055 0.999670 0.000055 0.000055 0.000055 0.000055 0.000055
77 77 (0) 1 : 0.000043 0.999742 0.000043 0.000043 0.000043 0.000043 0.000043
78 78 (0) 1 : 0.000043 0.999745 0.000042 0.000043 0.000043 0.000042 0.000043
79 79 (0) 1 : 0.000035 0.599647 0.000035 0.000035 0.000035 0.000035 0.400177
80 80 (0) 1 : 0.000028 0.999833 0.000028 0.000028 0.000028 0.000028 0.000028
81 81 (0) 1 : 0.000028 0.999833 0.000028 0.000028 0.000028 0.000028 0.000028
82 82 (0) 1 : 0.000031 0.999812 0.000031 0.000031 0.000031 0.000031 0.000031
83 83 (0) 1 : 0.000040 0.898825 0.000040 0.100973 0.000040 0.000040 0.000040
84 84 (0) 1 : 0.000055 0.909344 0.000055 0.000055 0.000055 0.000055 0.090381
85 85 (0) 1 : 0.000028 0.999829 0.000028 0.000028 0.000028 0.000028 0.000028
86 86 (0) 1 : 0.000028 0.999832 0.000028 0.000028 0.000028 0.000028 0.000028
87 87 (0) 5 : 0.000043 0.185793 0.000043 0.000043 0.000043 0.000043 0.813991
88 88 (0) 5 : 0.000037 0.000037 0.000037 0.000037 0.000037 0.000037 0.999776
89 89 (0) 5 : 0.000029 0.222302 0.000029 0.000029 0.000029 0.000029 0.777552
90 90 (0) 5 : 0.000043 0.000043 0.000043 0.000043 0.000043 0.000043 0.999742
91 91 (0) 5 : 0.000041 0.000041 0.000041 0.000041 0.000041 0.000041 0.999755
92 92 (0) 5 : 0.000033 0.120764 0.000033 0.000033 0.000033 0.000033 0.879071
93 93 (0) 5 : 0.000046 0.000046 0.000046 0.000046 0.000046 0.000046 0.999723
94 94 (0) 5 : 0.000034 0.000034 0.000034 0.000034 0.000034 0.000034 0.999794
95 95 (0) 5 : 0.000044 0.000044 0.000044 0.000044 0.000044 0.000044 0.999734
96 96 (0) 5 : 0.000039 0.000039 0.000039 0.000039 0.000039 0.000039 0.999764
97 97 (0) 6 : 0.000039 0.000039 0.000039 0.999765 0.000039 0.000039 0.000039
98 98 (0) 6 : 0.000038 0.000038 0.000037 0.999775 0.000038 0.000037 0.000038
99 99 (0) 6 : 0.000038 0.000038 0.000038 0.999773 0.000038 0.000038 0.000038
100 100 (0) 6 : 0.000031 0.000031 0.000031 0.999816 0.000031 0.000031 0.000031
101 101 (0) 6 : 0.000031 0.724304 0.000031 0.275542 0.000031 0.000031 0.000031
102 102 (0) 6 : 0.000029 0.000029 0.000029 0.999827 0.000029 0.000029 0.000029
103 103 (0) 6 : 0.000039 0.000039 0.000038 0.999769 0.000039 0.000038 0.000039
104 104 (0) 6 : 0.000041 0.000041 0.000041 0.999756 0.000041 0.000041 0.000041
105 105 (0) 6 : 0.000040 0.000040 0.000040 0.999760 0.000040 0.000040 0.000040
106 106 (0) 6 : 0.000045 0.000045 0.000045 0.999730 0.000045 0.000045 0.000045
107 107 (0) 6 : 0.000040 0.000040 0.000040 0.999759 0.000040 0.000040 0.000040
108 108 (0) 6 : 0.000042 0.000042 0.000042 0.999747 0.000042 0.000042 0.000042
109 109 (0) 6 : 0.000041 0.000041 0.000041 0.999752 0.000041 0.000041 0.000041
110 110 (0) 2 : 0.806013 0.193828 0.000032 0.000032 0.000032 0.000032 0.000032
111 111 (0) 2 : 0.891544 0.108251 0.000041 0.000041 0.000041 0.000041 0.000041
112 112 (0) 2 : 0.856145 0.143647 0.000042 0.000042 0.000042 0.000042 0.000042
113 113 (0) 2 : 0.999772 0.000038 0.000038 0.000038 0.000038 0.000038 0.000038
114 114 (0) 2 : 0.999762 0.000040 0.000040 0.000040 0.000040 0.000040 0.000040
115 115 (0) 3 : 0.000028 0.999830 0.000028 0.000028 0.000028 0.000028 0.000028
1 1 (0) 1 : 0.000041 0.000041 0.000041 0.999752 0.000041 0.000041 0.000041
2 2 (0) 1 : 0.000039 0.000040 0.000039 0.999763 0.000039 0.000039 0.000040
3 3 (0) 1 : 0.000042 0.000042 0.000042 0.999748 0.000042 0.000042 0.000042
4 4 (0) 1 : 0.000042 0.000042 0.000042 0.999747 0.000042 0.000042 0.000042
5 5 (0) 1 : 0.000044 0.000044 0.000044 0.999736 0.000044 0.000044 0.000044
6 6 (0) 1 : 0.000042 0.000042 0.000042 0.999746 0.000042 0.000042 0.000042
7 7 (0) 1 : 0.000046 0.000046 0.000046 0.999726 0.000046 0.000046 0.000046
8 8 (0) 1 : 0.000032 0.000032 0.000032 0.999807 0.000032 0.000032 0.000032
9 9 (0) 1 : 0.000030 0.000030 0.000030 0.999819 0.000030 0.000030 0.000030
10 10 (0) 1 : 0.000035 0.000035 0.000035 0.999789 0.000035 0.000035 0.000035
11 11 (0) 1 : 0.000041 0.000041 0.000041 0.999753 0.000041 0.000041 0.000041
12 12 (0) 1 : 0.000034 0.000034 0.000034 0.999797 0.000034 0.000034 0.000034
13 13 (0) 1 : 0.000040 0.000040 0.000040 0.999758 0.000040 0.000040 0.000040
14 14 (0) 1 : 0.000041 0.000041 0.000041 0.999755 0.000041 0.000041 0.000041
15 15 (0) 1 : 0.000041 0.000041 0.000041 0.999755 0.000041 0.000041 0.000041
16 16 (0) 1 : 0.000043 0.000043 0.000043 0.999741 0.000043 0.000043 0.000043
17 17 (0) 1 : 0.000047 0.000047 0.000047 0.999719 0.000047 0.000047 0.000047
18 18 (0) 2 : 0.000032 0.999810 0.000032 0.000032 0.000032 0.000032 0.000032
19 19 (0) 2 : 0.000041 0.917805 0.000041 0.081991 0.000041 0.000041 0.000041
20 20 (0) 3 : 0.000032 0.000032 0.000032 0.999806 0.000032 0.000032 0.000032
21 21 (0) 3 : 0.000034 0.000034 0.000034 0.999798 0.000034 0.000034 0.000034
22 22 (0) 2 : 0.000042 0.999749 0.000042 0.000042 0.000042 0.000042 0.000042
23 23 (0) 2 : 0.000032 0.999807 0.000032 0.000032 0.000032 0.000032 0.000032
24 24 (0) 2 : 0.000031 0.999813 0.000031 0.000031 0.000031 0.000031 0.000031
25 25 (0) 4 : 0.000037 0.000037 0.000037 0.000037 0.000037 0.000037 0.999777
26 26 (0) 4 : 0.000033 0.000033 0.000033 0.000033 0.000033 0.000033 0.999805
27 27 (0) 4 : 0.000048 0.000048 0.000048 0.000048 0.000048 0.000048 0.999712
28 28 (0) 4 : 0.000042 0.000042 0.000042 0.000042 0.000042 0.000042 0.999747
29 29 (0) 4 : 0.000049 0.000049 0.000049 0.000049 0.000049 0.000049 0.999703
30 30 (0) 4 : 0.000055 0.000056 0.000055 0.091019 0.000055 0.000055 0.908704
31 31 (0) 4 : 0.000045 0.000045 0.000045 0.000045 0.000045 0.000045 0.999729
32 32 (0) 4 : 0.000047 0.000047 0.000047 0.000047 0.000047 0.000047 0.999718
33 33 (0) 4 : 0.000040 0.000040 0.000040 0.000040 0.000040 0.000040 0.999758
34 34 (0) 4 : 0.000031 0.000031 0.000031 0.000031 0.000031 0.000031 0.999814
35 35 (0) 4 : 0.000030 0.000030 0.000030 0.059648 0.000030 0.000030 0.940202
36 36 (0) 4 : 0.000030 0.000030 0.000030 0.000030 0.000030 0.000030 0.999820
37 37 (0) 4 : 0.000030 0.000030 0.000030 0.000030 0.000030 0.000030 0.999818
38 38 (0) 4 : 0.000038 0.000039 0.000038 0.000039 0.000038 0.000038 0.999769
39 39 (0) 4 : 0.000032 0.000032 0.000032 0.000032 0.000032 0.000032 0.999808
40 40 (0) 4 : 0.000030 0.000030 0.000030 0.000030 0.000030 0.000030 0.999820
41 41 (0) 4 : 0.000042 0.000042 0.000042 0.000043 0.000042 0.000042 0.999745
42 42 (0) 4 : 0.000041 0.000041 0.000041 0.000041 0.000041 0.000041 0.999753
43 43 (0) 4 : 0.000043 0.000043 0.000043 0.000043 0.000043 0.000043 0.999742
44 44 (0) 4 : 0.000041 0.000041 0.000041 0.000041 0.000041 0.000041 0.999752
45 45 (0) 4 : 0.000042 0.000042 0.000042 0.000042 0.000042 0.000042 0.999748
46 46 (0) 4 : 0.000042 0.000042 0.000042 0.047858 0.000042 0.000042 0.951934
47 47 (0) 4 : 0.000043 0.000043 0.000043 0.000043 0.000043 0.000043 0.999741
48 48 (0) 4 : 0.000041 0.000041 0.000041 0.000041 0.000041 0.000041 0.999754
49 49 (0) 4 : 0.000040 0.000040 0.000040 0.000040 0.000040 0.000040 0.999761
50 50 (0) 4 : 0.000041 0.000041 0.000041 0.000041 0.000041 0.000041 0.999754
51 51 (0) 1 : 0.000027 0.000027 0.000027 0.999837 0.000027 0.000027 0.000027
52 52 (0) 1 : 0.000029 0.000029 0.000029 0.999827 0.000029 0.000029 0.000029
53 53 (0) 1 : 0.000046 0.000046 0.000046 0.713769 0.000046 0.000046 0.286002
54 54 (0) 1 : 0.000032 0.000032 0.000032 0.365081 0.000032 0.000032 0.634760
55 55 (0) 1 : 0.000049 0.000049 0.000049 0.743228 0.000049 0.000049 0.256525
56 56 (0) 1 : 0.000031 0.000031 0.000031 0.388871 0.000031 0.000031 0.610975
57 57 (0) 1 : 0.000029 0.000029 0.000029 0.425995 0.000029 0.000029 0.573858
58 58 (0) 1 : 0.000040 0.000040 0.000040 0.548994 0.000040 0.000040 0.450806
59 59 (0) 1 : 0.000039 0.000039 0.000039 0.962538 0.000039 0.000039 0.037268
60 60 (0) 1 : 0.000040 0.000040 0.000040 0.999761 0.000040 0.000040 0.000040
61 61 (0) 1 : 0.000028 0.000028 0.000028 0.999832 0.000028 0.000028 0.000028
62 62 (0) 1 : 0.000035 0.000036 0.000035 0.825578 0.000035 0.000035 0.174245
63 63 (0) 1 : 0.000037 0.000037 0.000037 0.877657 0.000037 0.000037 0.122157
64 64 (0) 1 : 0.000041 0.000041 0.000041 0.999752 0.000041 0.000041 0.000041
65 65 (0) 1 : 0.000041 0.000041 0.000041 0.999756 0.000041 0.000041 0.000041
66 66 (0) 1 : 0.000045 0.000045 0.000045 0.999730 0.000045 0.000045 0.000045
67 67 (0) 1 : 0.000040 0.000040 0.000040 0.999762 0.000040 0.000040 0.000040
68 68 (0) 1 : 0.000046 0.000046 0.000046 0.999724 0.000046 0.000046 0.000046
69 69 (0) 1 : 0.000049 0.000049 0.000049 0.999705 0.000049 0.000049 0.000049
70 70 (0) 1 : 0.000037 0.000038 0.000037 0.999775 0.000037 0.000037 0.000038
71 71 (0) 1 : 0.000044 0.000044 0.000044 0.999736 0.000044 0.000044 0.000044
72 72 (0) 1 : 0.000043 0.000043 0.000043 0.999743 0.000043 0.000043 0.000043
73 73 (0) 1 : 0.000040 0.000040 0.000040 0.999761 0.000040 0.000040 0.000040
74 74 (0) 1 : 0.000028 0.000028 0.000028 0.999830 0.000028 0.000028 0.000028
75 75 (0) 1 : 0.000028 0.000028 0.000028 0.999832 0.000028 0.000028 0.000028
76 76 (0) 1 : 0.000055 0.000055 0.000055 0.999670 0.000055 0.000055 0.000055
77 77 (0) 1 : 0.000043 0.000043 0.000043 0.999742 0.000043 0.000043 0.000043
78 78 (0) 1 : 0.000042 0.000043 0.000042 0.999745 0.000042 0.000042 0.000043
79 79 (0) 1 : 0.000035 0.000035 0.000035 0.686672 0.000035 0.000035 0.313152
80 80 (0) 1 : 0.000028 0.000028 0.000028 0.999833 0.000028 0.000028 0.000028
81 81 (0) 1 : 0.000028 0.000028 0.000028 0.999833 0.000028 0.000028 0.000028
82 82 (0) 1 : 0.000031 0.000031 0.000031 0.999813 0.000031 0.000031 0.000031
83 83 (0) 1 : 0.000040 0.000040 0.000040 0.999758 0.000040 0.000040 0.000040
84 84 (0) 1 : 0.000055 0.000055 0.000055 0.999670 0.000055 0.000055 0.000055
85 85 (0) 1 : 0.000028 0.000028 0.000028 0.999829 0.000028 0.000028 0.000028
86 86 (0) 1 : 0.000028 0.000028 0.000028 0.999832 0.000028 0.000028 0.000028
87 87 (0) 5 : 0.000043 0.000043 0.000043 0.312372 0.000043 0.000043 0.687412
88 88 (0) 5 : 0.000037 0.000037 0.000037 0.000037 0.000037 0.000037 0.999776
89 89 (0) 5 : 0.000029 0.000029 0.000029 0.336070 0.000029 0.000029 0.663784
90 90 (0) 5 : 0.000043 0.000043 0.000043 0.000043 0.000043 0.000043 0.999742
91 91 (0) 5 : 0.000041 0.000041 0.000041 0.000041 0.000041 0.000041 0.999755
92 92 (0) 5 : 0.000033 0.000033 0.000033 0.227090 0.000033 0.000033 0.772745
93 93 (0) 5 : 0.000046 0.000046 0.000046 0.000046 0.000046 0.000046 0.999723
94 94 (0) 5 : 0.000034 0.000034 0.000034 0.195094 0.000034 0.000034 0.804735
95 95 (0) 5 : 0.000044 0.000044 0.000044 0.000044 0.000044 0.000044 0.999734
96 96 (0) 5 : 0.000039 0.000039 0.000039 0.000039 0.000039 0.000039 0.999764
97 97 (0) 6 : 0.000039 0.000039 0.000039 0.999765 0.000039 0.000039 0.000039
98 98 (0) 6 : 0.000038 0.000038 0.000038 0.999775 0.000038 0.000038 0.000038
99 99 (0) 6 : 0.000038 0.000038 0.000038 0.999773 0.000038 0.000038 0.000038
100 100 (0) 6 : 0.000031 0.000031 0.000031 0.999817 0.000031 0.000031 0.000031
101 101 (0) 6 : 0.000031 0.000031 0.000031 0.999816 0.000031 0.000031 0.000031
102 102 (0) 6 : 0.000029 0.000029 0.000029 0.999827 0.000029 0.000029 0.000029
103 103 (0) 6 : 0.000038 0.000038 0.000038 0.999769 0.000038 0.000038 0.000039
104 104 (0) 6 : 0.000041 0.000041 0.000041 0.999756 0.000041 0.000041 0.000041
105 105 (0) 6 : 0.000040 0.000040 0.000040 0.999760 0.000040 0.000040 0.000040
106 106 (0) 6 : 0.000045 0.000045 0.000045 0.999731 0.000045 0.000045 0.000045
107 107 (0) 6 : 0.000040 0.000040 0.000040 0.999759 0.000040 0.000040 0.000040
108 108 (0) 6 : 0.000042 0.000042 0.000042 0.999747 0.000042 0.000042 0.000042
109 109 (0) 6 : 0.000041 0.000041 0.000041 0.999752 0.000041 0.000041 0.000041
110 110 (0) 2 : 0.000032 0.785435 0.000032 0.214406 0.000032 0.000032 0.000032
111 111 (0) 2 : 0.000041 0.876030 0.000041 0.123765 0.000041 0.000041 0.000041
112 112 (0) 2 : 0.000042 0.822926 0.000042 0.176867 0.000042 0.000042 0.000042
113 113 (0) 2 : 0.000038 0.999772 0.000038 0.000038 0.000038 0.000038 0.000038
114 114 (0) 2 : 0.000040 0.999762 0.000040 0.000040 0.000040 0.000040 0.000040
115 115 (0) 3 : 0.000028 0.000028 0.000028 0.999830 0.000028 0.000028 0.000028
1 1 (0) 1 : 0.000041 0.999752 0.000041 0.000041 0.000041 0.000041 0.000041
2 2 (0) 1 : 0.000039 0.999763 0.000039 0.000040 0.000039 0.000040 0.000039
3 3 (0) 1 : 0.000042 0.999748 0.000042 0.000042 0.000042 0.000042 0.000042
4 4 (0) 1 : 0.000042 0.999747 0.000042 0.000042 0.000042 0.000042 0.000042
5 5 (0) 1 : 0.000044 0.999736 0.000044 0.000044 0.000044 0.000044 0.000044
6 6 (0) 1 : 0.000042 0.999746 0.000042 0.000042 0.000042 0.000042 0.000042
7 7 (0) 1 : 0.000046 0.999726 0.000046 0.000046 0.000046 0.000046 0.000046
8 8 (0) 1 : 0.000032 0.999807 0.000032 0.000032 0.000032 0.000032 0.000032
9 9 (0) 1 : 0.000030 0.999819 0.000030 0.000030 0.000030 0.000030 0.000030
10 10 (0) 1 : 0.000035 0.999789 0.000035 0.000035 0.000035 0.000035 0.000035
11 11 (0) 1 : 0.000041 0.999753 0.000041 0.000041 0.000041 0.000041 0.000041
12 12 (0) 1 : 0.000034 0.999797 0.000034 0.000034 0.000034 0.000034 0.000034
13 13 (0) 1 : 0.000040 0.999758 0.000040 0.000040 0.000040 0.000040 0.000040
14 14 (0) 1 : 0.000041 0.999755 0.000041 0.000041 0.000041 0.000041 0.000041
15 15 (0) 1 : 0.000041 0.999755 0.000041 0.000041 0.000041 0.000041 0.000041
16 16 (0) 1 : 0.000043 0.999741 0.000043 0.000043 0.000043 0.000043 0.000043
17 17 (0) 1 : 0.000047 0.999719 0.000047 0.000047 0.000047 0.000047 0.000047
18 18 (0) 2 : 0.000032 0.000032 0.000032 0.999810 0.000032 0.000032 0.000032
19 19 (0) 2 : 0.000041 0.338318 0.000041 0.661477 0.000041 0.000041 0.000041
20 20 (0) 3 : 0.000032 0.999796 0.000032 0.000042 0.000032 0.000032 0.000032
21 21 (0) 3 : 0.000034 0.999798 0.000034 0.000034 0.000034 0.000034 0.000034
22 22 (0) 2 : 0.000042 0.229533 0.000042 0.770258 0.000042 0.000042 0.000042
23 23 (0) 2 : 0.000032 0.000032 0.000032 0.999807 0.000032 0.000032 0.000032
24 24 (0) 2 : 0.000031 0.204352 0.000031 0.795493 0.000031 0.000031 0.000031
25 25 (0) 4 : 0.000037 0.134255 0.000037 0.000037 0.000037 0.865559 0.000037
26 26 (0) 4 : 0.000033 0.000033 0.000033 0.000033 0.000033 0.999805 0.000033
27 27 (0) 4 : 0.000048 0.000048 0.000048 0.000048 0.000048 0.999712 0.000048
28 28 (0) 4 : 0.000042 0.000042 0.000042 0.000042 0.000042 0.999747 0.000042
29 29 (0) 4 : 0.000049 0.000049 0.000049 0.000049 0.000049 0.999703 0.000049
30 30 (0) 4 : 0.000055 0.132713 0.000055 0.000055 0.000055 0.867011 0.000055
31 31 (0) 4 : 0.000045 0.000045 0.000045 0.000045 0.000045 0.999729 0.000045
32 32 (0) 4 : 0.000047 0.000047 0.000047 0.000047 0.000047 0.999717 0.000047
33 33 (0) 4 : 0.000040 0.000040 0.000040 0.000040 0.000040 0.999758 0.000040
34 34 (0) 4 : 0.000031 0.121748 0.000031 0.000031 0.000031 0.878097 0.000031
35 35 (0) 4 : 0.000030 0.172003 0.000030 0.000030 0.000030 0.827848 0.000030
36 36 (0) 4 : 0.000030 0.000030 0.000030 0.000030 0.000030 0.999820 0.000030
37 37 (0) 4 : 0.000030 0.000030 0.000030 0.000030 0.000030 0.999818 0.000030
38 38 (0) 4 : 0.000038 0.000039 0.000038 0.000039 0.000038 0.999769 0.000038
39 39 (0) 4 : 0.000032 0.000032 0.000032 0.000032 0.000032 0.999808 0.000032
40 40 (0) 4 : 0.000030 0.000030 0.000030 0.000030 0.000030 0.999820 0.000030
41 41 (0) 4 : 0.000042 0.000043 0.000042 0.000042 0.000042 0.999745 0.000042
42 42 (0) 4 : 0.000041 0.000041 0.000041 0.000041 0.000041 0.999753 0.000041
43 43 (0) 4 : 0.000043 0.000043 0.000043 0.000043 0.000043 0.999742 0.000043
44 44 (0) 4 : 0.000041 0.000041 0.000041 0.000041 0.000041 0.999752 0.000041
45 45 (0) 4 : 0.000042 0.000042 0.000042 0.000042 0.000042 0.999748 0.000042
46 46 (0) 4 : 0.000042 0.072266 0.000042 0.000042 0.000042 0.927526 0.000042
47 47 (0) 4 : 0.000043 0.000043 0.000043 0.000043 0.000043 0.999741 0.000043
48 48 (0) 4 : 0.000041 0.158918 0.000041 0.000041 0.000041 0.840877 0.000041
49 49 (0) 4 : 0.000040 0.000040 0.000040 0.000040 0.000040 0.999761 0.000040
50 50 (0) 4 : 0.000041 0.000041 0.000041 0.000041 0.000041 0.999754 0.000041
51 51 (0) 1 : 0.000027 0.999837 0.000027 0.000027 0.000027 0.000027 0.000027
52 52 (0) 1 : 0.000029 0.999827 0.000029 0.000029 0.000029 0.000029 0.000029
53 53 (0) 1 : 0.000046 0.732960 0.000046 0.000046 0.000046 0.266811 0.000046
54 54 (0) 1 : 0.000032 0.398056 0.000032 0.000032 0.000032 0.601785 0.000032
55 55 (0) 1 : 0.000049 0.757943 0.000049 0.000049 0.000049 0.241811 0.000049
56 56 (0) 1 : 0.000031 0.420592 0.000031 0.000031 0.000031 0.579253 0.000031
57 57 (0) 1 : 0.000029 0.459427 0.000029 0.000029 0.000029 0.540426 0.000029
58 58 (0) 1 : 0.000040 0.570709 0.000040 0.000040 0.000040 0.429092 0.000040
59 59 (0) 1 : 0.000039 0.999768 0.000039 0.000039 0.000039 0.000039 0.000039
60 60 (0) 1 : 0.000040 0.999761 0.000040 0.000040 0.000040 0.000040 0.000040
61 61 (0) 1 : 0.000028 0.999832 0.000028 0.000028 0.000028 0.000028 0.000028
62 62 (0) 1 : 0.000035 0.832361 0.000035 0.000036 0.000035 0.167461 0.000035
63 63 (0) 1 : 0.000037 0.878251 0.000037 0.000037 0.000037 0.121563 0.000037
64 64 (0) 1 : 0.000041 0.999752 0.000041 0.000041 0.000041 0.000041 0.000041
65 65 (0) 1 : 0.000041 0.999756 0.000041 0.000041 0.000041 0.000041 0.000041
66 66 (0) 1 : 0.000045 0.999730 0.000045 0.000045 0.000045 0.000045 0.000045
67 67 (0) 1 : 0.000040 0.999762 0.000040 0.000040 0.000040 0.000040 0.000040
68 68 (0) 1 : 0.000046 0.999724 0.000046 0.000046 0.000046 0.000046 0.000046
69 69 (0) 1 : 0.000049 0.999705 0.000049 0.000049 0.000049 0.000049 0.000049
70 70 (0) 1 : 0.000037 0.999775 0.000037 0.000037 0.000037 0.000038 0.000037
71 71 (0) 1 : 0.000044 0.999736 0.000044 0.000044 0.000044 0.000044 0.000044
72 72 (0) 1 : 0.000043 0.999743 0.000043 0.000043 0.000043 0.000043 0.000043
73 73 (0) 1 : 0.000040 0.999761 0.000040 0.000040 0.000040 0.000040 0.000040
74 74 (0) 1 : 0.000028 0.999830 0.000028 0.000028 0.000028 0.000028 0.000028
75 75 (0) 1 : 0.000028 0.999832 0.000028 0.000028 0.000028 0.000028 0.000028
76 76 (0) 1 : 0.000055 0.999670 0.000055 0.000055 0.000055 0.000055 0.000055
77 77 (0) 1 : 0.000043 0.999742 0.000043 0.000043 0.000043 0.000043 0.000043
78 78 (0) 1 : 0.000042 0.999745 0.000042 0.000042 0.000042 0.000043 0.000042
79 79 (0) 1 : 0.000035 0.703341 0.000035 0.000035 0.000035 0.296483 0.000035
80 80 (0) 1 : 0.000028 0.999833 0.000028 0.000028 0.000028 0.000028 0.000028
81 81 (0) 1 : 0.000028 0.999833 0.000028 0.000028 0.000028 0.000028 0.000028
82 82 (0) 1 : 0.000031 0.999813 0.000031 0.000031 0.000031 0.000031 0.000031
83 83 (0) 1 : 0.000040 0.999758 0.000040 0.000040 0.000040 0.000040 0.000040
84 84 (0) 1 : 0.000055 0.946932 0.000055 0.000055 0.000055 0.052792 0.000055
85 85 (0) 1 : 0.000028 0.999829 0.000028 0.000028 0.000028 0.000028 0.000028
86 86 (0) 1 : 0.000028 0.999832 0.000028 0.000028 0.000028 0.000028 0.000028
87 87 (0) 5 : 0.000043 0.407763 0.000043 0.000043 0.000043 0.592020 0.000043
88 88 (0) 5 : 0.000037 0.281769 0.000037 0.000037 0.000037 0.718044 0.000037
89 89 (0) 5 : 0.000029 0.421319 0.000029 0.000029 0.000029 0.578535 0.000029
90 90 (0) 5 : 0.000043 0.083431 0.000043 0.000043 0.000043 0.916355 0.000043
91 91 (0) 5 : 0.000041 0.000041 0.000041 0.000041 0.000041 0.999755 0.000041
92 92 (0) 5 : 0.000033 0.315299 0.000033 0.000033 0.000033 0.684536 0.000033
93 93 (0) 5 : 0.000046 0.178247 0.000046 0.000046 0.000046 0.821522 0.000046
94 94 (0) 5 : 0.000034 0.269991 0.000034 0.000034 0.000034 0.729837 0.000034
95 95 (0) 5 : 0.000044 0.000044 0.000044 0.000044 0.000044 0.999734 0.000044
96 96 (0) 5 : 0.000039 0.130163 0.000039 0.000039 0.000039 0.869641 0.000039
97 97 (0) 6 : 0.000039 0.999765 0.000039 0.000039 0.000039 0.000039 0.000039
98 98 (0) 6 : 0.000038 0.999775 0.000038 0.000038 0.000038 0.000038 0.000038
99 99 (0) 6 : 0.000038 0.999773 0.000038 0.000038 0.000038 0.000038 0.000038
100 100 (0) 6 : 0.000031 0.999817 0.000031 0.000031 0.000031 0.000031 0.000031
101 101 (0) 6 : 0.000031 0.999816 0.000031 0.000031 0.000031 0.000031 0.000031
102 102 (0) 6 : 0.000029 0.999827 0.000029 0.000029 0.000029 0.000029 0.000029
103 103 (0) 6 : 0.000038 0.999769 0.000038 0.000039 0.000038 0.000039 0.000038
104 104 (0) 6 : 0.000041 0.999756 0.000041 0.000041 0.000041 0.000041 0.000041
105 105 (0) 6 : 0.000040 0.999760 0.000040 0.000040 0.000040 0.000040 0.000040
106 106 (0) 6 : 0.000045 0.999731 0.000045 0.000045 0.000045 0.000045 0.000045
107 107 (0) 6 : 0.000040 0.999759 0.000040 0.000040 0.000040 0.000040 0.000040
108 108 (0) 6 : 0.000042 0.999747 0.000042 0.000042 0.000042 0.000042 0.000042
109 109 (0) 6 : 0.000041 0.999752 0.000041 0.000041 0.000041 0.000041 0.000041
110 110 (0) 2 : 0.000032 0.404262 0.000032 0.595579 0.000032 0.000032 0.000032
111 111 (0) 2 : 0.000041 0.350005 0.000041 0.649790 0.000041 0.000041 0.000041
112 112 (0) 2 : 0.000042 0.426568 0.000042 0.573224 0.000042 0.000042 0.000042
113 113 (0) 2 : 0.000038 0.391121 0.000038 0.608689 0.000038 0.000038 0.000038
114 114 (0) 2 : 0.000040 0.329905 0.000040 0.669897 0.000040 0.000040 0.000040
115 115 (0) 3 : 0.000028 0.999830 0.000028 0.000028 0.000028 0.000028 0.000028
1 1 (0) 1 : 0.000041 0.000041 0.000041 0.000041 0.000041 0.000041 0.999752
2 2 (0) 1 : 0.000039 0.000039 0.000040 0.000040 0.000039 0.000040 0.999763
3 3 (0) 1 : 0.000042 0.000042 0.000042 0.000042 0.000042 0.000042 0.999748
4 4 (0) 1 : 0.000042 0.000042 0.000042 0.000042 0.000042 0.000042 0.999747
5 5 (0) 1 : 0.000044 0.000044 0.000044 0.000044 0.000044 0.000044 0.999736
6 6 (0) 1 : 0.000042 0.000042 0.000042 0.000042 0.000042 0.000042 0.999746
7 7 (0) 1 : 0.000046 0.000046 0.000046 0.000046 0.000046 0.000046 0.999726
8 8 (0) 1 : 0.000032 0.000032 0.000032 0.000032 0.000032 0.000032 0.999807
9 9 (0) 1 : 0.000030 0.000030 0.000030 0.000030 0.000030 0.000030 0.999819
10 10 (0) 1 : 0.000035 0.000035 0.000035 0.000035 0.000035 0.000035 0.999788
11 11 (0) 1 : 0.000041 0.000041 0.000041 0.000041 0.000041 0.000041 0.999753
12 12 (0) 1 : 0.000034 0.000034 0.000034 0.000034 0.000034 0.000034 0.999797
13 13 (0) 1 : 0.000040 0.000040 0.000040 0.000040 0.000040 0.000040 0.999758
14 14 (0) 1 : 0.000041 0.000041 0.000041 0.000041 0.000041 0.000041 0.999755
15 15 (0) 1 : 0.000041 0.000041 0.000041 0.000041 0.000041 0.000041 0.999755
16 16 (0) 1 : 0.000043 0.000043 0.000043 0.000043 0.000043 0.000043 0.999741
17 17 (0) 1 : 0.000047 0.000047 0.000047 0.000047 0.000047 0.000047 0.999719
18 18 (0) 2 : 0.000032 0.000032 0.999810 0.000032 0.000032 0.000032 0.000032
19 19 (0) 2 : 0.000041 0.000041 0.850880 0.000041 0.000041 0.000041 0.148916
20 20 (0) 3 : 0.000032 0.000032 0.000032 0.000032 0.000032 0.000032 0.999806
21 21 (0) 3 : 0.000034 0.000034 0.000034 0.000034 0.000034 0.000034 0.999798
22 22 (0) 2 : 0.000042 0.000042 0.999749 0.000042 0.000042 0.000042 0.000042
23 23 (0) 2 : 0.000032 0.000032 0.999807 0.000032 0.000032 0.000032 0.000032
24 24 (0) 2 : 0.000031 0.000031 0.999813 0.000031 0.000031 0.000031 0.000031
25 25 (0) 4 : 0.000037 0.000037 0.000037 0.868602 0.000037 0.000037 0.131212
26 26 (0) 4 : 0.000033 0.000033 0.000033 0.999805 0.000033 0.000033 0.000033
27 27 (0) 4 : 0.000048 0.000048 0.000048 0.999712 0.000048 0.000048 0.000048
28 28 (0) 4 : 0.000042 0.000042 0.000042 0.999747 0.000042 0.000042 0.000042
29 29 (0) 4 : 0.000049 0.000049 0.000049 0.999703 0.000049 0.000049 0.000049
30 30 (0) 4 : 0.000055 0.000055 0.000055 0.874127 0.000055 0.000055 0.125597
31 31 (0) 4 : 0.000045 0.000045 0.000045 0.999729 0.000045 0.000045 0.000045
32 32 (0) 4 : 0.000047 0.000047 0.000047 0.999717 0.000047 0.000047 0.000047
33 33 (0) 4 : 0.000040 0.000040 0.000040 0.999758 0.000040 0.000040 0.000040
34 34 (0) 4 : 0.000031 0.000031 0.000031 0.882465 0.000031 0.000031 0.117380
35 35 (0) 4 : 0.000030 0.000030 0.000030 0.818597 0.000030 0.000030 0.181253
36 36 (0) 4 : 0.000030 0.000030 0.000030 0.999820 0.000030 0.000030 0.000030
37 37 (0) 4 : 0.000030 0.000030 0.000030 0.999818 0.000030 0.000030 0.000030
38 38 (0) 4 : 0.000038 0.000038 0.000039 0.999769 0.000038 0.000039 0.000039
39 39 (0) 4 : 0.000032 0.000032 0.000032 0.999808 0.000032 0.000032 0.000032
40 40 (0) 4 : 0.000030 0.000030 0.000030 0.999820 0.000030 0.000030 0.000030
41 41 (0) 4 : 0.000042 0.000042 0.000042 0.999745 0.000042 0.000043 0.000043
42 42 (0) 4 : 0.000041 0.000041 0.000041 0.999753 0.000041 0.000041 0.000041
43 43 (0) 4 : 0.000043 0.000043 0.000043 0.999742 0.000043 0.000043 0.000043
44 44 (0) 4 : 0.000041 0.000041 0.000041 0.999752 0.000041 0.000041 0.000041
45 45 (0) 4 : 0.000042 0.000042 0.000042 0.999748 0.000042 0.000042 0.000042
46 46 (0) 4 : 0.000042 0.000042 0.000042 0.924529 0.000042 0.000042 0.075263
47 47 (0) 4 : 0.000043 0.000043 0.000043 0.999741 0.000043 0.000043 0.000043
48 48 (0) 4 : 0.000041 0.000041 0.000041 0.840944 0.000041 0.000041 0.158852
49 49 (0) 4 : 0.000040 0.000040 0.000040 0.999761 0.000040 0.000040 0.000040
50 50 (0) 4 : 0.000041 0.000041 0.000041 0.999754 0.000041 0.000041 0.000041
51 51 (0) 1 : 0.000027 0.000027 0.000027 0.000027 0.000027 0.000027 0.999837
52 52 (0) 1 : 0.000029 0.000029 0.000029 0.000029 0.000029 0.000029 0.999827
53 53 (0) 1 : 0.000046 0.000046 0.000046 0.210054 0.000046 0.000046 0.789716
54 54 (0) 1 : 0.000032 0.000032 0.000032 0.574896 0.000032 0.000032 0.424944
55 55 (0) 1 : 0.000049 0.000049 0.000049 0.209866 0.000049 0.000049 0.789888
56 56 (0) 1 : 0.000031 0.000031 0.000031 0.549455 0.000031 0.000031 0.450391
57 57 (0) 1 : 0.000029 0.000029 0.000029 0.507380 0.000029 0.000029 0.492473
58 58 (0) 1 : 0.000040 0.000040 0.000040 0.399906 0.000040 0.000040 0.599894
59 59 (0) 1 : 0.000039 0.000039 0.000039 0.024121 0.000039 0.000039 0.975685
60 60 (0) 1 : 0.000040 0.000040 0.000040 0.000040 0.000040 0.000040 0.999761
61 61 (0) 1 : 0.000028 0.000028 0.000028 0.000028 0.000028 0.000028 0.999832
62 62 (0) 1 : 0.000035 0.000035 0.000036 0.151091 0.000035 0.000036 0.848732
63 63 (0) 1 : 0.000037 0.000037 0.000037 0.109362 0.000037 0.000037 0.890452
64 64 (0) 1 : 0.000041 0.000041 0.000041 0.000041 0.000041 0.000041 0.999752
65 65 (0) 1 : 0.000041 0.000041 0.000041 0.000041 0.000041 0.000041 0.999756
66 66 (0) 1 : 0.000045 0.000045 0.000045 0.000045 0.000045 0.000045 0.999730
67 67 (0) 1 : 0.000040 0.000040 0.000040 0.000040 0.000040 0.000040 0.999762
68 68 (0) 1 : 0.000046 0.000046 0.000046 0.000046 0.000046 0.000046 0.999724
69 69 (0) 1 : 0.000049 0.000049 0.000049 0.000049 0.000049 0.000049 0.999705
70 70 (0) 1 : 0.000037 0.000037 0.000038 0.000038 0.000037 0.000038 0.999775
71 71 (0) 1 : 0.000044 0.000044 0.000044 0.000044 0.000044 0.000044 0.999736
72 72 (0) 1 : 0.000043 0.000043 0.000043 0.000043 0.000043 0.000043 0.999743
73 73 (0) 1 : 0.000040 0.000040 0.000040 0.000040 0.000040 0.000040 0.999761
74 74 (0) 1 : 0.000028 0.000028 0.000028 0.000028 0.000028 0.000028 0.999830
75 75 (0) 1 : 0.000028 0.000028 0.000028 0.000028 0.000028 0.000028 0.999832
76 76 (0) 1 : 0.000055 0.000055 0.000055 0.000055 0.000055 0.000055 0.999670
77 77 (0) 1 : 0.000043 0.000043 0.000043 0.000043 0.000043 0.000043 0.999742
78 78 (0) 1 : 0.000042 0.000042 0.000043 0.000043 0.000042 0.000043 0.999745
79 79 (0) 1 : 0.000035 0.000035 0.000035 0.251060 0.000035 0.000035 0.748764
80 80 (0) 1 : 0.000028 0.000028 0.000028 0.000028 0.000028 0.000028 0.999833
81 81 (0) 1 : 0.000028 0.000028 0.000028 0.000028 0.000028 0.000028 0.999833
82 82 (0) 1 : 0.000031 0.000031 0.000031 0.000031 0.000031 0.000031 0.999813
83 83 (0) 1 : 0.000040 0.000040 0.000040 0.000040 0.000040 0.080193 0.919605
84 84 (0) 1 : 0.000055 0.000055 0.000055 0.017057 0.000055 0.000055 0.982668
85 85 (0) 1 : 0.000028 0.000028 0.000028 0.000028 0.000028 0.000028 0.999829
86 86 (0) 1 : 0.000028 0.000028 0.000028 0.000028 0.000028 0.000028 0.999832
87 87 (0) 5 : 0.000043 0.000043 0.000043 0.561808 0.000043 0.000043 0.437976
88 88 (0) 5 : 0.000037 0.000037 0.000037 0.700362 0.000037 0.000037 0.299451
89 89 (0) 5 : 0.000029 0.000029 0.000029 0.557062 0.000029 0.000029 0.442791
90 90 (0) 5 : 0.000043 0.000043 0.000043 0.912704 0.000043 0.000043 0.087081
91 91 (0) 5 : 0.000041 0.000041 0.000041 0.999755 0.000041 0.000041 0.000041
92 92 (0) 5 : 0.000033 0.000033 0.000033 0.663065 0.000033 0.000033 0.336771
93 93 (0) 5 : 0.000046 0.000046 0.000046 0.806460 0.000046 0.000046 0.193309
94 94 (0) 5 : 0.000034 0.000034 0.000034 0.724640 0.000034 0.000034 0.275189
95 95 (0) 5 : 0.000044 0.000044 0.000044 0.999734 0.000044 0.000044 0.000044
96 96 (0) 5 : 0.000039 0.000039 0.000039 0.858560 0.000039 0.000039 0.141243
97 97 (0) 6 : 0.000039 0.000039 0.000039 0.000039 0.000039 0.999765 0.000039
98 98 (0) 6 : 0.000037 0.000037 0.000038 0.000038 0.000037 0.999775 0.000038
99 99 (0) 6 : 0.000038 0.000038 0.000038 0.000038 0.000038 0.999773 0.000038
100 100 (0) 6 : 0.000031 0.000031 0.000031 0.000031 0.000031 0.000031 0.999816
101 101 (0) 6 : 0.000031 0.000031 0.000031 0.000031 0.000031 0.000031 0.999816
102 102 (0) 6 : 0.000029 0.000029 0.000029 0.000029 0.000029 0.000029 0.999827
103 103 (0) 6 : 0.000038 0.000038 0.000039 0.000039 0.000038 0.999769 0.000039
104 104 (0) 6 : 0.000041 0.000041 0.000041 0.000041 0.000041 0.999756 0.000041
105 105 (0) 6 : 0.000040 0.000040 0.000040 0.000040 0.000040 0.999760 0.000040
106 106 (0) 6 : 0.000045 0.000045 0.000045 0.000045 0.000045 0.999731 0.000045
107 107 (0) 6 : 0.000040 0.000040 0.000040 0.000040 0.000040 0.999759 0.000040
108 108 (0) 6 : 0.000042 0.000042 0.000042 0.000042 0.000042 0.999747 0.000042
109 109 (0) 6 : 0.000041 0.000041 0.000041 0.000041 0.000041 0.999752 0.000041
110 110 (0) 2 : 0.000032 0.000032 0.744122 0.000032 0.000032 0.000032 0.255718
111 111 (0) 2 : 0.000041 0.000041 0.824313 0.000041 0.000041 0.000041 0.175482
112 112 (0) 2 : 0.000042 0.000042 0.790818 0.000042 0.000042 0.000042 0.208974
113 113 (0) 2 : 0.000038 0.000038 0.999772 0.000038 0.000038 0.000038 0.000038
114 114 (0) 2 : 0.000040 0.000040 0.871836 0.000040 0.000040 0.000040 0.127965
115 115 (0) 3 : 0.000028 0.000028 0.000028 0.000028 0.000028 0.000028 0.999830
1 1 (0) 1 : 0.999752 0.000041 0.000041 0.000041 0.000041 0.000041 0.000041
2 2 (0) 1 : 0.999763 0.000039 0.000039 0.000039 0.000039 0.000039 0.000039
3 3 (0) 1 : 0.999749 0.000042 0.000042 0.000042 0.000042 0.000042 0.000042
4 4 (0) 1 : 0.999747 0.000042 0.000042 0.000042 0.000042 0.000042 0.000042
5 5 (0) 1 : 0.999736 0.000044 0.000044 0.000044 0.000044 0.000044 0.000044
6 6 (0) 1 : 0.999746 0.000042 0.000042 0.000042 0.000042 0.000042 0.000042
7 7 (0) 1 : 0.000046 0.000046 0.000046 0.000046 0.000046 0.000046 0.999726
8 8 (0) 1 : 0.000032 0.000032 0.000032 0.000032 0.000032 0.000032 0.999807
9 9 (0) 1 : 0.000030 0.000030 0.000030 0.000030 0.000030 0.000030 0.999819
10 10 (0) 1 : 0.000035 0.000035 0.000035 0.000035 0.000035 0.000035 0.999789
11 11 (0) 1 : 0.000041 0.000041 0.000041 0.000041 0.000041 0.000041 0.999753
12 12 (0) 1 : 0.000034 0.000034 0.000034 0.000034 0.000034 0.000034 0.999797
13 13 (0) 1 : 0.000040 0.000040 0.000040 0.000040 0.000040 0.000040 0.999758
14 14 (0) 1 : 0.000041 0.000041 0.000041 0.000041 0.000041 0.000041 0.999755
15 15 (0) 1 : 0.000041 0.000041 0.000041 0.000041 0.000041 0.000041 0.999755
16 16 (0) 1 : 0.000043 0.000043 0.000043 0.000043 0.000043 0.000043 0.999741
17 17 (0) 1 : 0.000047 0.000047 0.000047 0.000047 0.000047 0.000047 0.999719
18 18 (0) 2 : 0.000033 0.000032 0.000032 0.000032 0.000032 0.000032 0.999809
19 19 (0) 2 : 0.000042 0.000041 0.000041 0.000041 0.000041 0.000041 0.999753
20 20 (0) 3 : 0.000032 0.000032 0.000032 0.000032 0.000032 0.000032 0.999806
21 21 (0) 3 : 0.000034 0.000034 0.000034 0.000034 0.000034 0.000034 0.999798
22 22 (0) 2 : 0.000043 0.000042 0.000042 0.000042 0.000042 0.000042 0.999748
23 23 (0) 2 : 0.000034 0.000032 0.000032 0.000032 0.000032 0.000032 0.999805
24 24 (0) 2 : 0.000032 0.000031 0.000031 0.000031 0.000031 0.000031 0.999812
25 25 (0) 4 : 0.000037 0.000037 0.000037 0.000037 0.928921 0.000037 0.070893
26 26 (0) 4 : 0.000033 0.000033 0.000033 0.000033 0.999804 0.000033 0.000033
27 27 (0) 4 : 0.000050 0.000048 0.000048 0.000048 0.999710 0.000048 0.000048
28 28 (0) 4 : 0.000043 0.000042 0.000042 0.000042 0.999746 0.000042 0.000042
29 29 (0) 4 : 0.000052 0.000049 0.000049 0.000049 0.999701 0.000049 0.000050
30 30 (0) 4 : 0.109892 0.000055 0.000055 0.000055 0.889828 0.000055 0.000059
31 31 (0) 4 : 0.000048 0.000045 0.000045 0.000045 0.999726 0.000045 0.000045
32 32 (0) 4 : 0.000071 0.000047 0.000047 0.000047 0.999689 0.000047 0.000051
33 33 (0) 4 : 0.000041 0.000040 0.000040 0.000040 0.999757 0.000040 0.000040
34 34 (0) 4 : 0.000031 0.000031 0.000031 0.000031 0.888094 0.000031 0.111751
35 35 (0) 4 : 0.000030 0.000030 0.000030 0.000030 0.821542 0.000030 0.178309
36 36 (0) 4 : 0.000037 0.000030 0.000030 0.000030 0.999813 0.000030 0.000030
37 37 (0) 4 : 0.000042 0.000030 0.000030 0.000030 0.999806 0.000030 0.000031
38 38 (0) 4 : 0.000039 0.000038 0.000038 0.000038 0.999769 0.000038 0.000039
39 39 (0) 4 : 0.000037 0.000032 0.000032 0.000032 0.999803 0.000032 0.000032
40 40 (0) 4 : 0.000043 0.000030 0.000030 0.000030 0.999807 0.000030 0.000030
41 41 (0) 4 : 0.000043 0.000042 0.000042 0.000042 0.999745 0.000042 0.000042
42 42 (0) 4 : 0.000042 0.000041 0.000041 0.000041 0.999752 0.000041 0.000041
43 43 (0) 4 : 0.000045 0.000043 0.000043 0.000043 0.999740 0.000043 0.000043
44 44 (0) 4 : 0.000047 0.000041 0.000041 0.000041 0.999745 0.000041 0.000043
45 45 (0) 4 : 0.000043 0.000042 0.000042 0.000042 0.999748 0.000042 0.000042
46 46 (0) 4 : 0.000044 0.000042 0.000042 0.000042 0.896056 0.000042 0.103734
47 47 (0) 4 : 0.000044 0.000043 0.000043 0.000043 0.999740 0.000043 0.000044
48 48 (0) 4 : 0.127420 0.000041 0.000041 0.000041 0.872376 0.000041 0.000041
49 49 (0) 4 : 0.000040 0.000040 0.000040 0.000040 0.999761 0.000040 0.000040
50 50 (0) 4 : 0.000041 0.000041 0.000041 0.000041 0.999754 0.000041 0.000041
51 51 (0) 1 : 0.000027 0.000027 0.000027 0.000027 0.000027 0.000027 0.999837
52 52 (0) 1 : 0.113949 0.000029 0.000029 0.000029 0.000029 0.000029 0.885907
53 53 (0) 1 : 0.909020 0.000046 0.000046 0.000046 0.090751 0.000046 0.000046
54 54 (0) 1 : 0.515635 0.000032 0.000032 0.000032 0.484205 0.000032 0.000033
55 55 (0) 1 : 0.920170 0.000049 0.000049 0.000049 0.079584 0.000049 0.000049
56 56 (0) 1 : 0.584029 0.000031 0.000031 0.000031 0.415817 0.000031 0.000031
57 57 (0) 1 : 0.624571 0.000029 0.000029 0.000029 0.375282 0.000029 0.000029
58 58 (0) 1 : 0.784499 0.000040 0.000040 0.000040 0.215302 0.000040 0.000040
59 59 (0) 1 : 0.000039 0.000039 0.000039 0.000039 0.000039 0.000039 0.999767
60 60 (0) 1 : 0.000040 0.000040 0.000040 0.000040 0.000040 0.000040 0.999761
61 61 (0) 1 : 0.000028 0.000028 0.000028 0.000028 0.000028 0.000028 0.999833
62 62 (0) 1 : 0.000087 0.000035 0.000035 0.000035 0.114649 0.000035 0.885121
63 63 (0) 1 : 0.000037 0.000037 0.000037 0.000037 0.074997 0.000037 0.924817
64 64 (0) 1 : 0.000041 0.000041 0.000041 0.000041 0.000041 0.000041 0.999752
65 65 (0) 1 : 0.000041 0.000041 0.000041 0.000041 0.000041 0.000041 0.999757
66 66 (0) 1 : 0.000045 0.000045 0.000045 0.000045 0.000045 0.000045 0.999730
67 67 (0) 1 : 0.000040 0.000040 0.000040 0.000040 0.000040 0.000040 0.999762
68 68 (0) 1 : 0.000046 0.000046 0.000046 0.000046 0.000046 0.000046 0.999724
69 69 (0) 1 : 0.000049 0.000049 0.000049 0.000049 0.000049 0.000049 0.999705
70 70 (0) 1 : 0.000038 0.000037 0.000037 0.000037 0.000037 0.000037 0.999775
71 71 (0) 1 : 0.000044 0.000044 0.000044 0.000044 0.000044 0.000044 0.999737
72 72 (0) 1 : 0.000043 0.000043 0.000043 0.000043 0.000043 0.000043 0.999743
73 73 (0) 1 : 0.000040 0.000040 0.000040 0.000040 0.000040 0.000040 0.999761
74 74 (0) 1 : 0.000028 0.000028 0.000028 0.000028 0.000028 0.000028 0.999830
75 75 (0) 1 : 0.000028 0.000028 0.000028 0.000028 0.000028 0.000028 0.999832
76 76 (0) 1 : 0.000055 0.000055 0.000055 0.000055 0.000055 0.000055 0.999670
77 77 (0) 1 : 0.000043 0.000043 0.000043 0.000043 0.000043 0.000043 0.999742
78 78 (0) 1 : 0.000043 0.000042 0.000042 0.000042 0.000042 0.000042 0.999745
79 79 (0) 1 : 0.999789 0.000035 0.000035 0.000035 0.000035 0.000035 0.000035
80 80 (0) 1 : 0.000028 0.000028 0.000028 0.000028 0.000028 0.000028 0.999833
81 81 (0) 1 : 0.077514 0.000028 0.000028 0.000028 0.000028 0.000028 0.922347
82 82 (0) 1 : 0.000031 0.000031 0.000031 0.000031 0.000031 0.000031 0.999813
83 83 (0) 1 : 0.640498 0.000040 0.000040 0.000040 0.000040 0.000040 0.359300
84 84 (0) 1 : 0.999670 0.000055 0.000055 0.000055 0.000055 0.000055 0.000055
85 85 (0) 1 : 0.000028 0.000028 0.000028 0.000028 0.000028 0.000028 0.999830
86 86 (0) 1 : 0.000028 0.000028 0.000028 0.000028 0.000028 0.000028 0.999833
87 87 (0) 5 : 0.698600 0.000043 0.000043 0.000043 0.000043 0.000043 0.301183
88 88 (0) 5 : 0.000038 0.000037 0.000037 0.000037 0.665715 0.000037 0.334097
89 89 (0) 5 : 0.999824 0.000029 0.000029 0.000029 0.000029 0.000029 0.000029
90 90 (0) 5 : 0.075425 0.000043 0.000043 0.000043 0.924353 0.000043 0.000051
91 91 (0) 5 : 0.000043 0.000041 0.000041 0.000041 0.999750 0.000041 0.000044
92 92 (0) 5 : 0.000036 0.000033 0.000033 0.000033 0.657509 0.000033 0.342323
93 93 (0) 5 : 0.265589 0.000046 0.000046 0.000046 0.734180 0.000046 0.000047
94 94 (0) 5 : 0.000034 0.000034 0.000034 0.000034 0.713760 0.000034 0.286069
95 95 (0) 5 : 0.000050 0.000044 0.000044 0.000044 0.999726 0.000044 0.000046
96 96 (0) 5 : 0.156361 0.000039 0.000039 0.000039 0.843439 0.000039 0.000043
97 97 (0) 6 : 0.999765 0.000039 0.000039 0.000039 0.000039 0.000039 0.000039
98 98 (0) 6 : 0.999775 0.000038 0.000038 0.000038 0.000037 0.000038 0.000038
99 99 (0) 6 : 0.999773 0.000038 0.000038 0.000038 0.000038 0.000038 0.000038
100 100 (0) 6 : 0.999815 0.000031 0.000031 0.000031 0.000031 0.000031 0.000032
101 101 (0) 6 : 0.999815 0.000031 0.000031 0.000031 0.000031 0.000031 0.000032
102 102 (0) 6 : 0.999825 0.000029 0.000029 0.000029 0.000029 0.000029 0.000031
103 103 (0) 6 : 0.999769 0.000038 0.000038 0.000038 0.000038 0.000038 0.000039
104 104 (0) 6 : 0.999756 0.000041 0.000041 0.000041 0.000041 0.000041 0.000041
105 105 (0) 6 : 0.999760 0.000040 0.000040 0.000040 0.000040 0.000040 0.000040
106 106 (0) 6 : 0.999731 0.000045 0.000045 0.000045 0.000045 0.000045 0.000045
107 107 (0) 6 : 0.999760 0.000040 0.000040 0.000040 0.000040 0.000040 0.000040
108 108 (0) 6 : 0.999747 0.000042 0.000042 0.000042 0.000042 0.000042 0.000042
109 109 (0) 6 : 0.999751 0.000041 0.000041 0.000041 0.000042 0.000041 0.000041
110 110 (0) 2 : 0.000034 0.000032 0.000032 0.000032 0.000032 0.000032 0.999807
111 111 (0) 2 : 0.000042 0.000041 0.000041 0.000041 0.000041 0.000041 0.999753
112 112 (0) 2 : 0.000042 0.000042 0.000042 0.000042 0.000042 0.000042 0.999750
113 113 (0) 2 : 0.000039 0.000038 0.000038 0.000038 0.000038 0.000038 0.999771
114 114 (0) 2 : 0.000041 0.000040 0.000040 0.000040 0.000040 0.000040 0.999761
115 115 (0) 3 : 0.000028 0.000028 0.000028 0.000028 0.000028 0.000028 0.999830
