1 1 (0) 1 : 0.000073 0.000073 0.000073 0.999781
2 2 (0) 1 : 0.000070 0.000070 0.000070 0.999791
3 3 (0) 1 : 0.000074 0.000074 0.000074 0.999778
4 4 (0) 1 : 0.000074 0.000074 0.000074 0.999777
5 5 (0) 1 : 0.000077 0.000077 0.000077 0.999768
6 6 (0) 1 : 0.000075 0.000075 0.000075 0.999776
7 7 (0) 1 : 0.000080 0.000080 0.000080 0.999759
8 8 (0) 1 : 0.000056 0.000056 0.000056 0.999831
9 9 (0) 1 : 0.000053 0.000053 0.000053 0.999841
10 10 (0) 1 : 0.000062 0.000062 0.000062 0.999814
11 11 (0) 1 : 0.000072 0.000072 0.000072 0.999783
12 12 (0) 1 : 0.000059 0.000059 0.000059 0.999822
13 13 (0) 1 : 0.000071 0.000071 0.000071 0.999787
14 14 (0) 1 : 0.000072 0.000072 0.000072 0.999785
15 15 (0) 1 : 0.000072 0.000072 0.000072 0.999784
16 16 (0) 1 : 0.000076 0.000076 0.000076 0.999772
17 17 (0) 1 : 0.000082 0.000082 0.000082 0.999753
18 18 (0) 2 : 0.000056 0.999832 0.000056 0.000056
19 19 (0) 2 : 0.000072 0.999784 0.000072 0.000072
20 20 (0) 3 : 0.000057 0.091846 0.000057 0.908041
21 21 (0) 3 : 0.000059 0.080456 0.000059 0.919426
22 22 (0) 2 : 0.000073 0.999781 0.000073 0.000073
23 23 (0) 2 : 0.000056 0.999831 0.000056 0.000057
24 24 (0) 2 : 0.000055 0.999836 0.000055 0.000055
25 25 (0) 4 : 0.000065 0.000065 0.817263 0.182606
26 26 (0) 4 : 0.000057 0.000057 0.999828 0.000057
27 27 (0) 4 : 0.000085 0.000085 0.999746 0.000085
28 28 (0) 4 : 0.000074 0.000074 0.999777 0.000074
29 29 (0) 4 : 0.000087 0.000087 0.999738 0.000087
30 30 (0) 4 : 0.000098 0.000097 0.869430 0.130375
31 31 (0) 4 : 0.000080 0.000080 0.999761 0.000080
32 32 (0) 4 : 0.000083 0.000083 0.999750 0.000083
33 33 (0) 4 : 0.000071 0.000071 0.999787 0.000071
34 34 (0) 4 : 0.000055 0.000055 0.766246 0.233644
35 35 (0) 4 : 0.000053 0.000053 0.675778 0.324117
36 36 (0) 4 : 0.000053 0.000053 0.999842 0.000053
37 37 (0) 4 : 0.000054 0.000054 0.999839 0.000054
38 38 (0) 4 : 0.000068 0.000068 0.999796 0.000068
39 39 (0) 4 : 0.000056 0.000056 0.999831 0.000056
40 40 (0) 4 : 0.000053 0.000053 0.999842 0.000053
41 41 (0) 4 : 0.000075 0.000075 0.999775 0.000075
42 42 (0) 4 : 0.000073 0.000073 0.999782 0.000073
43 43 (0) 4 : 0.000076 0.000076 0.999773 0.000076
44 44 (0) 4 : 0.000073 0.000073 0.999781 0.000073
45 45 (0) 4 : 0.000074 0.000074 0.999779 0.000074
46 46 (0) 4 : 0.000073 0.000073 0.999780 0.000073
47 47 (0) 4 : 0.000076 0.000076 0.999772 0.000076
48 48 (0) 4 : 0.292236 0.000072 0.539134 0.168558
49 49 (0) 4 : 0.000070 0.000070 0.999789 0.000070
50 50 (0) 4 : 0.000072 0.000072 0.999783 0.000072
51 51 (0) 1 : 0.000048 0.000048 0.000048 0.999856
52 52 (0) 1 : 0.000051 0.000051 0.000051 0.999848
53 53 (0) 1 : 0.000081 0.029410 0.153153 0.817356
54 54 (0) 1 : 0.000056 0.000056 0.525718 0.474170
55 55 (0) 1 : 0.000087 0.000087 0.401453 0.598374
56 56 (0) 1 : 0.000054 0.000054 0.520284 0.479607
57 57 (0) 1 : 0.000052 0.000052 0.467039 0.532858
58 58 (0) 1 : 0.000070 0.000070 0.409048 0.590812
59 59 (0) 1 : 0.000068 0.030462 0.000068 0.969402
60 60 (0) 1 : 0.000070 0.000070 0.000070 0.999789
61 61 (0) 1 : 0.000049 0.000049 0.000049 0.999853
62 62 (0) 1 : 0.000063 0.000063 0.195720 0.804155
63 63 (0) 1 : 0.000065 0.000065 0.125306 0.874564
64 64 (0) 1 : 0.000073 0.000073 0.000073 0.999781
65 65 (0) 1 : 0.000071 0.000071 0.000071 0.999786
66 66 (0) 1 : 0.000079 0.000079 0.000079 0.999762
67 67 (0) 1 : 0.000070 0.000070 0.000070 0.999790
68 68 (0) 1 : 0.000081 0.000081 0.000081 0.999757
69 69 (0) 1 : 0.000087 0.000087 0.000087 0.999740
70 70 (0) 1 : 0.000066 0.000066 0.000066 0.999802
71 71 (0) 1 : 0.000077 0.000077 0.000077 0.999768
72 72 (0) 1 : 0.000076 0.000076 0.000076 0.999773
73 73 (0) 1 : 0.000070 0.000070 0.000070 0.999789
74 74 (0) 1 : 0.000050 0.000050 0.000050 0.999850
75 75 (0) 1 : 0.000049 0.000049 0.000049 0.999852
76 76 (0) 1 : 0.000097 0.000097 0.000097 0.999709
77 77 (0) 1 : 0.000076 0.000076 0.000076 0.999771
78 78 (0) 1 : 0.000075 0.000075 0.000075 0.999775
79 79 (0) 1 : 0.000062 0.000062 0.258421 0.741455
80 80 (0) 1 : 0.000049 0.000049 0.000049 0.999853
81 81 (0) 1 : 0.000049 0.000049 0.000049 0.999853
82 82 (0) 1 : 0.000055 0.000055 0.000055 0.999835
83 83 (0) 1 : 0.000071 0.000071 0.019028 0.980830
84 84 (0) 1 : 0.000097 0.000097 0.000097 0.999709
85 85 (0) 1 : 0.000050 0.000050 0.000050 0.999850
86 86 (0) 1 : 0.000049 0.000049 0.000049 0.999852
87 87 (0) 5 : 0.999771 0.000076 0.000076 0.000076
88 88 (0) 5 : 0.999803 0.000066 0.000066 0.000066
89 89 (0) 5 : 0.999845 0.000051 0.000052 0.000052
90 90 (0) 5 : 0.656993 0.000076 0.342855 0.000076
91 91 (0) 5 : 0.550586 0.000072 0.449271 0.000072
92 92 (0) 5 : 0.618886 0.000058 0.000058 0.380998
93 93 (0) 5 : 0.999757 0.000081 0.000081 0.000081
94 94 (0) 5 : 0.999818 0.000061 0.000061 0.000061
95 95 (0) 5 : 0.523566 0.000078 0.476278 0.000078
96 96 (0) 5 : 0.999792 0.000069 0.000069 0.000069
97 97 (0) 6 : 0.000069 0.000069 0.000069 0.999794
98 98 (0) 6 : 0.000066 0.000066 0.000066 0.999801
99 99 (0) 6 : 0.000067 0.000067 0.000067 0.999800
100 100 (0) 6 : 0.000054 0.000054 0.000054 0.999838
101 101 (0) 6 : 0.000054 0.000054 0.000054 0.999839
102 102 (0) 6 : 0.000051 0.000051 0.000051 0.999848
103 103 (0) 6 : 0.000068 0.000068 0.000068 0.999796
104 104 (0) 6 : 0.000072 0.000072 0.000072 0.999785
105 105 (0) 6 : 0.000070 0.000070 0.000070 0.999789
106 106 (0) 6 : 0.000079 0.000079 0.000079 0.999762
107 107 (0) 6 : 0.000071 0.000071 0.000071 0.999788
108 108 (0) 6 : 0.000074 0.000074 0.000074 0.999777
109 109 (0) 6 : 0.000073 0.000073 0.000073 0.999781
110 110 (0) 2 : 0.000056 0.999831 0.000056 0.000056
111 111 (0) 2 : 0.000072 0.999783 0.000072 0.000072
112 112 (0) 2 : 0.000073 0.999780 0.000073 0.000073
113 113 (0) 2 : 0.000067 0.999798 0.000067 0.000067
114 114 (0) 2 : 0.000070 0.999790 0.000070 0.000070
115 115 (0) 3 : 0.000050 0.164258 0.000050 0.835642
1 1 (0) 1 : 0.000075 0.999771 0.000077 0.000077
2 2 (0) 1 : 0.000071 0.999782 0.000074 0.000073
3 3 (0) 1 : 0.000076 0.999767 0.000079 0.000078
4 4 (0) 1 : 0.000076 0.999766 0.000079 0.000079
5 5 (0) 1 : 0.000079 0.999757 0.000082 0.000082
6 6 (0) 1 : 0.000076 0.999766 0.000079 0.000079
7 7 (0) 1 : 0.000082 0.999749 0.000085 0.000085
8 8 (0) 1 : 0.000058 0.999823 0.000060 0.000060
9 9 (0) 1 : 0.000054 0.999834 0.000056 0.000056
10 10 (0) 1 : 0.000063 0.999805 0.000066 0.000065
11 11 (0) 1 : 0.000074 0.999773 0.000077 0.000076
12 12 (0) 1 : 0.000060 0.999815 0.000063 0.000062
13 13 (0) 1 : 0.000073 0.999777 0.000075 0.000075
14 14 (0) 1 : 0.000073 0.999775 0.000076 0.000076
15 15 (0) 1 : 0.000073 0.999774 0.000076 0.000076
16 16 (0) 1 : 0.000077 0.999762 0.000080 0.000080
17 17 (0) 1 : 0.000084 0.999742 0.000087 0.000087
18 18 (0) 2 : 0.000057 0.000060 0.000059 0.999824
19 19 (0) 2 : 0.000073 0.000077 0.000076 0.999774
20 20 (0) 3 : 0.000058 0.903023 0.000060 0.096859
21 21 (0) 3 : 0.000061 0.914592 0.000063 0.085284
22 22 (0) 2 : 0.000074 0.000078 0.000078 0.999770
23 23 (0) 2 : 0.000057 0.000060 0.000060 0.999823
24 24 (0) 2 : 0.000056 0.000058 0.000058 0.999828
25 25 (0) 4 : 0.000067 0.000070 0.999795 0.000069
26 26 (0) 4 : 0.000059 0.000061 0.999820 0.000060
27 27 (0) 4 : 0.000086 0.000090 0.999734 0.000089
28 28 (0) 4 : 0.000076 0.000079 0.999767 0.000078
29 29 (0) 4 : 0.000089 0.000093 0.999725 0.000092
30 30 (0) 4 : 0.000101 0.138020 0.861776 0.000103
31 31 (0) 4 : 0.000081 0.000085 0.999750 0.000084
32 32 (0) 4 : 0.000085 0.000089 0.999739 0.000088
33 33 (0) 4 : 0.000072 0.000076 0.999777 0.000075
34 34 (0) 4 : 0.000056 0.000058 0.999828 0.000058
35 35 (0) 4 : 0.000054 0.059503 0.940388 0.000056
36 36 (0) 4 : 0.000054 0.000056 0.999835 0.000056
37 37 (0) 4 : 0.000055 0.000057 0.999832 0.000056
38 38 (0) 4 : 0.000069 0.000072 0.999787 0.000072
39 39 (0) 4 : 0.000057 0.000060 0.999824 0.000059
40 40 (0) 4 : 0.000054 0.000056 0.999835 0.000055
41 41 (0) 4 : 0.000076 0.000080 0.999765 0.000079
42 42 (0) 4 : 0.000074 0.000077 0.999772 0.000077
43 43 (0) 4 : 0.000077 0.000081 0.999763 0.000080
44 44 (0) 4 : 0.000074 0.000078 0.999771 0.000077
45 45 (0) 4 : 0.000075 0.000078 0.999769 0.000078
46 46 (0) 4 : 0.000076 0.000078 0.999769 0.000078
47 47 (0) 4 : 0.000078 0.000081 0.999762 0.000080
48 48 (0) 4 : 0.000074 0.110477 0.889374 0.000076
49 49 (0) 4 : 0.000072 0.000075 0.999780 0.000074
50 50 (0) 4 : 0.000074 0.000077 0.999774 0.000076
51 51 (0) 1 : 0.000049 0.999849 0.000051 0.000051
52 52 (0) 1 : 0.000052 0.999841 0.000054 0.000053
53 53 (0) 1 : 0.000084 0.946197 0.000086 0.053633
54 54 (0) 1 : 0.000058 0.999822 0.000060 0.000060
55 55 (0) 1 : 0.000090 0.766636 0.233182 0.000092
56 56 (0) 1 : 0.000057 0.999826 0.000059 0.000058
57 57 (0) 1 : 0.000054 0.999834 0.000056 0.000055
58 58 (0) 1 : 0.000073 0.794280 0.205573 0.000075
59 59 (0) 1 : 0.000071 0.963905 0.035951 0.000072
60 60 (0) 1 : 0.000072 0.999780 0.000074 0.000074
61 61 (0) 1 : 0.000050 0.999846 0.000052 0.000052
62 62 (0) 1 : 0.000064 0.999803 0.000067 0.000066
63 63 (0) 1 : 0.000067 0.999795 0.000069 0.000069
64 64 (0) 1 : 0.000074 0.999772 0.000077 0.000077
65 65 (0) 1 : 0.000073 0.999776 0.000076 0.000075
66 66 (0) 1 : 0.000081 0.999751 0.000084 0.000084
67 67 (0) 1 : 0.000071 0.999781 0.000074 0.000074
68 68 (0) 1 : 0.000083 0.999745 0.000086 0.000086
69 69 (0) 1 : 0.000089 0.999728 0.000092 0.000092
70 70 (0) 1 : 0.000067 0.999793 0.000070 0.000070
71 71 (0) 1 : 0.000079 0.999757 0.000082 0.000082
72 72 (0) 1 : 0.000077 0.999763 0.000080 0.000080
73 73 (0) 1 : 0.000072 0.999779 0.000075 0.000074
74 74 (0) 1 : 0.000051 0.999844 0.000053 0.000053
75 75 (0) 1 : 0.000050 0.999846 0.000052 0.000052
76 76 (0) 1 : 0.000099 0.999696 0.000103 0.000102
77 77 (0) 1 : 0.000078 0.999761 0.000081 0.000081
78 78 (0) 1 : 0.000077 0.999765 0.000079 0.000079
79 79 (0) 1 : 0.000063 0.999804 0.000067 0.000066
80 80 (0) 1 : 0.000050 0.999846 0.000052 0.000052
81 81 (0) 1 : 0.000050 0.999846 0.000052 0.000052
82 82 (0) 1 : 0.000057 0.999827 0.000058 0.000058
83 83 (0) 1 : 0.000074 0.999775 0.000076 0.000075
84 84 (0) 1 : 0.000101 0.999693 0.000103 0.000103
85 85 (0) 1 : 0.000051 0.999843 0.000053 0.000053
86 86 (0) 1 : 0.000050 0.999846 0.000052 0.000052
87 87 (0) 5 : 0.000079 0.461387 0.538453 0.000081
88 88 (0) 5 : 0.000067 0.327871 0.671993 0.000070
89 89 (0) 5 : 0.000053 0.499507 0.500386 0.000055
90 90 (0) 5 : 0.000078 0.147563 0.852279 0.000080
91 91 (0) 5 : 0.000074 0.069607 0.930243 0.000076
92 92 (0) 5 : 0.000060 0.386923 0.612955 0.000062
93 93 (0) 5 : 0.000083 0.287136 0.712696 0.000086
94 94 (0) 5 : 0.000062 0.166719 0.833154 0.000064
95 95 (0) 5 : 0.000080 0.081280 0.918558 0.000083
96 96 (0) 5 : 0.000071 0.227656 0.772200 0.000073
97 97 (0) 6 : 0.000070 0.999784 0.000073 0.000072
98 98 (0) 6 : 0.000068 0.999791 0.000070 0.000070
99 99 (0) 6 : 0.000068 0.999791 0.000071 0.000070
100 100 (0) 6 : 0.000055 0.999831 0.000057 0.000057
101 101 (0) 6 : 0.000055 0.999832 0.000057 0.000057
102 102 (0) 6 : 0.000052 0.999841 0.000054 0.000053
103 103 (0) 6 : 0.000069 0.999787 0.000072 0.000072
104 104 (0) 6 : 0.000073 0.999775 0.000076 0.000075
105 105 (0) 6 : 0.000072 0.999779 0.000075 0.000074
106 106 (0) 6 : 0.000081 0.999751 0.000084 0.000083
107 107 (0) 6 : 0.000072 0.999779 0.000075 0.000074
108 108 (0) 6 : 0.000076 0.999767 0.000079 0.000078
109 109 (0) 6 : 0.000075 0.999771 0.000078 0.000077
110 110 (0) 2 : 0.000057 0.000060 0.000060 0.999823
111 111 (0) 2 : 0.000074 0.000077 0.000077 0.999773
112 112 (0) 2 : 0.000074 0.000078 0.000078 0.999769
113 113 (0) 2 : 0.000068 0.000072 0.000071 0.999789
114 114 (0) 2 : 0.000071 0.000075 0.000074 0.999780
115 115 (0) 3 : 0.000051 0.824537 0.000053 0.175359
1 1 (0) 1 : 0.999771 0.000075 0.000077 0.000077
2 2 (0) 1 : 0.999782 0.000071 0.000074 0.000073
3 3 (0) 1 : 0.999767 0.000076 0.000079 0.000078
4 4 (0) 1 : 0.999766 0.000076 0.000079 0.000079
5 5 (0) 1 : 0.999757 0.000079 0.000082 0.000082
6 6 (0) 1 : 0.999766 0.000076 0.000079 0.000079
7 7 (0) 1 : 0.999749 0.000082 0.000085 0.000084
8 8 (0) 1 : 0.999823 0.000058 0.000060 0.000060
9 9 (0) 1 : 0.999834 0.000054 0.000056 0.000056
10 10 (0) 1 : 0.999805 0.000063 0.000066 0.000066
11 11 (0) 1 : 0.999773 0.000074 0.000077 0.000076
12 12 (0) 1 : 0.999815 0.000060 0.000063 0.000063
13 13 (0) 1 : 0.999777 0.000073 0.000075 0.000075
14 14 (0) 1 : 0.999775 0.000073 0.000076 0.000076
15 15 (0) 1 : 0.999774 0.000073 0.000076 0.000076
16 16 (0) 1 : 0.999762 0.000077 0.000080 0.000080
17 17 (0) 1 : 0.999742 0.000084 0.000087 0.000087
18 18 (0) 2 : 0.000060 0.000057 0.000059 0.999824
19 19 (0) 2 : 0.000077 0.000073 0.000076 0.999774
20 20 (0) 3 : 0.913916 0.000058 0.000060 0.085965
21 21 (0) 3 : 0.925274 0.000061 0.000063 0.074602
22 22 (0) 2 : 0.000078 0.000074 0.000078 0.999770
23 23 (0) 2 : 0.000060 0.000057 0.000060 0.999823
24 24 (0) 2 : 0.000058 0.000056 0.000058 0.999828
25 25 (0) 4 : 0.092329 0.000067 0.907535 0.000069
26 26 (0) 4 : 0.000061 0.000059 0.999820 0.000060
27 27 (0) 4 : 0.000090 0.000086 0.999734 0.000089
28 28 (0) 4 : 0.000079 0.000077 0.999766 0.000079
29 29 (0) 4 : 0.000093 0.000089 0.999726 0.000092
30 30 (0) 4 : 0.000104 0.000101 0.999691 0.000104
31 31 (0) 4 : 0.000085 0.000081 0.999750 0.000084
32 32 (0) 4 : 0.000089 0.000085 0.999739 0.000088
33 33 (0) 4 : 0.000075 0.000072 0.999777 0.000075
34 34 (0) 4 : 0.081786 0.000057 0.918100 0.000058
35 35 (0) 4 : 0.175154 0.000054 0.824736 0.000056
36 36 (0) 4 : 0.000056 0.000054 0.999835 0.000056
37 37 (0) 4 : 0.000057 0.000055 0.999832 0.000056
38 38 (0) 4 : 0.000072 0.000069 0.999787 0.000072
39 39 (0) 4 : 0.000060 0.000057 0.999824 0.000059
40 40 (0) 4 : 0.000056 0.000054 0.999835 0.000055
41 41 (0) 4 : 0.000080 0.000076 0.999765 0.000079
42 42 (0) 4 : 0.000077 0.000074 0.999772 0.000077
43 43 (0) 4 : 0.000080 0.000077 0.999763 0.000080
44 44 (0) 4 : 0.000078 0.000074 0.999771 0.000077
45 45 (0) 4 : 0.000078 0.000075 0.999769 0.000078
46 46 (0) 4 : 0.000078 0.000075 0.999769 0.000078
47 47 (0) 4 : 0.000081 0.000078 0.999762 0.000080
48 48 (0) 4 : 0.153241 0.000074 0.846609 0.000076
49 49 (0) 4 : 0.000075 0.000072 0.999780 0.000074
50 50 (0) 4 : 0.000077 0.000074 0.999774 0.000076
51 51 (0) 1 : 0.999849 0.000049 0.000051 0.000051
52 52 (0) 1 : 0.999841 0.000052 0.000054 0.000053
53 53 (0) 1 : 0.819014 0.000085 0.180815 0.000087
54 54 (0) 1 : 0.426989 0.000058 0.572894 0.000059
55 55 (0) 1 : 0.567987 0.000090 0.431831 0.000092
56 56 (0) 1 : 0.417181 0.000056 0.582706 0.000058
57 57 (0) 1 : 0.476205 0.000054 0.523686 0.000055
58 58 (0) 1 : 0.555055 0.000072 0.444798 0.000075
59 59 (0) 1 : 0.946942 0.000071 0.052914 0.000072
60 60 (0) 1 : 0.999779 0.000072 0.000075 0.000074
61 61 (0) 1 : 0.999846 0.000050 0.000052 0.000052
62 62 (0) 1 : 0.789100 0.000064 0.210770 0.000066
63 63 (0) 1 : 0.867909 0.000067 0.131954 0.000069
64 64 (0) 1 : 0.999771 0.000074 0.000077 0.000077
65 65 (0) 1 : 0.999776 0.000073 0.000076 0.000075
66 66 (0) 1 : 0.999752 0.000081 0.000084 0.000084
67 67 (0) 1 : 0.999781 0.000071 0.000074 0.000074
68 68 (0) 1 : 0.999745 0.000084 0.000086 0.000086
69 69 (0) 1 : 0.999728 0.000088 0.000092 0.000092
70 70 (0) 1 : 0.999793 0.000067 0.000070 0.000070
71 71 (0) 1 : 0.999757 0.000079 0.000082 0.000082
72 72 (0) 1 : 0.999763 0.000077 0.000080 0.000080
73 73 (0) 1 : 0.999779 0.000072 0.000075 0.000074
74 74 (0) 1 : 0.999844 0.000051 0.000053 0.000053
75 75 (0) 1 : 0.999846 0.000050 0.000052 0.000052
76 76 (0) 1 : 0.999696 0.000099 0.000103 0.000102
77 77 (0) 1 : 0.999761 0.000078 0.000081 0.000081
78 78 (0) 1 : 0.999765 0.000076 0.000079 0.000079
79 79 (0) 1 : 0.707115 0.000064 0.292755 0.000066
80 80 (0) 1 : 0.999846 0.000050 0.000052 0.000052
81 81 (0) 1 : 0.999845 0.000050 0.000052 0.000052
82 82 (0) 1 : 0.999827 0.000057 0.000058 0.000058
83 83 (0) 1 : 0.999775 0.000073 0.000076 0.000076
84 84 (0) 1 : 0.999692 0.000101 0.000104 0.000103
85 85 (0) 1 : 0.999843 0.000051 0.000053 0.000053
86 86 (0) 1 : 0.999846 0.000050 0.000052 0.000052
87 87 (0) 5 : 0.456346 0.000079 0.543494 0.000081
88 88 (0) 5 : 0.342732 0.000067 0.657132 0.000070
89 89 (0) 5 : 0.504610 0.000053 0.495282 0.000055
90 90 (0) 5 : 0.000081 0.000078 0.999761 0.000081
91 91 (0) 5 : 0.000077 0.000074 0.999774 0.000076
92 92 (0) 5 : 0.363656 0.000060 0.636222 0.000062
93 93 (0) 5 : 0.257810 0.000083 0.742022 0.000086
94 94 (0) 5 : 0.238662 0.000062 0.761211 0.000065
95 95 (0) 5 : 0.000083 0.000080 0.999754 0.000083
96 96 (0) 5 : 0.182025 0.000071 0.817831 0.000073
97 97 (0) 6 : 0.999784 0.000070 0.000073 0.000073
98 98 (0) 6 : 0.999791 0.000068 0.000070 0.000070
99 99 (0) 6 : 0.999791 0.000068 0.000071 0.000070
100 100 (0) 6 : 0.999831 0.000055 0.000057 0.000057
101 101 (0) 6 : 0.999832 0.000055 0.000057 0.000057
102 102 (0) 6 : 0.999841 0.000052 0.000054 0.000054
103 103 (0) 6 : 0.999787 0.000069 0.000072 0.000072
104 104 (0) 6 : 0.999775 0.000073 0.000076 0.000076
105 105 (0) 6 : 0.999779 0.000072 0.000075 0.000074
106 106 (0) 6 : 0.999751 0.000081 0.000084 0.000084
107 107 (0) 6 : 0.999779 0.000072 0.000075 0.000075
108 108 (0) 6 : 0.999767 0.000076 0.000079 0.000079
109 109 (0) 6 : 0.999771 0.000075 0.000078 0.000077
110 110 (0) 2 : 0.196365 0.000057 0.000060 0.803518
111 111 (0) 2 : 0.000077 0.000074 0.000077 0.999773
112 112 (0) 2 : 0.103917 0.000074 0.000078 0.895931
113 113 (0) 2 : 0.000072 0.000068 0.000071 0.999789
114 114 (0) 2 : 0.000075 0.000071 0.000074 0.999780
115 115 (0) 3 : 0.843373 0.000051 0.000053 0.156523
