1 1 (0) 1 : 0.000059 0.000058 0.999766 0.000058 0.000059
2 2 (0) 1 : 0.000056 0.000056 0.999775 0.000056 0.000056
3 3 (0) 1 : 0.000060 0.000059 0.999761 0.000060 0.000060
4 4 (0) 1 : 0.000060 0.000060 0.999759 0.000060 0.000060
5 5 (0) 1 : 0.000063 0.000062 0.999750 0.000063 0.000063
6 6 (0) 1 : 0.000061 0.000060 0.999758 0.000061 0.000061
7 7 (0) 1 : 0.000065 0.000064 0.999741 0.000065 0.000065
8 8 (0) 1 : 0.000046 0.000045 0.999817 0.000046 0.000046
9 9 (0) 1 : 0.000043 0.000043 0.999828 0.000043 0.000043
10 10 (0) 1 : 0.000050 0.000050 0.999799 0.000050 0.000050
11 11 (0) 1 : 0.000059 0.000058 0.999766 0.000059 0.000059
12 12 (0) 1 : 0.000048 0.000047 0.999809 0.000048 0.000048
13 13 (0) 1 : 0.000058 0.000057 0.999769 0.000058 0.000058
14 14 (0) 1 : 0.000058 0.000057 0.999768 0.000058 0.000058
15 15 (0) 1 : 0.000059 0.000058 0.999766 0.000059 0.000058
16 16 (0) 1 : 0.000062 0.000061 0.999754 0.000062 0.000062
17 17 (0) 1 : 0.000067 0.000066 0.999734 0.000067 0.000067
18 18 (0) 2 : 0.000045 0.000045 0.000045 0.000045 0.999819
19 19 (0) 2 : 0.000058 0.000058 0.000058 0.000058 0.999767
20 20 (0) 3 : 0.000046 0.000046 0.956984 0.000046 0.042878
21 21 (0) 3 : 0.000048 0.000048 0.970410 0.000048 0.029447
22 22 (0) 2 : 0.000059 0.000058 0.000059 0.000059 0.999764
23 23 (0) 2 : 0.000046 0.000045 0.000046 0.000046 0.999818
24 24 (0) 2 : 0.000044 0.000044 0.000044 0.000044 0.999823
25 25 (0) 4 : 0.000053 0.000052 0.128205 0.871637 0.000053
26 26 (0) 4 : 0.000046 0.000046 0.000046 0.999815 0.000046
27 27 (0) 4 : 0.000069 0.000068 0.000069 0.999726 0.000069
28 28 (0) 4 : 0.000060 0.000060 0.000060 0.999759 0.000060
29 29 (0) 4 : 0.000071 0.000070 0.000071 0.999718 0.000071
30 30 (0) 4 : 0.000079 0.000078 0.127486 0.872277 0.000079
31 31 (0) 4 : 0.000065 0.000064 0.000065 0.999743 0.000065
32 32 (0) 4 : 0.000068 0.000067 0.000068 0.999731 0.000067
33 33 (0) 4 : 0.000058 0.000057 0.000058 0.999770 0.000058
34 34 (0) 4 : 0.000044 0.000044 0.119650 0.880218 0.000044
35 35 (0) 4 : 0.000043 0.000042 0.225764 0.774108 0.000043
36 36 (0) 4 : 0.000043 0.000042 0.000043 0.999830 0.000043
37 37 (0) 4 : 0.000044 0.000043 0.000043 0.999826 0.000043
38 38 (0) 4 : 0.000055 0.000054 0.000055 0.999780 0.000055
39 39 (0) 4 : 0.000046 0.000045 0.000046 0.999818 0.000046
40 40 (0) 4 : 0.000042 0.000042 0.000043 0.999830 0.000043
41 41 (0) 4 : 0.000061 0.000060 0.000061 0.999757 0.000061
42 42 (0) 4 : 0.000059 0.000058 0.000059 0.999765 0.000059
43 43 (0) 4 : 0.000061 0.000061 0.000061 0.999755 0.000061
44 44 (0) 4 : 0.000059 0.000058 0.000059 0.999764 0.000059
45 45 (0) 4 : 0.000060 0.000059 0.000060 0.999761 0.000060
46 46 (0) 4 : 0.000059 0.000059 0.000059 0.999763 0.000059
47 47 (0) 4 : 0.000062 0.000061 0.000062 0.999754 0.000062
48 48 (0) 4 : 0.000058 0.000058 0.192527 0.807299 0.000058
49 49 (0) 4 : 0.000057 0.000056 0.000057 0.999773 0.000057
50 50 (0) 4 : 0.000059 0.000058 0.000059 0.999767 0.000058
51 51 (0) 1 : 0.000039 0.000038 0.999845 0.000039 0.000039
52 52 (0) 1 : 0.000041 0.000041 0.999837 0.000041 0.000041
53 53 (0) 1 : 0.000066 0.000065 0.899572 0.100230 0.000066
54 54 (0) 1 : 0.000045 0.000045 0.479792 0.520072 0.000046
55 55 (0) 1 : 0.000071 0.000070 0.644859 0.354930 0.000070
56 56 (0) 1 : 0.000044 0.000044 0.466052 0.533816 0.000044
57 57 (0) 1 : 0.000042 0.000042 0.532099 0.467775 0.000042
58 58 (0) 1 : 0.000057 0.000056 0.599755 0.400075 0.000057
59 59 (0) 1 : 0.000055 0.000055 0.999779 0.000055 0.000056
60 60 (0) 1 : 0.000057 0.000056 0.999773 0.000057 0.000057
61 61 (0) 1 : 0.000040 0.000039 0.999841 0.000040 0.000040
62 62 (0) 1 : 0.000051 0.000050 0.812155 0.187693 0.000051
63 63 (0) 1 : 0.000052 0.000052 0.884767 0.115076 0.000053
64 64 (0) 1 : 0.000059 0.000058 0.999764 0.000059 0.000059
65 65 (0) 1 : 0.000058 0.000057 0.999769 0.000058 0.000058
66 66 (0) 1 : 0.000064 0.000063 0.999744 0.000064 0.000064
67 67 (0) 1 : 0.000055 0.000056 0.999775 0.000057 0.000057
68 68 (0) 1 : 0.000066 0.000065 0.999737 0.000066 0.000066
69 69 (0) 1 : 0.000070 0.000069 0.999720 0.000070 0.000070
70 70 (0) 1 : 0.000054 0.000053 0.999786 0.000054 0.000054
71 71 (0) 1 : 0.000063 0.000062 0.999750 0.000063 0.000063
72 72 (0) 1 : 0.000061 0.000061 0.999755 0.000061 0.000061
73 73 (0) 1 : 0.000057 0.000056 0.999772 0.000057 0.000057
74 74 (0) 1 : 0.000040 0.000040 0.999839 0.000040 0.000040
75 75 (0) 1 : 0.000040 0.000039 0.999841 0.000040 0.000040
76 76 (0) 1 : 0.000079 0.000078 0.999686 0.000079 0.000079
77 77 (0) 1 : 0.000062 0.000061 0.999753 0.000062 0.000062
78 78 (0) 1 : 0.000061 0.000060 0.999758 0.000061 0.000061
79 79 (0) 1 : 0.000050 0.000050 0.740339 0.259510 0.000051
80 80 (0) 1 : 0.000040 0.000039 0.999841 0.000040 0.000040
81 81 (0) 1 : 0.000040 0.000039 0.999841 0.000040 0.000040
82 82 (0) 1 : 0.000045 0.000044 0.999822 0.000045 0.000045
83 83 (0) 1 : 0.134136 0.000057 0.853691 0.012058 0.000058
84 84 (0) 1 : 0.000079 0.000078 0.999686 0.000079 0.000079
85 85 (0) 1 : 0.000041 0.000040 0.999838 0.000041 0.000041
86 86 (0) 1 : 0.000040 0.000039 0.999841 0.000040 0.000040
87 87 (0) 5 : 0.000062 0.000061 0.525797 0.474018 0.000062
88 88 (0) 5 : 0.000053 0.000053 0.397889 0.601953 0.000053
89 89 (0) 5 : 0.000043 0.000041 0.562160 0.437714 0.000042
90 90 (0) 5 : 0.000062 0.000061 0.160715 0.839102 0.000061
91 91 (0) 5 : 0.000058 0.000058 0.077141 0.922685 0.000058
92 92 (0) 5 : 0.000047 0.000047 0.418423 0.581436 0.000047
93 93 (0) 5 : 0.000066 0.000065 0.307314 0.692490 0.000066
94 94 (0) 5 : 0.000049 0.000049 0.307254 0.692599 0.000049
95 95 (0) 5 : 0.000063 0.000063 0.074290 0.925521 0.000063
96 96 (0) 5 : 0.000060 0.000055 0.237735 0.762093 0.000056
97 97 (0) 6 : 0.999777 0.000055 0.000056 0.000056 0.000056
98 98 (0) 6 : 0.999785 0.000053 0.000054 0.000054 0.000054
99 99 (0) 6 : 0.999784 0.000053 0.000054 0.000054 0.000054
100 100 (0) 6 : 0.082780 0.000043 0.917090 0.000044 0.000044
101 101 (0) 6 : 0.045414 0.000043 0.954455 0.000044 0.000044
102 102 (0) 6 : 0.063645 0.000041 0.936232 0.000041 0.000041
103 103 (0) 6 : 0.999780 0.000054 0.000055 0.000055 0.000055
104 104 (0) 6 : 0.999768 0.000057 0.000058 0.000058 0.000058
105 105 (0) 6 : 0.999772 0.000056 0.000057 0.000057 0.000057
106 106 (0) 6 : 0.999744 0.000063 0.000064 0.000064 0.000064
107 107 (0) 6 : 0.999772 0.000056 0.000057 0.000057 0.000057
108 108 (0) 6 : 0.999760 0.000059 0.000060 0.000060 0.000060
109 109 (0) 6 : 0.999764 0.000058 0.000059 0.000059 0.000059
110 110 (0) 2 : 0.000045 0.000045 0.219532 0.000046 0.780332
111 111 (0) 2 : 0.000059 0.000058 0.000059 0.000059 0.999766
112 112 (0) 2 : 0.000060 0.000059 0.094376 0.000060 0.905447
113 113 (0) 2 : 0.000054 0.000054 0.000055 0.000055 0.999783
114 114 (0) 2 : 0.000055 0.000056 0.000057 0.000057 0.999775
115 115 (0) 3 : 0.000040 0.000040 0.905026 0.000041 0.094854
1 1 (0) 1 : 0.000059 0.000059 0.000059 0.999764 0.000059
2 2 (0) 1 : 0.000056 0.000057 0.000056 0.999775 0.000056
3 3 (0) 1 : 0.000060 0.000060 0.000060 0.999760 0.000060
4 4 (0) 1 : 0.000060 0.000060 0.000060 0.999759 0.000060
5 5 (0) 1 : 0.000063 0.000065 0.000062 0.999747 0.000063
6 6 (0) 1 : 0.000061 0.000061 0.000060 0.999758 0.000061
7 7 (0) 1 : 0.000065 0.000065 0.000065 0.999740 0.000065
8 8 (0) 1 : 0.000046 0.000046 0.000045 0.999817 0.000046
9 9 (0) 1 : 0.000043 0.000043 0.000043 0.999828 0.000043
10 10 (0) 1 : 0.000050 0.000050 0.000050 0.999799 0.000050
11 11 (0) 1 : 0.000059 0.000059 0.000058 0.999765 0.000059
12 12 (0) 1 : 0.000048 0.000048 0.000048 0.999808 0.000048
13 13 (0) 1 : 0.000058 0.000058 0.000057 0.999770 0.000058
14 14 (0) 1 : 0.000058 0.000058 0.000058 0.999768 0.000058
15 15 (0) 1 : 0.000058 0.000059 0.000058 0.999767 0.000058
16 16 (0) 1 : 0.000062 0.000062 0.000061 0.999754 0.000062
17 17 (0) 1 : 0.000067 0.000067 0.000066 0.999733 0.000067
18 18 (0) 2 : 0.000045 0.000045 0.000045 0.000045 0.999819
19 19 (0) 2 : 0.000058 0.000058 0.000058 0.000059 0.999767
20 20 (0) 3 : 0.000046 0.000046 0.000046 0.977665 0.022198
21 21 (0) 3 : 0.000048 0.000048 0.000048 0.999808 0.000048
22 22 (0) 2 : 0.000059 0.000059 0.000059 0.000059 0.999763
23 23 (0) 2 : 0.000046 0.000046 0.000045 0.000046 0.999817
24 24 (0) 2 : 0.000044 0.000044 0.000044 0.000045 0.999823
25 25 (0) 4 : 0.999788 0.000053 0.000053 0.000053 0.000053
26 26 (0) 4 : 0.999814 0.000046 0.000046 0.000046 0.000046
27 27 (0) 4 : 0.999726 0.000069 0.000068 0.000069 0.000069
28 28 (0) 4 : 0.999759 0.000060 0.000060 0.000060 0.000060
29 29 (0) 4 : 0.999717 0.000071 0.000070 0.000071 0.000071
30 30 (0) 4 : 0.927632 0.000079 0.000079 0.072131 0.000079
31 31 (0) 4 : 0.999742 0.000065 0.000064 0.000065 0.000065
32 32 (0) 4 : 0.999730 0.000068 0.000067 0.000068 0.000067
33 33 (0) 4 : 0.999770 0.000058 0.000057 0.000058 0.000058
34 34 (0) 4 : 0.999822 0.000044 0.000044 0.000045 0.000044
35 35 (0) 4 : 0.999829 0.000043 0.000043 0.000043 0.000043
36 36 (0) 4 : 0.999829 0.000043 0.000043 0.000043 0.000043
37 37 (0) 4 : 0.999827 0.000043 0.000043 0.000043 0.000043
38 38 (0) 4 : 0.999780 0.000055 0.000055 0.000055 0.000055
39 39 (0) 4 : 0.999818 0.000046 0.000045 0.000046 0.000046
40 40 (0) 4 : 0.999830 0.000043 0.000042 0.000043 0.000043
41 41 (0) 4 : 0.999757 0.000061 0.000060 0.000061 0.000061
42 42 (0) 4 : 0.999765 0.000059 0.000058 0.000059 0.000059
43 43 (0) 4 : 0.999755 0.000061 0.000061 0.000061 0.000061
44 44 (0) 4 : 0.999764 0.000059 0.000059 0.000059 0.000059
45 45 (0) 4 : 0.999761 0.000060 0.000059 0.000060 0.000060
46 46 (0) 4 : 0.999762 0.000059 0.000059 0.000060 0.000059
47 47 (0) 4 : 0.999754 0.000062 0.000061 0.000062 0.000062
48 48 (0) 4 : 0.921766 0.000058 0.000058 0.078059 0.000058
49 49 (0) 4 : 0.999772 0.000057 0.000057 0.000057 0.000057
50 50 (0) 4 : 0.999766 0.000059 0.000058 0.000059 0.000058
51 51 (0) 1 : 0.000039 0.000039 0.000039 0.999845 0.000039
52 52 (0) 1 : 0.000041 0.000041 0.000041 0.999836 0.000041
53 53 (0) 1 : 0.000066 0.000066 0.000066 0.999736 0.000066
54 54 (0) 1 : 0.000046 0.000046 0.999816 0.000046 0.000046
55 55 (0) 1 : 0.784725 0.215064 0.000070 0.000071 0.000070
56 56 (0) 1 : 0.999822 0.000045 0.000044 0.000045 0.000044
57 57 (0) 1 : 0.510847 0.000042 0.000042 0.489027 0.000042
58 58 (0) 1 : 0.798199 0.201630 0.000057 0.000057 0.000057
59 59 (0) 1 : 0.000055 0.000055 0.000055 0.999779 0.000055
60 60 (0) 1 : 0.000057 0.000057 0.000057 0.999772 0.000057
61 61 (0) 1 : 0.000040 0.000040 0.000040 0.999841 0.000040
62 62 (0) 1 : 0.000051 0.000051 0.000051 0.999797 0.000051
63 63 (0) 1 : 0.000053 0.000053 0.000053 0.999788 0.000053
64 64 (0) 1 : 0.000059 0.000059 0.000059 0.999764 0.000059
65 65 (0) 1 : 0.000058 0.000058 0.000057 0.999769 0.000058
66 66 (0) 1 : 0.000064 0.000064 0.000064 0.999743 0.000064
67 67 (0) 1 : 0.000057 0.000057 0.000056 0.999773 0.000057
68 68 (0) 1 : 0.000066 0.000066 0.000065 0.999737 0.000066
69 69 (0) 1 : 0.000070 0.000070 0.000070 0.999719 0.000070
70 70 (0) 1 : 0.000054 0.000054 0.000053 0.999786 0.000054
71 71 (0) 1 : 0.000063 0.000063 0.000062 0.999749 0.000063
72 72 (0) 1 : 0.000061 0.000061 0.000061 0.999755 0.000061
73 73 (0) 1 : 0.000057 0.000057 0.000057 0.999772 0.000057
74 74 (0) 1 : 0.000040 0.000041 0.000040 0.999838 0.000040
75 75 (0) 1 : 0.000040 0.000040 0.000040 0.999840 0.000040
76 76 (0) 1 : 0.000079 0.000079 0.000078 0.999686 0.000079
77 77 (0) 1 : 0.000062 0.000062 0.000061 0.999753 0.000062
78 78 (0) 1 : 0.000061 0.000061 0.000060 0.999757 0.000061
79 79 (0) 1 : 0.000051 0.000051 0.000050 0.999798 0.000051
80 80 (0) 1 : 0.000040 0.000040 0.000040 0.999841 0.000040
81 81 (0) 1 : 0.000040 0.000040 0.000040 0.999841 0.000040
82 82 (0) 1 : 0.000045 0.000045 0.000044 0.999822 0.000045
83 83 (0) 1 : 0.000058 0.207528 0.000057 0.792299 0.000058
84 84 (0) 1 : 0.000079 0.000079 0.000078 0.999685 0.000079
85 85 (0) 1 : 0.000041 0.000041 0.000040 0.999838 0.000041
86 86 (0) 1 : 0.000040 0.000040 0.000040 0.999841 0.000040
87 87 (0) 5 : 0.587286 0.000062 0.000062 0.412529 0.000062
88 88 (0) 5 : 0.709917 0.000053 0.000053 0.289923 0.000053
89 89 (0) 5 : 0.547368 0.000042 0.000042 0.452506 0.000042
90 90 (0) 5 : 0.918099 0.000061 0.000061 0.081717 0.000061
91 91 (0) 5 : 0.999767 0.000058 0.000058 0.000058 0.000058
92 92 (0) 5 : 0.683185 0.000047 0.000047 0.316674 0.000047
93 93 (0) 5 : 0.788460 0.000066 0.000065 0.211344 0.000066
94 94 (0) 5 : 0.837611 0.000049 0.000049 0.162242 0.000049
95 95 (0) 5 : 0.999747 0.000063 0.000063 0.000064 0.000063
96 96 (0) 5 : 0.845218 0.000056 0.000056 0.154614 0.000056
97 97 (0) 6 : 0.000056 0.999777 0.000055 0.000056 0.000056
98 98 (0) 6 : 0.000054 0.999785 0.000053 0.000054 0.000054
99 99 (0) 6 : 0.000054 0.999784 0.000054 0.000054 0.000054
100 100 (0) 6 : 0.000044 0.999825 0.000043 0.000044 0.000044
101 101 (0) 6 : 0.000044 0.999826 0.000043 0.000044 0.000044
102 102 (0) 6 : 0.000041 0.999835 0.000041 0.000041 0.000041
103 103 (0) 6 : 0.000055 0.999780 0.000055 0.000055 0.000055
104 104 (0) 6 : 0.000058 0.999768 0.000058 0.000058 0.000058
105 105 (0) 6 : 0.000057 0.999772 0.000057 0.000057 0.000057
106 106 (0) 6 : 0.000064 0.999743 0.000064 0.000064 0.000064
107 107 (0) 6 : 0.000057 0.999771 0.000057 0.000057 0.000057
108 108 (0) 6 : 0.000060 0.999759 0.000060 0.000060 0.000060
109 109 (0) 6 : 0.000059 0.999764 0.000059 0.000059 0.000059
110 110 (0) 2 : 0.000046 0.000046 0.000045 0.199570 0.800293
111 111 (0) 2 : 0.000059 0.000059 0.000058 0.000059 0.999766
112 112 (0) 2 : 0.000060 0.000060 0.000059 0.000060 0.999762
113 113 (0) 2 : 0.000055 0.000055 0.000054 0.000055 0.999782
114 114 (0) 2 : 0.000057 0.000057 0.000056 0.000057 0.999773
115 115 (0) 3 : 0.000040 0.000040 0.000040 0.927741 0.072137
1 1 (0) 1 : 0.999764 0.000058 0.000059 0.000059 0.000059
2 2 (0) 1 : 0.999775 0.000056 0.000056 0.000056 0.000056
3 3 (0) 1 : 0.999760 0.000059 0.000060 0.000060 0.000060
4 4 (0) 1 : 0.999759 0.000060 0.000060 0.000060 0.000060
5 5 (0) 1 : 0.999750 0.000062 0.000063 0.000063 0.000063
6 6 (0) 1 : 0.999758 0.000060 0.000061 0.000061 0.000061
7 7 (0) 1 : 0.999741 0.000064 0.000065 0.000065 0.000065
8 8 (0) 1 : 0.999817 0.000045 0.000046 0.000046 0.000046
9 9 (0) 1 : 0.999828 0.000043 0.000043 0.000043 0.000043
10 10 (0) 1 : 0.999799 0.000050 0.000050 0.000050 0.000050
11 11 (0) 1 : 0.999766 0.000058 0.000059 0.000059 0.000059
12 12 (0) 1 : 0.999809 0.000047 0.000048 0.000048 0.000048
13 13 (0) 1 : 0.999770 0.000057 0.000058 0.000058 0.000058
14 14 (0) 1 : 0.999768 0.000057 0.000058 0.000058 0.000058
15 15 (0) 1 : 0.999767 0.000058 0.000058 0.000058 0.000058
16 16 (0) 1 : 0.999755 0.000061 0.000062 0.000062 0.000062
17 17 (0) 1 : 0.999734 0.000066 0.000067 0.000067 0.000067
18 18 (0) 2 : 0.000045 0.000045 0.000045 0.999819 0.000045
19 19 (0) 2 : 0.000059 0.000058 0.000058 0.999767 0.000058
20 20 (0) 3 : 0.963595 0.000046 0.000046 0.036267 0.000046
21 21 (0) 3 : 0.979757 0.000048 0.000048 0.020099 0.000048
22 22 (0) 2 : 0.000059 0.000058 0.000059 0.999764 0.000059
23 23 (0) 2 : 0.000046 0.000045 0.000046 0.999818 0.000046
24 24 (0) 2 : 0.000045 0.000044 0.000044 0.999823 0.000044
25 25 (0) 4 : 0.167096 0.000052 0.832746 0.000053 0.000053
26 26 (0) 4 : 0.000047 0.000046 0.999815 0.000046 0.000046
27 27 (0) 4 : 0.000069 0.000068 0.999726 0.000069 0.000069
28 28 (0) 4 : 0.000060 0.000060 0.999759 0.000060 0.000060
29 29 (0) 4 : 0.000071 0.000070 0.999718 0.000071 0.000071
30 30 (0) 4 : 0.126767 0.000078 0.872996 0.000079 0.000079
31 31 (0) 4 : 0.000065 0.000064 0.999743 0.000065 0.000065
32 32 (0) 4 : 0.000068 0.000067 0.999731 0.000067 0.000068
33 33 (0) 4 : 0.000058 0.000057 0.999770 0.000058 0.000058
34 34 (0) 4 : 0.178014 0.000044 0.821853 0.000044 0.000044
35 35 (0) 4 : 0.289733 0.000042 0.710139 0.000043 0.000043
36 36 (0) 4 : 0.000043 0.000042 0.999829 0.000043 0.000043
37 37 (0) 4 : 0.000043 0.000043 0.999827 0.000043 0.000043
38 38 (0) 4 : 0.000055 0.000054 0.999780 0.000055 0.000055
39 39 (0) 4 : 0.000046 0.000045 0.999818 0.000046 0.000046
40 40 (0) 4 : 0.000043 0.000042 0.999830 0.000043 0.000042
41 41 (0) 4 : 0.000061 0.000060 0.999757 0.000061 0.000061
42 42 (0) 4 : 0.000059 0.000058 0.999765 0.000059 0.000059
43 43 (0) 4 : 0.000061 0.000061 0.999755 0.000061 0.000061
44 44 (0) 4 : 0.000059 0.000058 0.999764 0.000059 0.000059
45 45 (0) 4 : 0.000060 0.000059 0.999761 0.000060 0.000060
46 46 (0) 4 : 0.000060 0.000059 0.999763 0.000059 0.000059
47 47 (0) 4 : 0.000062 0.000061 0.999754 0.000062 0.000062
48 48 (0) 4 : 0.240881 0.000058 0.758945 0.000058 0.000058
49 49 (0) 4 : 0.000057 0.000056 0.999773 0.000057 0.000057
50 50 (0) 4 : 0.000059 0.000058 0.999767 0.000058 0.000059
51 51 (0) 1 : 0.999845 0.000038 0.000039 0.000039 0.000039
52 52 (0) 1 : 0.999837 0.000041 0.000041 0.000041 0.000041
53 53 (0) 1 : 0.954161 0.000065 0.045642 0.000066 0.000066
54 54 (0) 1 : 0.502265 0.000045 0.497599 0.000046 0.000045
55 55 (0) 1 : 0.673414 0.000070 0.326376 0.000070 0.000070
56 56 (0) 1 : 0.493489 0.000044 0.506379 0.000044 0.000044
57 57 (0) 1 : 0.553332 0.000042 0.446542 0.000042 0.000042
58 58 (0) 1 : 0.618349 0.000056 0.381481 0.000057 0.000057
59 59 (0) 1 : 0.999779 0.000055 0.000055 0.000055 0.000055
60 60 (0) 1 : 0.999773 0.000056 0.000057 0.000057 0.000057
61 61 (0) 1 : 0.999841 0.000039 0.000040 0.000040 0.000040
62 62 (0) 1 : 0.818075 0.000050 0.181773 0.000051 0.000051
63 63 (0) 1 : 0.886500 0.000052 0.113342 0.000053 0.000053
64 64 (0) 1 : 0.999764 0.000058 0.000059 0.000059 0.000059
65 65 (0) 1 : 0.999769 0.000057 0.000058 0.000058 0.000058
66 66 (0) 1 : 0.999744 0.000063 0.000064 0.000064 0.000064
67 67 (0) 1 : 0.999773 0.000056 0.000057 0.000057 0.000057
68 68 (0) 1 : 0.999738 0.000065 0.000066 0.000066 0.000066
69 69 (0) 1 : 0.999720 0.000069 0.000070 0.000070 0.000070
70 70 (0) 1 : 0.999786 0.000053 0.000054 0.000054 0.000054
71 71 (0) 1 : 0.999750 0.000062 0.000063 0.000063 0.000063
72 72 (0) 1 : 0.999755 0.000061 0.000061 0.000061 0.000061
73 73 (0) 1 : 0.999772 0.000056 0.000057 0.000057 0.000057
74 74 (0) 1 : 0.999839 0.000040 0.000040 0.000040 0.000040
75 75 (0) 1 : 0.999841 0.000039 0.000040 0.000040 0.000040
76 76 (0) 1 : 0.999686 0.000078 0.000079 0.000079 0.000079
77 77 (0) 1 : 0.999754 0.000061 0.000062 0.000062 0.000062
78 78 (0) 1 : 0.999758 0.000060 0.000061 0.000061 0.000061
79 79 (0) 1 : 0.759957 0.000050 0.239892 0.000051 0.000050
80 80 (0) 1 : 0.999841 0.000039 0.000040 0.000040 0.000040
81 81 (0) 1 : 0.999841 0.000039 0.000040 0.000040 0.000040
82 82 (0) 1 : 0.999822 0.000044 0.000045 0.000045 0.000045
83 83 (0) 1 : 0.866126 0.000057 0.000057 0.000058 0.133702
84 84 (0) 1 : 0.999685 0.000078 0.000079 0.000079 0.000079
85 85 (0) 1 : 0.999838 0.000040 0.000041 0.000041 0.000041
86 86 (0) 1 : 0.999841 0.000039 0.000040 0.000040 0.000040
87 87 (0) 5 : 0.999755 0.000062 0.000060 0.000062 0.000062
88 88 (0) 5 : 0.480236 0.000053 0.519605 0.000053 0.000053
89 89 (0) 5 : 0.999833 0.000042 0.000042 0.000042 0.000042
90 90 (0) 5 : 0.000062 0.000061 0.999755 0.000062 0.000062
91 91 (0) 5 : 0.000058 0.000058 0.999767 0.000058 0.000058
92 92 (0) 5 : 0.484421 0.000047 0.515438 0.000047 0.000047
93 93 (0) 5 : 0.386326 0.000065 0.613478 0.000066 0.000066
94 94 (0) 5 : 0.369007 0.000049 0.630846 0.000049 0.000049
95 95 (0) 5 : 0.000064 0.000063 0.999747 0.000063 0.000063
96 96 (0) 5 : 0.286563 0.000055 0.713269 0.000056 0.000056
97 97 (0) 6 : 0.000056 0.000055 0.000056 0.000056 0.999777
98 98 (0) 6 : 0.000054 0.000053 0.000054 0.000054 0.999785
99 99 (0) 6 : 0.528860 0.000053 0.000054 0.000054 0.470978
100 100 (0) 6 : 0.930245 0.000043 0.000044 0.000044 0.069624
101 101 (0) 6 : 0.965467 0.000043 0.000044 0.000044 0.034403
102 102 (0) 6 : 0.948507 0.000041 0.000041 0.000041 0.051370
103 103 (0) 6 : 0.000055 0.000054 0.000055 0.000055 0.999780
104 104 (0) 6 : 0.000058 0.000057 0.000058 0.000058 0.999768
105 105 (0) 6 : 0.000057 0.000056 0.000057 0.000057 0.999772
106 106 (0) 6 : 0.000065 0.000063 0.000064 0.000064 0.999743
107 107 (0) 6 : 0.000057 0.000056 0.000057 0.000057 0.999771
108 108 (0) 6 : 0.000061 0.000059 0.000060 0.000060 0.999759
109 109 (0) 6 : 0.000059 0.000058 0.000059 0.000059 0.999764
110 110 (0) 2 : 0.216280 0.000045 0.000046 0.783584 0.000046
111 111 (0) 2 : 0.000059 0.000058 0.000059 0.999766 0.000059
112 112 (0) 2 : 0.000060 0.000059 0.000060 0.999763 0.000059
113 113 (0) 2 : 0.000055 0.000054 0.000055 0.999783 0.000054
114 114 (0) 2 : 0.000057 0.000056 0.000057 0.999774 0.000057
115 115 (0) 3 : 0.912492 0.000040 0.000040 0.087387 0.000040
