1 1 (0) 1 : 0.000048 0.000049 0.000048 0.000049 0.000049 0.999757
2 2 (0) 1 : 0.000046 0.000046 0.000046 0.000046 0.000046 0.999768
3 3 (0) 1 : 0.000049 0.000049 0.000049 0.000049 0.000049 0.999754
4 4 (0) 1 : 0.000049 0.000050 0.000049 0.000050 0.000050 0.999753
5 5 (0) 1 : 0.000051 0.000052 0.000051 0.000052 0.000052 0.999742
6 6 (0) 1 : 0.000050 0.000050 0.000050 0.000050 0.000050 0.999752
7 7 (0) 1 : 0.000053 0.000054 0.000053 0.000054 0.999732 0.000054
8 8 (0) 1 : 0.000038 0.000038 0.000038 0.000038 0.999811 0.000038
9 9 (0) 1 : 0.000035 0.000035 0.000035 0.000035 0.999823 0.000035
10 10 (0) 1 : 0.000041 0.000041 0.000041 0.000041 0.999793 0.000041
11 11 (0) 1 : 0.000048 0.000048 0.000048 0.000048 0.999758 0.000048
12 12 (0) 1 : 0.000040 0.000040 0.000040 0.000040 0.999802 0.000040
13 13 (0) 1 : 0.000047 0.000047 0.000047 0.000047 0.999763 0.000047
14 14 (0) 1 : 0.000048 0.000048 0.000048 0.000048 0.999761 0.000048
15 15 (0) 1 : 0.000048 0.000048 0.000048 0.000048 0.999760 0.000048
16 16 (0) 1 : 0.000050 0.000051 0.000050 0.000051 0.999747 0.000051
17 17 (0) 1 : 0.000055 0.000055 0.000055 0.000055 0.999726 0.000055
18 18 (0) 2 : 0.000037 0.999814 0.000037 0.000037 0.000037 0.000037
19 19 (0) 2 : 0.000048 0.999760 0.000048 0.000048 0.000048 0.000048
20 20 (0) 3 : 0.000038 0.000038 0.000038 0.000038 0.000038 0.999810
21 21 (0) 3 : 0.000039 0.000040 0.000039 0.000040 0.000040 0.999802
22 22 (0) 2 : 0.000049 0.999755 0.000049 0.000049 0.000049 0.000049
23 23 (0) 2 : 0.000038 0.999811 0.000038 0.000038 0.000038 0.000038
24 24 (0) 2 : 0.000036 0.999817 0.000036 0.000037 0.000037 0.000037
25 25 (0) 4 : 0.000044 0.000044 0.000044 0.999782 0.000044 0.000044
26 26 (0) 4 : 0.000038 0.000038 0.000038 0.999809 0.000038 0.000038
27 27 (0) 4 : 0.000056 0.000056 0.000056 0.999719 0.000056 0.000056
28 28 (0) 4 : 0.000049 0.000050 0.000049 0.999753 0.000050 0.000050
29 29 (0) 4 : 0.000058 0.000058 0.000058 0.999710 0.000058 0.000058
30 30 (0) 4 : 0.000065 0.000065 0.000065 0.938730 0.000065 0.061011
31 31 (0) 4 : 0.000053 0.000053 0.000053 0.999735 0.000053 0.000053
32 32 (0) 4 : 0.000055 0.000055 0.000055 0.999724 0.000055 0.000055
33 33 (0) 4 : 0.000047 0.000047 0.000047 0.999763 0.000047 0.000047
34 34 (0) 4 : 0.000036 0.000036 0.000036 0.999818 0.000036 0.000036
35 35 (0) 4 : 0.000035 0.000035 0.000035 0.999825 0.000035 0.000035
36 36 (0) 4 : 0.000035 0.000035 0.000035 0.999824 0.000035 0.000035
37 37 (0) 4 : 0.000036 0.000036 0.000036 0.999822 0.000036 0.000036
38 38 (0) 4 : 0.000045 0.000045 0.000045 0.999774 0.000045 0.000045
39 39 (0) 4 : 0.000037 0.000038 0.000037 0.999813 0.000038 0.000038
40 40 (0) 4 : 0.000035 0.000035 0.000035 0.999824 0.000035 0.000035
41 41 (0) 4 : 0.000050 0.000050 0.000050 0.999751 0.000050 0.000050
42 42 (0) 4 : 0.000048 0.000048 0.000048 0.999758 0.000048 0.000048
43 43 (0) 4 : 0.000050 0.000051 0.000050 0.999747 0.000051 0.000051
44 44 (0) 4 : 0.000048 0.000049 0.000048 0.999757 0.000049 0.000049
45 45 (0) 4 : 0.000049 0.000049 0.000049 0.999754 0.000049 0.000049
46 46 (0) 4 : 0.000049 0.000049 0.000049 0.999756 0.000049 0.000049
47 47 (0) 4 : 0.000050 0.000051 0.000050 0.999747 0.000051 0.000051
48 48 (0) 4 : 0.000048 0.000048 0.000048 0.953855 0.000048 0.045953
49 49 (0) 4 : 0.000047 0.000047 0.000047 0.999766 0.000047 0.000047
50 50 (0) 4 : 0.000048 0.000048 0.000048 0.999759 0.000048 0.000048
51 51 (0) 1 : 0.000032 0.000032 0.000032 0.000032 0.000032 0.999841
52 52 (0) 1 : 0.000034 0.000034 0.000034 0.000034 0.000034 0.999831
53 53 (0) 1 : 0.000054 0.000054 0.000054 0.149255 0.000054 0.850530
54 54 (0) 1 : 0.000037 0.000037 0.000037 0.638961 0.000037 0.360889
55 55 (0) 1 : 0.000058 0.000058 0.000058 0.202666 0.000058 0.797103
56 56 (0) 1 : 0.000036 0.000036 0.000036 0.596443 0.000036 0.403413
57 57 (0) 1 : 0.000034 0.000035 0.000034 0.567757 0.000035 0.432105
58 58 (0) 1 : 0.000047 0.000047 0.000047 0.394830 0.000047 0.604982
59 59 (0) 1 : 0.000045 0.000066 0.000045 0.055452 0.883831 0.060560
60 60 (0) 1 : 0.000047 0.000047 0.000047 0.000047 0.999766 0.000047
61 61 (0) 1 : 0.000033 0.000033 0.000033 0.000033 0.999836 0.000033
62 62 (0) 1 : 0.000042 0.000042 0.000042 0.113281 0.886553 0.000042
63 63 (0) 1 : 0.000044 0.000044 0.000044 0.000044 0.999782 0.000044
64 64 (0) 1 : 0.000048 0.000049 0.000048 0.000049 0.999758 0.000049
65 65 (0) 1 : 0.000047 0.000048 0.000047 0.000048 0.999762 0.000048
66 66 (0) 1 : 0.000053 0.000053 0.000053 0.000053 0.999736 0.000053
67 67 (0) 1 : 0.000046 0.000047 0.000046 0.000047 0.999767 0.000047
68 68 (0) 1 : 0.000054 0.000054 0.000054 0.000054 0.999730 0.000054
69 69 (0) 1 : 0.000057 0.000058 0.000057 0.000058 0.999712 0.000058
70 70 (0) 1 : 0.000044 0.000044 0.000044 0.000044 0.999780 0.000044
71 71 (0) 1 : 0.000051 0.000052 0.000051 0.000052 0.999742 0.000052
72 72 (0) 1 : 0.000050 0.000050 0.000050 0.000050 0.999749 0.000050
73 73 (0) 1 : 0.000047 0.000047 0.000047 0.000047 0.999766 0.000047
74 74 (0) 1 : 0.000033 0.000033 0.000033 0.000033 0.999834 0.000033
75 75 (0) 1 : 0.000033 0.000033 0.000033 0.000033 0.999836 0.000033
76 76 (0) 1 : 0.000064 0.000065 0.000064 0.000065 0.999677 0.000065
77 77 (0) 1 : 0.000050 0.000051 0.000050 0.000051 0.999748 0.000051
78 78 (0) 1 : 0.000050 0.000050 0.000050 0.000050 0.999751 0.000050
79 79 (0) 1 : 0.000041 0.000041 0.000041 0.234900 0.000041 0.764935
80 80 (0) 1 : 0.000033 0.000033 0.000033 0.000033 0.393503 0.606366
81 81 (0) 1 : 0.000033 0.000033 0.000033 0.000033 0.000033 0.999837
82 82 (0) 1 : 0.000037 0.000037 0.000037 0.000037 0.217009 0.782844
83 83 (0) 1 : 0.000047 0.000047 0.000047 0.000047 0.000047 0.999763
84 84 (0) 1 : 0.000064 0.000065 0.000064 0.000065 0.000065 0.999677
85 85 (0) 1 : 0.000033 0.000033 0.000033 0.000033 0.999833 0.000033
86 86 (0) 1 : 0.000033 0.000033 0.000033 0.000033 0.215471 0.784398
87 87 (0) 5 : 0.000051 0.000051 0.000051 0.788576 0.211221 0.000051
88 88 (0) 5 : 0.000044 0.000044 0.000044 0.921634 0.078191 0.000044
89 89 (0) 5 : 0.000034 0.000034 0.000034 0.721311 0.000034 0.278552
90 90 (0) 5 : 0.000050 0.000050 0.000050 0.999748 0.000050 0.000050
91 91 (0) 5 : 0.000048 0.000048 0.000048 0.999760 0.000048 0.000048
92 92 (0) 5 : 0.000039 0.000039 0.000039 0.831862 0.167984 0.000039
93 93 (0) 5 : 0.000054 0.000054 0.000054 0.999729 0.000054 0.000054
94 94 (0) 5 : 0.000040 0.000040 0.000040 0.900366 0.099473 0.000040
95 95 (0) 5 : 0.000052 0.000052 0.000052 0.999740 0.000052 0.000052
96 96 (0) 5 : 0.000046 0.000046 0.000046 0.999769 0.000046 0.000046
97 97 (0) 6 : 0.000046 0.000046 0.000046 0.000046 0.000046 0.999771
98 98 (0) 6 : 0.000044 0.000044 0.000044 0.000044 0.000044 0.999780
99 99 (0) 6 : 0.000044 0.000045 0.000044 0.000045 0.000045 0.999778
100 100 (0) 6 : 0.000036 0.000036 0.000036 0.000036 0.000036 0.999821
101 101 (0) 6 : 0.000036 0.000036 0.000036 0.000036 0.000036 0.999821
102 102 (0) 6 : 0.000034 0.000034 0.000034 0.000034 0.000034 0.999831
103 103 (0) 6 : 0.000045 0.000045 0.000045 0.000045 0.000045 0.999774
104 104 (0) 6 : 0.000048 0.000048 0.000048 0.000048 0.000048 0.999762
105 105 (0) 6 : 0.000047 0.000047 0.000047 0.000047 0.000047 0.999766
106 106 (0) 6 : 0.000052 0.000053 0.000052 0.000053 0.000053 0.999737
107 107 (0) 6 : 0.000047 0.000047 0.000047 0.000047 0.000047 0.999765
108 108 (0) 6 : 0.000049 0.000050 0.000049 0.000050 0.000050 0.999753
109 109 (0) 6 : 0.000048 0.000049 0.000048 0.000049 0.000049 0.999757
110 110 (0) 2 : 0.000037 0.910257 0.000037 0.000037 0.000037 0.089594
111 111 (0) 2 : 0.000048 0.999759 0.000048 0.000048 0.000048 0.000048
112 112 (0) 2 : 0.000049 0.999756 0.000049 0.000049 0.000049 0.000049
113 113 (0) 2 : 0.000044 0.999777 0.000044 0.000045 0.000045 0.000045
114 114 (0) 2 : 0.000046 0.999767 0.000046 0.000047 0.000047 0.000047
115 115 (0) 3 : 0.000033 0.000033 0.000033 0.000033 0.000033 0.999834
1 1 (0) 1 : 0.000048 0.000049 0.000049 0.000049 0.000048 0.999757
2 2 (0) 1 : 0.000046 0.000046 0.000046 0.000046 0.000046 0.999768
3 3 (0) 1 : 0.000049 0.000049 0.000049 0.000049 0.000049 0.999754
4 4 (0) 1 : 0.000049 0.000050 0.000050 0.000049 0.000049 0.999753
5 5 (0) 1 : 0.000051 0.000052 0.000052 0.000052 0.000051 0.999742
6 6 (0) 1 : 0.000050 0.000050 0.000050 0.000050 0.000050 0.999752
7 7 (0) 1 : 0.000053 0.000054 0.000054 0.000054 0.000053 0.999732
8 8 (0) 1 : 0.000038 0.000038 0.000038 0.000038 0.000038 0.999812
9 9 (0) 1 : 0.000035 0.000035 0.000035 0.000035 0.000035 0.999823
10 10 (0) 1 : 0.000041 0.000041 0.000041 0.000041 0.000041 0.999793
11 11 (0) 1 : 0.000048 0.000048 0.000048 0.000048 0.000048 0.999759
12 12 (0) 1 : 0.000040 0.000040 0.000040 0.000040 0.000040 0.999802
13 13 (0) 1 : 0.000047 0.000047 0.000047 0.000047 0.000047 0.999764
14 14 (0) 1 : 0.000048 0.000048 0.000048 0.000048 0.000048 0.999761
15 15 (0) 1 : 0.000048 0.000048 0.000048 0.000048 0.000048 0.999760
16 16 (0) 1 : 0.000050 0.000051 0.000051 0.000051 0.000050 0.999747
17 17 (0) 1 : 0.000055 0.000055 0.000055 0.000055 0.000055 0.999726
18 18 (0) 2 : 0.000037 0.000037 0.999814 0.000037 0.000037 0.000037
19 19 (0) 2 : 0.000048 0.000048 0.999760 0.000048 0.000048 0.000048
20 20 (0) 3 : 0.000038 0.000038 0.000038 0.999810 0.000038 0.000038
21 21 (0) 3 : 0.000039 0.000040 0.000040 0.999802 0.000039 0.000040
22 22 (0) 2 : 0.000049 0.000049 0.999755 0.000049 0.000049 0.000049
23 23 (0) 2 : 0.000038 0.000038 0.999811 0.000038 0.000038 0.000038
24 24 (0) 2 : 0.000036 0.000037 0.999818 0.000037 0.000036 0.000037
25 25 (0) 4 : 0.000044 0.999782 0.000044 0.000044 0.000044 0.000044
26 26 (0) 4 : 0.000038 0.999809 0.000038 0.000038 0.000038 0.000038
27 27 (0) 4 : 0.000056 0.999719 0.000056 0.000056 0.000056 0.000056
28 28 (0) 4 : 0.000049 0.999753 0.000050 0.000050 0.000049 0.000050
29 29 (0) 4 : 0.000058 0.999710 0.000058 0.000058 0.000058 0.000058
30 30 (0) 4 : 0.000065 0.982792 0.000065 0.000065 0.000065 0.016948
31 31 (0) 4 : 0.000053 0.999735 0.000053 0.000053 0.000053 0.000053
32 32 (0) 4 : 0.000055 0.999724 0.000055 0.000055 0.000055 0.000055
33 33 (0) 4 : 0.000047 0.999763 0.000047 0.000047 0.000047 0.000047
34 34 (0) 4 : 0.000036 0.999818 0.000036 0.000036 0.000036 0.000036
35 35 (0) 4 : 0.000035 0.999825 0.000035 0.000035 0.000035 0.000035
36 36 (0) 4 : 0.000035 0.999824 0.000035 0.000035 0.000035 0.000035
37 37 (0) 4 : 0.000036 0.999822 0.000036 0.000036 0.000036 0.000036
38 38 (0) 4 : 0.000045 0.999774 0.000045 0.000045 0.000045 0.000045
39 39 (0) 4 : 0.000037 0.999813 0.000038 0.000037 0.000037 0.000038
40 40 (0) 4 : 0.000035 0.999824 0.000035 0.000035 0.000035 0.000035
41 41 (0) 4 : 0.000050 0.999751 0.000050 0.000050 0.000050 0.000050
42 42 (0) 4 : 0.000048 0.999758 0.000048 0.000048 0.000048 0.000048
43 43 (0) 4 : 0.000050 0.999747 0.000051 0.000051 0.000050 0.000051
44 44 (0) 4 : 0.000048 0.999758 0.000049 0.000049 0.000048 0.000049
45 45 (0) 4 : 0.000049 0.999754 0.000049 0.000049 0.000049 0.000049
46 46 (0) 4 : 0.000049 0.999756 0.000049 0.000049 0.000049 0.000049
47 47 (0) 4 : 0.000050 0.999747 0.000051 0.000051 0.000050 0.000051
48 48 (0) 4 : 0.000048 0.999760 0.000048 0.000048 0.000048 0.000048
49 49 (0) 4 : 0.000047 0.999766 0.000047 0.000047 0.000047 0.000047
50 50 (0) 4 : 0.000048 0.999760 0.000048 0.000048 0.000048 0.000048
51 51 (0) 1 : 0.000032 0.000032 0.000032 0.000032 0.000032 0.999841
52 52 (0) 1 : 0.000034 0.000034 0.000034 0.000034 0.000034 0.999831
53 53 (0) 1 : 0.000054 0.361817 0.000054 0.000054 0.000054 0.637967
54 54 (0) 1 : 0.000037 0.999782 0.000038 0.000037 0.000037 0.000068
55 55 (0) 1 : 0.000058 0.325950 0.000058 0.000058 0.000058 0.673819
56 56 (0) 1 : 0.000036 0.999818 0.000036 0.000036 0.000036 0.000037
57 57 (0) 1 : 0.000034 0.663471 0.000035 0.000035 0.000034 0.336391
58 58 (0) 1 : 0.000047 0.521662 0.000047 0.000047 0.000047 0.478151
59 59 (0) 1 : 0.000045 0.000046 0.000046 0.000045 0.000045 0.999773
60 60 (0) 1 : 0.000047 0.000047 0.000047 0.000047 0.000047 0.999766
61 61 (0) 1 : 0.000033 0.000033 0.000033 0.000033 0.000033 0.999836
62 62 (0) 1 : 0.000042 0.196496 0.000042 0.000042 0.000042 0.803337
63 63 (0) 1 : 0.000044 0.126270 0.000044 0.000044 0.000044 0.873556
64 64 (0) 1 : 0.000048 0.000049 0.000049 0.000048 0.000048 0.999758
65 65 (0) 1 : 0.000047 0.000048 0.000048 0.000048 0.000047 0.999762
66 66 (0) 1 : 0.000053 0.000053 0.000053 0.000053 0.000053 0.999736
67 67 (0) 1 : 0.000046 0.000047 0.000047 0.000047 0.000046 0.999767
68 68 (0) 1 : 0.000054 0.000054 0.000054 0.000054 0.000054 0.999730
69 69 (0) 1 : 0.000058 0.000058 0.000058 0.000058 0.000058 0.999712
70 70 (0) 1 : 0.000044 0.000044 0.000044 0.000044 0.000044 0.999780
71 71 (0) 1 : 0.000051 0.000052 0.000052 0.000052 0.000051 0.999742
72 72 (0) 1 : 0.000050 0.000050 0.000050 0.000050 0.000050 0.999749
73 73 (0) 1 : 0.000047 0.000047 0.000047 0.000047 0.000047 0.999766
74 74 (0) 1 : 0.000033 0.000033 0.000033 0.000033 0.000033 0.999834
75 75 (0) 1 : 0.000033 0.000033 0.000033 0.000033 0.000033 0.999836
76 76 (0) 1 : 0.000064 0.000065 0.000065 0.000065 0.000064 0.999677
77 77 (0) 1 : 0.000050 0.000051 0.000051 0.000051 0.000050 0.999748
78 78 (0) 1 : 0.000050 0.000050 0.000050 0.000050 0.000050 0.999751
79 79 (0) 1 : 0.000041 0.367525 0.000041 0.000041 0.000041 0.632310
80 80 (0) 1 : 0.000033 0.000033 0.000033 0.000033 0.000033 0.999837
81 81 (0) 1 : 0.000033 0.000033 0.000033 0.000033 0.000033 0.999837
82 82 (0) 1 : 0.000037 0.000037 0.000037 0.000037 0.000037 0.999817
83 83 (0) 1 : 0.000047 0.000047 0.000047 0.000047 0.000047 0.999763
84 84 (0) 1 : 0.000065 0.000065 0.000065 0.000065 0.000065 0.999677
85 85 (0) 1 : 0.000033 0.000033 0.000033 0.000033 0.000033 0.999833
86 86 (0) 1 : 0.000033 0.000033 0.000033 0.000033 0.000033 0.999836
87 87 (0) 5 : 0.000051 0.999746 0.000051 0.000051 0.000051 0.000051
88 88 (0) 5 : 0.000044 0.999781 0.000044 0.000044 0.000044 0.000044
89 89 (0) 5 : 0.000034 0.999828 0.000034 0.000034 0.000034 0.000035
90 90 (0) 5 : 0.000050 0.999748 0.000050 0.000050 0.000050 0.000050
91 91 (0) 5 : 0.000048 0.999760 0.000048 0.000048 0.000048 0.000048
92 92 (0) 5 : 0.000039 0.999807 0.000039 0.000039 0.000039 0.000039
93 93 (0) 5 : 0.000054 0.999729 0.000054 0.000054 0.000054 0.000054
94 94 (0) 5 : 0.000040 0.893150 0.000040 0.000040 0.000040 0.106689
95 95 (0) 5 : 0.000052 0.999740 0.000052 0.000052 0.000052 0.000052
96 96 (0) 5 : 0.000046 0.999769 0.000046 0.000046 0.000046 0.000046
97 97 (0) 6 : 0.000046 0.000046 0.000046 0.000046 0.000046 0.999771
98 98 (0) 6 : 0.000044 0.000044 0.000044 0.000044 0.000044 0.999780
99 99 (0) 6 : 0.000044 0.000045 0.000045 0.000044 0.000044 0.999778
100 100 (0) 6 : 0.000036 0.000036 0.000036 0.000036 0.000036 0.999821
101 101 (0) 6 : 0.000036 0.000036 0.000036 0.000036 0.000036 0.999821
102 102 (0) 6 : 0.000034 0.000034 0.000034 0.000034 0.000034 0.999831
103 103 (0) 6 : 0.000045 0.000045 0.000045 0.000045 0.000045 0.999774
104 104 (0) 6 : 0.000048 0.000048 0.000048 0.000048 0.000048 0.999762
105 105 (0) 6 : 0.000047 0.000047 0.000047 0.000047 0.000047 0.999766
106 106 (0) 6 : 0.000053 0.000053 0.000053 0.000053 0.000053 0.999737
107 107 (0) 6 : 0.000047 0.000047 0.000047 0.000047 0.000047 0.999765
108 108 (0) 6 : 0.000049 0.000050 0.000050 0.000050 0.000049 0.999753
109 109 (0) 6 : 0.000048 0.000049 0.000049 0.000049 0.000048 0.999757
110 110 (0) 2 : 0.000037 0.000037 0.852388 0.000037 0.000037 0.147463
111 111 (0) 2 : 0.000048 0.000048 0.999760 0.000048 0.000048 0.000048
112 112 (0) 2 : 0.000049 0.000049 0.999756 0.000049 0.000049 0.000049
113 113 (0) 2 : 0.000044 0.000045 0.999777 0.000045 0.000044 0.000045
114 114 (0) 2 : 0.000046 0.000047 0.999767 0.000047 0.000046 0.000047
115 115 (0) 3 : 0.000033 0.000033 0.000033 0.999834 0.000033 0.000033
1 1 (0) 1 : 0.999757 0.000049 0.000048 0.000048 0.000048 0.000049
2 2 (0) 1 : 0.999768 0.000046 0.000046 0.000046 0.000046 0.000046
3 3 (0) 1 : 0.999754 0.000049 0.000049 0.000049 0.000049 0.000049
4 4 (0) 1 : 0.999753 0.000050 0.000049 0.000049 0.000049 0.000050
5 5 (0) 1 : 0.999742 0.000052 0.000052 0.000052 0.000052 0.000052
6 6 (0) 1 : 0.999752 0.000050 0.000050 0.000050 0.000050 0.000050
7 7 (0) 1 : 0.999733 0.000054 0.000053 0.000053 0.000053 0.000054
8 8 (0) 1 : 0.999812 0.000038 0.000038 0.000038 0.000038 0.000038
9 9 (0) 1 : 0.999823 0.000035 0.000035 0.000035 0.000035 0.000035
10 10 (0) 1 : 0.999794 0.000041 0.000041 0.000041 0.000041 0.000041
11 11 (0) 1 : 0.999759 0.000048 0.000048 0.000048 0.000048 0.000048
12 12 (0) 1 : 0.999802 0.000040 0.000040 0.000040 0.000040 0.000040
13 13 (0) 1 : 0.999764 0.000047 0.000047 0.000047 0.000047 0.000047
14 14 (0) 1 : 0.999761 0.000048 0.000048 0.000048 0.000048 0.000048
15 15 (0) 1 : 0.999760 0.000048 0.000048 0.000048 0.000048 0.000048
16 16 (0) 1 : 0.999747 0.000051 0.000050 0.000050 0.000050 0.000051
17 17 (0) 1 : 0.999726 0.000055 0.000055 0.000055 0.000055 0.000055
18 18 (0) 2 : 0.000037 0.999814 0.000037 0.000037 0.000037 0.000037
19 19 (0) 2 : 0.000048 0.999760 0.000048 0.000048 0.000048 0.000048
20 20 (0) 3 : 0.934670 0.065179 0.000038 0.000038 0.000038 0.000038
21 21 (0) 3 : 0.955259 0.044583 0.000039 0.000039 0.000039 0.000040
22 22 (0) 2 : 0.000049 0.999755 0.000049 0.000049 0.000049 0.000049
23 23 (0) 2 : 0.000038 0.999811 0.000038 0.000038 0.000038 0.000038
24 24 (0) 2 : 0.000037 0.999818 0.000036 0.000036 0.000036 0.000037
25 25 (0) 4 : 0.119389 0.000044 0.000044 0.000044 0.000044 0.880436
26 26 (0) 4 : 0.000042 0.000038 0.000038 0.000038 0.000038 0.999805
27 27 (0) 4 : 0.000057 0.000056 0.000056 0.000056 0.000056 0.999719
28 28 (0) 4 : 0.000050 0.000050 0.000049 0.000049 0.000049 0.999753
29 29 (0) 4 : 0.000058 0.000058 0.000058 0.000058 0.000058 0.999710
30 30 (0) 4 : 0.127259 0.000065 0.000065 0.000065 0.000065 0.872481
31 31 (0) 4 : 0.000053 0.000053 0.000053 0.000053 0.000053 0.999736
32 32 (0) 4 : 0.000055 0.000055 0.000055 0.000055 0.000055 0.999724
33 33 (0) 4 : 0.000047 0.000047 0.000047 0.000047 0.000047 0.999763
34 34 (0) 4 : 0.100177 0.000038 0.000036 0.000036 0.000036 0.899676
35 35 (0) 4 : 0.147368 0.000037 0.000035 0.000035 0.000035 0.852490
36 36 (0) 4 : 0.000035 0.000035 0.000035 0.000035 0.000035 0.999824
37 37 (0) 4 : 0.000036 0.000036 0.000036 0.000036 0.000036 0.999822
38 38 (0) 4 : 0.000045 0.000045 0.000045 0.000045 0.000045 0.999774
39 39 (0) 4 : 0.000038 0.000038 0.000037 0.000037 0.000037 0.999813
40 40 (0) 4 : 0.000035 0.000035 0.000035 0.000035 0.000035 0.999825
41 41 (0) 4 : 0.000050 0.000050 0.000050 0.000050 0.000050 0.999751
42 42 (0) 4 : 0.000049 0.000048 0.000048 0.000048 0.000048 0.999759
43 43 (0) 4 : 0.000051 0.000051 0.000050 0.000050 0.000050 0.999748
44 44 (0) 4 : 0.000049 0.000049 0.000048 0.000048 0.000048 0.999758
45 45 (0) 4 : 0.000049 0.000049 0.000049 0.000049 0.000049 0.999754
46 46 (0) 4 : 0.064365 0.000049 0.000049 0.000049 0.000049 0.935440
47 47 (0) 4 : 0.000051 0.000051 0.000050 0.000050 0.000050 0.999747
48 48 (0) 4 : 0.149519 0.000048 0.000048 0.000048 0.000048 0.850289
49 49 (0) 4 : 0.000047 0.000047 0.000047 0.000047 0.000047 0.999766
50 50 (0) 4 : 0.000048 0.000048 0.000048 0.000048 0.000048 0.999760
51 51 (0) 1 : 0.999841 0.000032 0.000032 0.000032 0.000032 0.000032
52 52 (0) 1 : 0.999831 0.000034 0.000034 0.000034 0.000034 0.000034
53 53 (0) 1 : 0.725764 0.000054 0.000054 0.000054 0.000054 0.274021
54 54 (0) 1 : 0.390595 0.000038 0.000037 0.000037 0.000037 0.609256
55 55 (0) 1 : 0.756032 0.000058 0.000058 0.000058 0.000058 0.243737
56 56 (0) 1 : 0.413237 0.000036 0.000036 0.000036 0.000036 0.586618
57 57 (0) 1 : 0.454198 0.000035 0.000034 0.000034 0.000034 0.545664
58 58 (0) 1 : 0.569006 0.000047 0.000047 0.000047 0.000047 0.430806
59 59 (0) 1 : 0.960732 0.000045 0.000045 0.000045 0.000045 0.039086
60 60 (0) 1 : 0.999767 0.000047 0.000047 0.000047 0.000047 0.000047
61 61 (0) 1 : 0.999836 0.000033 0.000033 0.000033 0.000033 0.000033
62 62 (0) 1 : 0.828472 0.000042 0.000042 0.000042 0.000042 0.171362
63 63 (0) 1 : 0.876958 0.000044 0.000044 0.000044 0.000044 0.122867
64 64 (0) 1 : 0.999758 0.000049 0.000048 0.000048 0.000048 0.000049
65 65 (0) 1 : 0.999762 0.000048 0.000047 0.000047 0.000047 0.000048
66 66 (0) 1 : 0.999736 0.000053 0.000053 0.000053 0.000053 0.000053
67 67 (0) 1 : 0.999767 0.000047 0.000046 0.000046 0.000046 0.000047
68 68 (0) 1 : 0.999731 0.000054 0.000054 0.000054 0.000054 0.000054
69 69 (0) 1 : 0.999712 0.000058 0.000058 0.000058 0.000058 0.000058
70 70 (0) 1 : 0.999781 0.000044 0.000044 0.000044 0.000044 0.000044
71 71 (0) 1 : 0.999742 0.000052 0.000051 0.000051 0.000051 0.000052
72 72 (0) 1 : 0.999749 0.000050 0.000050 0.000050 0.000050 0.000050
73 73 (0) 1 : 0.999766 0.000047 0.000047 0.000047 0.000047 0.000047
74 74 (0) 1 : 0.999834 0.000033 0.000033 0.000033 0.000033 0.000033
75 75 (0) 1 : 0.999836 0.000033 0.000033 0.000033 0.000033 0.000033
76 76 (0) 1 : 0.999677 0.000065 0.000064 0.000064 0.000064 0.000065
77 77 (0) 1 : 0.999748 0.000051 0.000050 0.000050 0.000050 0.000051
78 78 (0) 1 : 0.999751 0.000050 0.000050 0.000050 0.000050 0.000050
79 79 (0) 1 : 0.702456 0.000041 0.000041 0.000041 0.000041 0.297378
80 80 (0) 1 : 0.999837 0.000033 0.000033 0.000033 0.000033 0.000033
81 81 (0) 1 : 0.999837 0.000033 0.000033 0.000033 0.000033 0.000033
82 82 (0) 1 : 0.999807 0.000047 0.000037 0.000037 0.000037 0.000037
83 83 (0) 1 : 0.999763 0.000047 0.000047 0.000047 0.000047 0.000047
84 84 (0) 1 : 0.943642 0.000065 0.000065 0.000065 0.000065 0.056099
85 85 (0) 1 : 0.999833 0.000033 0.000033 0.000033 0.000033 0.000033
86 86 (0) 1 : 0.999836 0.000033 0.000033 0.000033 0.000033 0.000033
87 87 (0) 5 : 0.395448 0.000051 0.000051 0.000051 0.000051 0.604348
88 88 (0) 5 : 0.260991 0.000082 0.000044 0.000044 0.000044 0.738796
89 89 (0) 5 : 0.408462 0.000035 0.000034 0.000034 0.000034 0.591401
90 90 (0) 5 : 0.074692 0.000054 0.000050 0.000050 0.000050 0.925103
91 91 (0) 5 : 0.000048 0.000048 0.000048 0.000048 0.000048 0.999761
92 92 (0) 5 : 0.302628 0.000039 0.000039 0.000039 0.000039 0.697218
93 93 (0) 5 : 0.177031 0.000054 0.000054 0.000054 0.000054 0.822753
94 94 (0) 5 : 0.249827 0.000041 0.000040 0.000040 0.000040 0.750012
95 95 (0) 5 : 0.000052 0.000054 0.000052 0.000052 0.000052 0.999738
96 96 (0) 5 : 0.123726 0.000056 0.000046 0.000046 0.000046 0.876081
97 97 (0) 6 : 0.999771 0.000046 0.000046 0.000046 0.000046 0.000046
98 98 (0) 6 : 0.999780 0.000044 0.000044 0.000044 0.000044 0.000044
99 99 (0) 6 : 0.999778 0.000045 0.000044 0.000044 0.000044 0.000045
100 100 (0) 6 : 0.999821 0.000036 0.000036 0.000036 0.000036 0.000036
101 101 (0) 6 : 0.999821 0.000036 0.000036 0.000036 0.000036 0.000036
102 102 (0) 6 : 0.999831 0.000034 0.000034 0.000034 0.000034 0.000034
103 103 (0) 6 : 0.999775 0.000045 0.000045 0.000045 0.000045 0.000045
104 104 (0) 6 : 0.999762 0.000048 0.000048 0.000048 0.000048 0.000048
105 105 (0) 6 : 0.999766 0.000047 0.000047 0.000047 0.000047 0.000047
106 106 (0) 6 : 0.999737 0.000053 0.000053 0.000053 0.000053 0.000053
107 107 (0) 6 : 0.999765 0.000047 0.000047 0.000047 0.000047 0.000047
108 108 (0) 6 : 0.999753 0.000050 0.000049 0.000049 0.000049 0.000050
109 109 (0) 6 : 0.999757 0.000049 0.000048 0.000048 0.000048 0.000049
110 110 (0) 2 : 0.176865 0.822986 0.000037 0.000037 0.000037 0.000037
111 111 (0) 2 : 0.000048 0.999760 0.000048 0.000048 0.000048 0.000048
112 112 (0) 2 : 0.000049 0.999756 0.000049 0.000049 0.000049 0.000049
113 113 (0) 2 : 0.000045 0.999777 0.000044 0.000044 0.000044 0.000045
114 114 (0) 2 : 0.000047 0.999767 0.000046 0.000046 0.000046 0.000047
115 115 (0) 3 : 0.933358 0.066509 0.000033 0.000033 0.000033 0.000033
1 1 (0) 1 : 0.999757 0.000048 0.000048 0.000049 0.000049 0.000049
2 2 (0) 1 : 0.999768 0.000046 0.000046 0.000046 0.000046 0.000046
3 3 (0) 1 : 0.999754 0.000049 0.000049 0.000049 0.000049 0.000049
4 4 (0) 1 : 0.999753 0.000049 0.000049 0.000050 0.000050 0.000050
5 5 (0) 1 : 0.999742 0.000051 0.000051 0.000052 0.000052 0.000052
6 6 (0) 1 : 0.999751 0.000050 0.000050 0.000050 0.000050 0.000050
7 7 (0) 1 : 0.999732 0.000053 0.000053 0.000054 0.000054 0.000054
8 8 (0) 1 : 0.999811 0.000038 0.000038 0.000038 0.000038 0.000038
9 9 (0) 1 : 0.999823 0.000035 0.000035 0.000035 0.000035 0.000035
10 10 (0) 1 : 0.999793 0.000041 0.000041 0.000041 0.000041 0.000041
11 11 (0) 1 : 0.999758 0.000048 0.000048 0.000048 0.000048 0.000048
12 12 (0) 1 : 0.999802 0.000040 0.000040 0.000040 0.000040 0.000040
13 13 (0) 1 : 0.999763 0.000047 0.000047 0.000047 0.000047 0.000047
14 14 (0) 1 : 0.999761 0.000048 0.000048 0.000048 0.000048 0.000048
15 15 (0) 1 : 0.999760 0.000048 0.000048 0.000048 0.000048 0.000048
16 16 (0) 1 : 0.999747 0.000050 0.000050 0.000051 0.000051 0.000051
17 17 (0) 1 : 0.999725 0.000055 0.000055 0.000055 0.000055 0.000055
18 18 (0) 2 : 0.000037 0.000037 0.000037 0.000037 0.000037 0.999814
19 19 (0) 2 : 0.000048 0.000048 0.000048 0.000048 0.000048 0.999760
20 20 (0) 3 : 0.921317 0.000038 0.000038 0.000038 0.000038 0.078531
21 21 (0) 3 : 0.946651 0.000039 0.000039 0.000040 0.000040 0.053190
22 22 (0) 2 : 0.000049 0.000049 0.000049 0.000049 0.000049 0.999755
23 23 (0) 2 : 0.000038 0.000038 0.000038 0.000038 0.000038 0.999811
24 24 (0) 2 : 0.000037 0.000036 0.000036 0.000037 0.000037 0.999818
25 25 (0) 4 : 0.000044 0.000044 0.000044 0.000044 0.999781 0.000044
26 26 (0) 4 : 0.000038 0.000038 0.000038 0.000038 0.999809 0.000038
27 27 (0) 4 : 0.000056 0.000056 0.000056 0.000056 0.999719 0.000056
28 28 (0) 4 : 0.000050 0.000049 0.000049 0.000050 0.999753 0.000050
29 29 (0) 4 : 0.000058 0.000058 0.000058 0.000058 0.999710 0.000058
30 30 (0) 4 : 0.000065 0.000065 0.000065 0.000065 0.999675 0.000065
31 31 (0) 4 : 0.000053 0.000053 0.000053 0.000053 0.999735 0.000053
32 32 (0) 4 : 0.000056 0.000055 0.000055 0.000055 0.999723 0.000056
33 33 (0) 4 : 0.000047 0.000047 0.000047 0.000047 0.999763 0.000047
34 34 (0) 4 : 0.000036 0.000036 0.000036 0.000036 0.999818 0.000037
35 35 (0) 4 : 0.000035 0.000035 0.000035 0.000035 0.999824 0.000036
36 36 (0) 4 : 0.000035 0.000035 0.000035 0.000035 0.999824 0.000035
37 37 (0) 4 : 0.000036 0.000036 0.000036 0.000036 0.999822 0.000036
38 38 (0) 4 : 0.000045 0.000045 0.000045 0.000045 0.999774 0.000045
39 39 (0) 4 : 0.000038 0.000037 0.000037 0.000038 0.999813 0.000038
40 40 (0) 4 : 0.000035 0.000035 0.000035 0.000035 0.999824 0.000035
41 41 (0) 4 : 0.000050 0.000050 0.000050 0.000050 0.999751 0.000050
42 42 (0) 4 : 0.000048 0.000048 0.000048 0.000048 0.999758 0.000048
43 43 (0) 4 : 0.000051 0.000050 0.000050 0.000051 0.999747 0.000051
44 44 (0) 4 : 0.000049 0.000048 0.000048 0.000049 0.999757 0.000049
45 45 (0) 4 : 0.000049 0.000049 0.000049 0.000049 0.999754 0.000049
46 46 (0) 4 : 0.000049 0.000049 0.000049 0.000049 0.972435 0.027370
47 47 (0) 4 : 0.000051 0.000050 0.000050 0.000051 0.999747 0.000051
48 48 (0) 4 : 0.000049 0.000048 0.000048 0.000048 0.788165 0.211643
49 49 (0) 4 : 0.000047 0.000047 0.000047 0.000047 0.999766 0.000047
50 50 (0) 4 : 0.000048 0.000048 0.000048 0.000048 0.999759 0.000048
51 51 (0) 1 : 0.999841 0.000032 0.000032 0.000032 0.000032 0.000032
52 52 (0) 1 : 0.999831 0.000034 0.000034 0.000034 0.000034 0.000034
53 53 (0) 1 : 0.715194 0.000054 0.000054 0.000054 0.000054 0.284591
54 54 (0) 1 : 0.000038 0.000037 0.000037 0.000038 0.617440 0.382411
55 55 (0) 1 : 0.916032 0.000058 0.000058 0.000058 0.000058 0.083737
56 56 (0) 1 : 0.496598 0.000036 0.000036 0.000036 0.503257 0.000037
57 57 (0) 1 : 0.537054 0.000034 0.000034 0.000035 0.462808 0.000035
58 58 (0) 1 : 0.644924 0.000047 0.000047 0.000047 0.354889 0.000047
59 59 (0) 1 : 0.999772 0.000045 0.000045 0.000045 0.000046 0.000046
60 60 (0) 1 : 0.999766 0.000047 0.000047 0.000047 0.000047 0.000047
61 61 (0) 1 : 0.999836 0.000033 0.000033 0.000033 0.000033 0.000033
62 62 (0) 1 : 0.999792 0.000042 0.000042 0.000042 0.000042 0.000042
63 63 (0) 1 : 0.999782 0.000044 0.000044 0.000044 0.000044 0.000044
64 64 (0) 1 : 0.999758 0.000048 0.000048 0.000049 0.000049 0.000049
65 65 (0) 1 : 0.999762 0.000047 0.000047 0.000048 0.000048 0.000048
66 66 (0) 1 : 0.999736 0.000053 0.000053 0.000053 0.000053 0.000053
67 67 (0) 1 : 0.999767 0.000046 0.000046 0.000047 0.000047 0.000047
68 68 (0) 1 : 0.999730 0.000054 0.000054 0.000054 0.000054 0.000054
69 69 (0) 1 : 0.999712 0.000057 0.000057 0.000058 0.000058 0.000058
70 70 (0) 1 : 0.999780 0.000044 0.000044 0.000044 0.000044 0.000044
71 71 (0) 1 : 0.999742 0.000051 0.000051 0.000052 0.000052 0.000052
72 72 (0) 1 : 0.999749 0.000050 0.000050 0.000050 0.000050 0.000050
73 73 (0) 1 : 0.999766 0.000047 0.000047 0.000047 0.000047 0.000047
74 74 (0) 1 : 0.999834 0.000033 0.000033 0.000033 0.000033 0.000033
75 75 (0) 1 : 0.999836 0.000033 0.000033 0.000033 0.000033 0.000033
76 76 (0) 1 : 0.999677 0.000064 0.000064 0.000065 0.000065 0.000065
77 77 (0) 1 : 0.999748 0.000050 0.000050 0.000051 0.000051 0.000051
78 78 (0) 1 : 0.999751 0.000050 0.000050 0.000050 0.000050 0.000050
79 79 (0) 1 : 0.877382 0.000041 0.000041 0.000041 0.000042 0.122452
80 80 (0) 1 : 0.999837 0.000033 0.000033 0.000033 0.000033 0.000033
81 81 (0) 1 : 0.999837 0.000033 0.000033 0.000033 0.000033 0.000033
82 82 (0) 1 : 0.999817 0.000037 0.000037 0.000037 0.000037 0.000037
83 83 (0) 1 : 0.896094 0.000047 0.000047 0.103717 0.000048 0.000048
84 84 (0) 1 : 0.999678 0.000064 0.000064 0.000065 0.000065 0.000064
85 85 (0) 1 : 0.999833 0.000033 0.000033 0.000033 0.000033 0.000033
86 86 (0) 1 : 0.999836 0.000033 0.000033 0.000033 0.000033 0.000033
87 87 (0) 5 : 0.380213 0.000051 0.000051 0.000051 0.000051 0.619584
88 88 (0) 5 : 0.000044 0.000044 0.000044 0.000044 0.000044 0.999781
89 89 (0) 5 : 0.373673 0.000034 0.000034 0.000034 0.000034 0.626189
90 90 (0) 5 : 0.000051 0.000050 0.000050 0.000050 0.737925 0.261874
91 91 (0) 5 : 0.000048 0.000048 0.000048 0.000048 0.900711 0.099097
92 92 (0) 5 : 0.237025 0.000039 0.000039 0.000039 0.409656 0.353203
93 93 (0) 5 : 0.000054 0.000054 0.000054 0.000054 0.495888 0.503896
94 94 (0) 5 : 0.000040 0.000040 0.000040 0.000040 0.000040 0.999799
95 95 (0) 5 : 0.000052 0.000052 0.000052 0.000052 0.889019 0.110773
96 96 (0) 5 : 0.000046 0.000046 0.000046 0.000046 0.550152 0.449664
97 97 (0) 6 : 0.000046 0.000046 0.000046 0.999771 0.000046 0.000046
98 98 (0) 6 : 0.000044 0.000044 0.000044 0.999780 0.000044 0.000044
99 99 (0) 6 : 0.000045 0.000044 0.000044 0.999778 0.000045 0.000045
100 100 (0) 6 : 0.000036 0.000036 0.000036 0.999821 0.000036 0.000036
101 101 (0) 6 : 0.714684 0.000036 0.000036 0.285172 0.000036 0.000036
102 102 (0) 6 : 0.000034 0.000034 0.000034 0.999831 0.000034 0.000034
103 103 (0) 6 : 0.000045 0.000045 0.000045 0.999774 0.000045 0.000045
104 104 (0) 6 : 0.000048 0.000047 0.000047 0.999762 0.000048 0.000048
105 105 (0) 6 : 0.000047 0.000047 0.000047 0.999766 0.000047 0.000047
106 106 (0) 6 : 0.000053 0.000052 0.000052 0.999737 0.000053 0.000053
107 107 (0) 6 : 0.000047 0.000047 0.000047 0.999765 0.000047 0.000047
108 108 (0) 6 : 0.000050 0.000049 0.000049 0.999752 0.000050 0.000050
109 109 (0) 6 : 0.000049 0.000048 0.000048 0.999757 0.000049 0.000049
110 110 (0) 2 : 0.000037 0.000037 0.000037 0.000037 0.000037 0.999813
111 111 (0) 2 : 0.000048 0.000048 0.000048 0.000048 0.000048 0.999760
112 112 (0) 2 : 0.000049 0.000049 0.000049 0.000049 0.000049 0.999756
113 113 (0) 2 : 0.000045 0.000044 0.000044 0.000045 0.000045 0.999777
114 114 (0) 2 : 0.000047 0.000046 0.000046 0.000047 0.000047 0.999767
115 115 (0) 3 : 0.919664 0.000033 0.000033 0.000033 0.000033 0.080203
1 1 (0) 1 : 0.999757 0.000049 0.000048 0.000048 0.000049 0.000049
2 2 (0) 1 : 0.999768 0.000046 0.000046 0.000046 0.000046 0.000046
3 3 (0) 1 : 0.999754 0.000049 0.000049 0.000049 0.000049 0.000049
4 4 (0) 1 : 0.999753 0.000050 0.000049 0.000049 0.000050 0.000050
5 5 (0) 1 : 0.999742 0.000052 0.000051 0.000051 0.000052 0.000052
6 6 (0) 1 : 0.999752 0.000050 0.000050 0.000050 0.000050 0.000050
7 7 (0) 1 : 0.999732 0.000054 0.000053 0.000053 0.000054 0.000054
8 8 (0) 1 : 0.999811 0.000038 0.000038 0.000038 0.000038 0.000038
9 9 (0) 1 : 0.999823 0.000035 0.000035 0.000035 0.000035 0.000035
10 10 (0) 1 : 0.999793 0.000041 0.000041 0.000041 0.000041 0.000041
11 11 (0) 1 : 0.999758 0.000048 0.000048 0.000048 0.000048 0.000048
12 12 (0) 1 : 0.999802 0.000040 0.000040 0.000040 0.000040 0.000040
13 13 (0) 1 : 0.999763 0.000047 0.000047 0.000047 0.000047 0.000047
14 14 (0) 1 : 0.999761 0.000048 0.000048 0.000048 0.000048 0.000048
15 15 (0) 1 : 0.999760 0.000048 0.000048 0.000048 0.000048 0.000048
16 16 (0) 1 : 0.999747 0.000051 0.000050 0.000050 0.000051 0.000051
17 17 (0) 1 : 0.999725 0.000055 0.000055 0.000055 0.000055 0.000055
18 18 (0) 2 : 0.000037 0.000037 0.000037 0.000037 0.999814 0.000037
19 19 (0) 2 : 0.000048 0.000048 0.000048 0.000048 0.999760 0.000048
20 20 (0) 3 : 0.999810 0.000038 0.000038 0.000038 0.000038 0.000038
21 21 (0) 3 : 0.999802 0.000040 0.000039 0.000039 0.000040 0.000040
22 22 (0) 2 : 0.000049 0.000049 0.000049 0.000049 0.999755 0.000049
23 23 (0) 2 : 0.000038 0.000038 0.000038 0.000038 0.999811 0.000038
24 24 (0) 2 : 0.000037 0.000037 0.000036 0.000036 0.999818 0.000037
25 25 (0) 4 : 0.000044 0.000044 0.000044 0.000044 0.000044 0.999782
26 26 (0) 4 : 0.000038 0.000038 0.000038 0.000038 0.000038 0.999809
27 27 (0) 4 : 0.000056 0.000056 0.000056 0.000056 0.000056 0.999719
28 28 (0) 4 : 0.000050 0.000050 0.000049 0.000049 0.000050 0.999753
29 29 (0) 4 : 0.000058 0.000058 0.000058 0.000058 0.000058 0.999710
30 30 (0) 4 : 0.129604 0.000065 0.000065 0.000065 0.000065 0.870137
31 31 (0) 4 : 0.000053 0.000053 0.000053 0.000053 0.000053 0.999735
32 32 (0) 4 : 0.000055 0.000055 0.000055 0.000055 0.000055 0.999724
33 33 (0) 4 : 0.000047 0.000047 0.000047 0.000047 0.000047 0.999763
34 34 (0) 4 : 0.000036 0.000036 0.000036 0.000036 0.000036 0.999818
35 35 (0) 4 : 0.000035 0.000035 0.000035 0.000035 0.000035 0.999825
36 36 (0) 4 : 0.000035 0.000035 0.000035 0.000035 0.000035 0.999824
37 37 (0) 4 : 0.000036 0.000036 0.000036 0.000036 0.000036 0.999822
38 38 (0) 4 : 0.000045 0.000045 0.000045 0.000045 0.000045 0.999774
39 39 (0) 4 : 0.000038 0.000038 0.000037 0.000037 0.000038 0.999813
40 40 (0) 4 : 0.000035 0.000035 0.000035 0.000035 0.000035 0.999824
41 41 (0) 4 : 0.000050 0.000050 0.000050 0.000050 0.000050 0.999751
42 42 (0) 4 : 0.000048 0.000048 0.000048 0.000048 0.000048 0.999758
43 43 (0) 4 : 0.000051 0.000051 0.000050 0.000050 0.000051 0.999747
44 44 (0) 4 : 0.000049 0.000049 0.000048 0.000048 0.000049 0.999757
45 45 (0) 4 : 0.000049 0.000049 0.000049 0.000049 0.000049 0.999754
46 46 (0) 4 : 0.077993 0.000049 0.000049 0.000049 0.000049 0.921812
47 47 (0) 4 : 0.000051 0.000051 0.000050 0.000050 0.000051 0.999747
48 48 (0) 4 : 0.092404 0.000048 0.000048 0.000048 0.000048 0.907404
49 49 (0) 4 : 0.000047 0.000047 0.000047 0.000047 0.000047 0.999766
50 50 (0) 4 : 0.000048 0.000048 0.000048 0.000048 0.000048 0.999759
51 51 (0) 1 : 0.999841 0.000032 0.000032 0.000032 0.000032 0.000032
52 52 (0) 1 : 0.999831 0.000034 0.000034 0.000034 0.000034 0.000034
53 53 (0) 1 : 0.999730 0.000054 0.000054 0.000054 0.000054 0.000054
54 54 (0) 1 : 0.999813 0.000037 0.000037 0.000037 0.000037 0.000038
55 55 (0) 1 : 0.999711 0.000058 0.000058 0.000058 0.000058 0.000058
56 56 (0) 1 : 0.999819 0.000036 0.000036 0.000036 0.000036 0.000036
57 57 (0) 1 : 0.692300 0.000035 0.000034 0.000034 0.000035 0.307562
58 58 (0) 1 : 0.999766 0.000047 0.000047 0.000047 0.000047 0.000047
59 59 (0) 1 : 0.999773 0.000045 0.000045 0.000045 0.000045 0.000046
60 60 (0) 1 : 0.999766 0.000047 0.000047 0.000047 0.000047 0.000047
61 61 (0) 1 : 0.999836 0.000033 0.000033 0.000033 0.000033 0.000033
62 62 (0) 1 : 0.999792 0.000042 0.000042 0.000042 0.000042 0.000042
63 63 (0) 1 : 0.999782 0.000044 0.000044 0.000044 0.000044 0.000044
64 64 (0) 1 : 0.999758 0.000049 0.000048 0.000048 0.000049 0.000049
65 65 (0) 1 : 0.999762 0.000048 0.000047 0.000047 0.000048 0.000048
66 66 (0) 1 : 0.999736 0.000053 0.000053 0.000053 0.000053 0.000053
67 67 (0) 1 : 0.999767 0.000047 0.000046 0.000046 0.000047 0.000047
68 68 (0) 1 : 0.999730 0.000054 0.000054 0.000054 0.000054 0.000054
69 69 (0) 1 : 0.999712 0.000058 0.000058 0.000058 0.000058 0.000058
70 70 (0) 1 : 0.999780 0.000044 0.000044 0.000044 0.000044 0.000044
71 71 (0) 1 : 0.999742 0.000052 0.000051 0.000051 0.000052 0.000052
72 72 (0) 1 : 0.999749 0.000050 0.000050 0.000050 0.000050 0.000050
73 73 (0) 1 : 0.999766 0.000047 0.000047 0.000047 0.000047 0.000047
74 74 (0) 1 : 0.999834 0.000033 0.000033 0.000033 0.000033 0.000033
75 75 (0) 1 : 0.999836 0.000033 0.000033 0.000033 0.000033 0.000033
76 76 (0) 1 : 0.999677 0.000065 0.000064 0.000064 0.000065 0.000065
77 77 (0) 1 : 0.999748 0.000051 0.000050 0.000050 0.000051 0.000051
78 78 (0) 1 : 0.999751 0.000050 0.000050 0.000050 0.000050 0.000050
79 79 (0) 1 : 0.999793 0.000041 0.000041 0.000041 0.000041 0.000041
80 80 (0) 1 : 0.999837 0.000033 0.000033 0.000033 0.000033 0.000033
81 81 (0) 1 : 0.999837 0.000033 0.000033 0.000033 0.000033 0.000033
82 82 (0) 1 : 0.999817 0.000037 0.000037 0.000037 0.000037 0.000037
83 83 (0) 1 : 0.915459 0.084351 0.000047 0.000047 0.000047 0.000047
84 84 (0) 1 : 0.999677 0.000065 0.000064 0.000064 0.000065 0.000065
85 85 (0) 1 : 0.999833 0.000033 0.000033 0.000033 0.000033 0.000033
86 86 (0) 1 : 0.999836 0.000033 0.000033 0.000033 0.000033 0.000033
87 87 (0) 5 : 0.407922 0.000051 0.000051 0.000051 0.000051 0.591875
88 88 (0) 5 : 0.237598 0.000044 0.000044 0.000044 0.000044 0.762226
89 89 (0) 5 : 0.389896 0.000034 0.000034 0.000034 0.000034 0.609967
90 90 (0) 5 : 0.049121 0.000050 0.000050 0.000050 0.000050 0.950678
91 91 (0) 5 : 0.000048 0.000048 0.000048 0.000048 0.000048 0.999760
92 92 (0) 5 : 0.302847 0.000039 0.000039 0.000039 0.000039 0.696999
93 93 (0) 5 : 0.000054 0.000054 0.000054 0.000054 0.000054 0.999729
94 94 (0) 5 : 0.195685 0.000040 0.000040 0.000040 0.000040 0.804154
95 95 (0) 5 : 0.000052 0.000052 0.000052 0.000052 0.000052 0.999740
96 96 (0) 5 : 0.117040 0.000046 0.000046 0.000046 0.000046 0.882776
97 97 (0) 6 : 0.000046 0.999771 0.000046 0.000046 0.000046 0.000046
98 98 (0) 6 : 0.000044 0.999780 0.000044 0.000044 0.000044 0.000044
99 99 (0) 6 : 0.000045 0.999778 0.000044 0.000044 0.000045 0.000045
100 100 (0) 6 : 0.999821 0.000036 0.000036 0.000036 0.000036 0.000036
101 101 (0) 6 : 0.999820 0.000036 0.000036 0.000036 0.000036 0.000036
102 102 (0) 6 : 0.999831 0.000034 0.000034 0.000034 0.000034 0.000034
103 103 (0) 6 : 0.000045 0.999774 0.000045 0.000045 0.000045 0.000045
104 104 (0) 6 : 0.000048 0.999762 0.000047 0.000047 0.000048 0.000048
105 105 (0) 6 : 0.000047 0.999766 0.000047 0.000047 0.000047 0.000047
106 106 (0) 6 : 0.000053 0.999737 0.000052 0.000052 0.000053 0.000053
107 107 (0) 6 : 0.000047 0.999765 0.000047 0.000047 0.000047 0.000047
108 108 (0) 6 : 0.000050 0.999752 0.000049 0.000049 0.000050 0.000050
109 109 (0) 6 : 0.000049 0.999757 0.000048 0.000048 0.000049 0.000049
110 110 (0) 2 : 0.193540 0.000037 0.000037 0.000037 0.806311 0.000037
111 111 (0) 2 : 0.000048 0.000048 0.000048 0.000048 0.999760 0.000048
112 112 (0) 2 : 0.000049 0.000049 0.000049 0.000049 0.999756 0.000049
113 113 (0) 2 : 0.000045 0.000045 0.000044 0.000044 0.999777 0.000045
114 114 (0) 2 : 0.000047 0.000047 0.000046 0.000046 0.999767 0.000047
115 115 (0) 3 : 0.991303 0.000033 0.000033 0.000033 0.008564 0.000033
