1 1 (0) 1 : 0.000036 0.000036 0.000036 0.999747 0.000036 0.000036 0.000036 0.000036
2 2 (0) 1 : 0.000035 0.000034 0.000034 0.999758 0.000034 0.000034 0.000034 0.000035
3 3 (0) 1 : 0.000037 0.000037 0.000037 0.999744 0.000037 0.000037 0.000037 0.000037
4 4 (0) 1 : 0.000037 0.000037 0.000037 0.999742 0.000037 0.000037 0.000037 0.000037
5 5 (0) 1 : 0.000038 0.000038 0.000038 0.999731 0.000038 0.000038 0.000038 0.000038
6 6 (0) 1 : 0.000037 0.000037 0.000037 0.999741 0.000037 0.000037 0.000037 0.000037
7 7 (0) 1 : 0.000040 0.000040 0.000040 0.999721 0.000040 0.000040 0.000040 0.000040
8 8 (0) 1 : 0.000028 0.000028 0.000028 0.999803 0.000028 0.000028 0.000028 0.000028
9 9 (0) 1 : 0.000026 0.000026 0.000026 0.999816 0.000026 0.000026 0.000026 0.000026
10 10 (0) 1 : 0.000031 0.000031 0.000031 0.999785 0.000031 0.000031 0.000031 0.000031
11 11 (0) 1 : 0.000036 0.000036 0.000036 0.999748 0.000036 0.000036 0.000036 0.000036
12 12 (0) 1 : 0.000030 0.000030 0.000030 0.999793 0.000030 0.000030 0.000030 0.000030
13 13 (0) 1 : 0.000035 0.000035 0.000035 0.999753 0.000035 0.000035 0.000035 0.000035
14 14 (0) 1 : 0.000036 0.000036 0.000036 0.999751 0.000036 0.000036 0.000036 0.000036
15 15 (0) 1 : 0.000036 0.000036 0.000036 0.999750 0.000036 0.000036 0.000036 0.000036
16 16 (0) 1 : 0.000038 0.000038 0.000038 0.999736 0.000038 0.000038 0.000038 0.000038
17 17 (0) 1 : 0.000041 0.000041 0.000041 0.999714 0.000041 0.000041 0.000041 0.000041
18 18 (0) 2 : 0.000028 0.000028 0.000028 0.000028 0.000028 0.000028 0.000028 0.999806
19 19 (0) 2 : 0.000036 0.000036 0.000036 0.000036 0.000036 0.000036 0.000036 0.999750
20 20 (0) 3 : 0.000028 0.000028 0.000028 0.934240 0.000028 0.000028 0.000028 0.065591
21 21 (0) 3 : 0.000029 0.000029 0.000029 0.954956 0.000029 0.000029 0.000029 0.044867
22 22 (0) 2 : 0.000037 0.000037 0.000037 0.000037 0.000037 0.000037 0.000037 0.999744
23 23 (0) 2 : 0.000028 0.000028 0.000028 0.000028 0.000028 0.000028 0.000028 0.999803
24 24 (0) 2 : 0.000027 0.000027 0.000027 0.000027 0.000027 0.000027 0.000027 0.999810
25 25 (0) 4 : 0.891603 0.000033 0.000033 0.108202 0.000033 0.000033 0.000033 0.000033
26 26 (0) 4 : 0.999801 0.000028 0.000028 0.000028 0.000028 0.000028 0.000028 0.000028
27 27 (0) 4 : 0.999707 0.000042 0.000042 0.000042 0.000042 0.000042 0.000042 0.000042
28 28 (0) 4 : 0.999742 0.000037 0.000037 0.000037 0.000037 0.000037 0.000037 0.000037
29 29 (0) 4 : 0.999698 0.000043 0.000043 0.000043 0.000043 0.000043 0.000043 0.000043
30 30 (0) 4 : 0.882979 0.000048 0.000048 0.116732 0.000048 0.000048 0.000048 0.000048
31 31 (0) 4 : 0.999724 0.000039 0.000039 0.000039 0.000039 0.000039 0.000039 0.000039
32 32 (0) 4 : 0.999712 0.000041 0.000041 0.000041 0.000041 0.000041 0.000041 0.000041
33 33 (0) 4 : 0.999753 0.000035 0.000035 0.000035 0.000035 0.000035 0.000035 0.000035
34 34 (0) 4 : 0.914682 0.000027 0.000027 0.085156 0.000027 0.000027 0.000027 0.000027
35 35 (0) 4 : 0.866168 0.000026 0.000026 0.133675 0.000026 0.000026 0.000026 0.000026
36 36 (0) 4 : 0.999817 0.000026 0.000026 0.000026 0.000026 0.000026 0.000026 0.000026
37 37 (0) 4 : 0.999814 0.000027 0.000027 0.000027 0.000027 0.000027 0.000027 0.000027
38 38 (0) 4 : 0.999765 0.000034 0.000034 0.000034 0.000034 0.000034 0.000034 0.000034
39 39 (0) 4 : 0.999805 0.000028 0.000028 0.000028 0.000028 0.000028 0.000028 0.000028
40 40 (0) 4 : 0.999817 0.000026 0.000026 0.000026 0.000026 0.000026 0.000026 0.000026
41 41 (0) 4 : 0.999740 0.000037 0.000037 0.000037 0.000037 0.000037 0.000037 0.000037
42 42 (0) 4 : 0.999748 0.000036 0.000036 0.000036 0.000036 0.000036 0.000036 0.000036
43 43 (0) 4 : 0.999737 0.000038 0.000038 0.000038 0.000038 0.000038 0.000038 0.000038
44 44 (0) 4 : 0.999747 0.000036 0.000036 0.000036 0.000036 0.000036 0.000036 0.000036
45 45 (0) 4 : 0.999744 0.000037 0.000037 0.000037 0.000037 0.000037 0.000037 0.000037
46 46 (0) 4 : 0.999746 0.000036 0.000036 0.000036 0.000036 0.000036 0.000036 0.000036
47 47 (0) 4 : 0.999737 0.000038 0.000038 0.000038 0.000038 0.000038 0.000038 0.000038
48 48 (0) 4 : 0.859584 0.000036 0.000036 0.140201 0.000036 0.000036 0.000036 0.000036
49 49 (0) 4 : 0.999756 0.000035 0.000035 0.000035 0.000035 0.000035 0.000035 0.000035
50 50 (0) 4 : 0.999749 0.000036 0.000036 0.000036 0.000036 0.000036 0.000036 0.000036
51 51 (0) 1 : 0.000024 0.000024 0.000024 0.999834 0.000024 0.000024 0.000024 0.000024
52 52 (0) 1 : 0.000025 0.000025 0.000025 0.999824 0.000025 0.000025 0.000025 0.000025
53 53 (0) 1 : 0.280418 0.000040 0.000040 0.719341 0.000040 0.000040 0.000040 0.000040
54 54 (0) 1 : 0.617276 0.000028 0.000028 0.382557 0.000028 0.000028 0.000028 0.000028
55 55 (0) 1 : 0.247301 0.000043 0.000043 0.752441 0.000043 0.000043 0.000043 0.000043
56 56 (0) 1 : 0.592704 0.000027 0.000027 0.407134 0.000027 0.000027 0.000027 0.000027
57 57 (0) 1 : 0.552938 0.000026 0.000026 0.446908 0.000026 0.000026 0.000026 0.000026
58 58 (0) 1 : 0.436238 0.000035 0.000035 0.563553 0.000035 0.000035 0.000035 0.000035
59 59 (0) 1 : 0.038630 0.000034 0.000034 0.961167 0.000034 0.000034 0.000034 0.000034
60 60 (0) 1 : 0.000035 0.000035 0.000035 0.999756 0.000035 0.000035 0.000035 0.000035
61 61 (0) 1 : 0.000024 0.000024 0.000024 0.999829 0.000024 0.000024 0.000024 0.000024
62 62 (0) 1 : 0.173721 0.000031 0.000031 0.826093 0.000031 0.000031 0.000031 0.000031
63 63 (0) 1 : 0.124082 0.000032 0.000032 0.875723 0.000032 0.000032 0.000032 0.000033
64 64 (0) 1 : 0.000036 0.000036 0.000036 0.999747 0.000036 0.000036 0.000036 0.000036
65 65 (0) 1 : 0.000035 0.000035 0.000035 0.999752 0.000035 0.000035 0.000035 0.000035
66 66 (0) 1 : 0.000039 0.000039 0.000039 0.999725 0.000039 0.000039 0.000039 0.000039
67 67 (0) 1 : 0.000035 0.000035 0.000035 0.999757 0.000035 0.000035 0.000035 0.000035
68 68 (0) 1 : 0.000040 0.000040 0.000040 0.999719 0.000040 0.000040 0.000040 0.000040
69 69 (0) 1 : 0.000043 0.000043 0.000043 0.999699 0.000043 0.000043 0.000043 0.000043
70 70 (0) 1 : 0.000033 0.000033 0.000033 0.999771 0.000033 0.000033 0.000033 0.000033
71 71 (0) 1 : 0.000038 0.000038 0.000038 0.999731 0.000038 0.000038 0.000038 0.000038
72 72 (0) 1 : 0.000037 0.000037 0.000037 0.999738 0.000037 0.000037 0.000037 0.000037
73 73 (0) 1 : 0.000035 0.000035 0.000035 0.999756 0.000035 0.000035 0.000035 0.000035
74 74 (0) 1 : 0.000025 0.000025 0.000025 0.999827 0.000025 0.000025 0.000025 0.000025
75 75 (0) 1 : 0.000024 0.000024 0.000024 0.999829 0.000024 0.000024 0.000024 0.000024
76 76 (0) 1 : 0.000048 0.000048 0.000048 0.999663 0.000048 0.000048 0.000048 0.000048
77 77 (0) 1 : 0.000038 0.000038 0.000038 0.999737 0.000038 0.000038 0.000038 0.000038
78 78 (0) 1 : 0.000037 0.000037 0.000037 0.999740 0.000037 0.000037 0.000037 0.000037
79 79 (0) 1 : 0.302823 0.000031 0.000031 0.696992 0.000031 0.000031 0.000031 0.000031
80 80 (0) 1 : 0.000024 0.000024 0.000024 0.999830 0.000024 0.000024 0.000024 0.000024
81 81 (0) 1 : 0.000024 0.000024 0.000024 0.999830 0.000024 0.000024 0.000024 0.000024
82 82 (0) 1 : 0.000027 0.000027 0.000027 0.999809 0.000027 0.000027 0.000027 0.000027
83 83 (0) 1 : 0.000035 0.000035 0.000035 0.999753 0.000035 0.000035 0.000035 0.000035
84 84 (0) 1 : 0.057782 0.000048 0.000048 0.941929 0.000048 0.000048 0.000048 0.000048
85 85 (0) 1 : 0.000025 0.000025 0.000025 0.999826 0.000025 0.000025 0.000025 0.000025
86 86 (0) 1 : 0.000024 0.000024 0.000024 0.999829 0.000024 0.000024 0.000024 0.000024
87 87 (0) 5 : 0.619183 0.000038 0.000038 0.380589 0.000038 0.000038 0.000038 0.000038
88 88 (0) 5 : 0.753073 0.000033 0.000033 0.246731 0.000033 0.000033 0.000033 0.000033
89 89 (0) 5 : 0.603559 0.000026 0.000026 0.396287 0.000026 0.000026 0.000026 0.000026
90 90 (0) 5 : 0.999738 0.000037 0.000037 0.000038 0.000037 0.000037 0.000037 0.000038
91 91 (0) 5 : 0.999750 0.000036 0.000036 0.000036 0.000036 0.000036 0.000036 0.000036
92 92 (0) 5 : 0.709073 0.000029 0.000029 0.290754 0.000029 0.000029 0.000029 0.000029
93 93 (0) 5 : 0.841995 0.000040 0.000040 0.157763 0.000040 0.000040 0.000040 0.000040
94 94 (0) 5 : 0.763358 0.000030 0.000030 0.236462 0.000030 0.000030 0.000030 0.000030
95 95 (0) 5 : 0.999729 0.000039 0.000039 0.000039 0.000039 0.000039 0.000039 0.000039
96 96 (0) 5 : 0.889398 0.000034 0.000034 0.110396 0.000034 0.000034 0.000034 0.000034
97 97 (0) 6 : 0.000034 0.000034 0.000034 0.999761 0.000034 0.000034 0.000034 0.000034
98 98 (0) 6 : 0.000033 0.000033 0.000033 0.999770 0.000033 0.000033 0.000033 0.000033
99 99 (0) 6 : 0.000033 0.000033 0.000033 0.999768 0.000033 0.000033 0.000033 0.000033
100 100 (0) 6 : 0.000027 0.000027 0.000027 0.999813 0.000027 0.000027 0.000027 0.000027
101 101 (0) 6 : 0.000027 0.000027 0.000027 0.999813 0.000027 0.000027 0.000027 0.000027
102 102 (0) 6 : 0.000025 0.000025 0.000025 0.999824 0.000025 0.000025 0.000025 0.000025
103 103 (0) 6 : 0.000034 0.000034 0.000034 0.999765 0.000034 0.000034 0.000034 0.000034
104 104 (0) 6 : 0.000036 0.000035 0.000035 0.999752 0.000035 0.000035 0.000035 0.000036
105 105 (0) 6 : 0.000035 0.000035 0.000035 0.999756 0.000035 0.000035 0.000035 0.000035
106 106 (0) 6 : 0.000039 0.000039 0.000039 0.999725 0.000039 0.000039 0.000039 0.000039
107 107 (0) 6 : 0.000035 0.000035 0.000035 0.999755 0.000035 0.000035 0.000035 0.000035
108 108 (0) 6 : 0.000037 0.000037 0.000037 0.999742 0.000037 0.000037 0.000037 0.000037
109 109 (0) 6 : 0.000036 0.000036 0.000036 0.999747 0.000036 0.000036 0.000036 0.000036
110 110 (0) 2 : 0.000028 0.000028 0.000028 0.000028 0.000028 0.000028 0.000028 0.999805
111 111 (0) 2 : 0.000036 0.000036 0.000036 0.000036 0.000036 0.000036 0.000036 0.999749
112 112 (0) 2 : 0.000036 0.000036 0.000036 0.000036 0.000036 0.000036 0.000036 0.999746
113 113 (0) 2 : 0.000033 0.000033 0.000033 0.000033 0.000033 0.000033 0.000033 0.999767
114 114 (0) 2 : 0.000035 0.000035 0.000035 0.000035 0.000035 0.000035 0.000035 0.999757
115 115 (0) 3 : 0.000025 0.000025 0.000025 0.932066 0.000025 0.000025 0.000025 0.067786
1 1 (0) 1 : 0.000036 0.000036 0.000036 0.000036 0.999747 0.000036 0.000036 0.000036
2 2 (0) 1 : 0.000035 0.000035 0.000035 0.000034 0.999758 0.000034 0.000034 0.000034
3 3 (0) 1 : 0.000037 0.000037 0.000037 0.000037 0.999744 0.000037 0.000037 0.000037
4 4 (0) 1 : 0.000037 0.000037 0.000037 0.000037 0.999742 0.000037 0.000037 0.000037
5 5 (0) 1 : 0.000038 0.000038 0.000038 0.000038 0.999731 0.000038 0.000038 0.000038
6 6 (0) 1 : 0.000037 0.000037 0.000037 0.000037 0.999741 0.000037 0.000037 0.000037
7 7 (0) 1 : 0.000040 0.000040 0.000040 0.000040 0.999721 0.000040 0.000040 0.000040
8 8 (0) 1 : 0.000028 0.000028 0.000028 0.000028 0.999803 0.000028 0.000028 0.000028
9 9 (0) 1 : 0.000026 0.000026 0.000026 0.000026 0.999816 0.000026 0.000026 0.000026
10 10 (0) 1 : 0.000031 0.000031 0.000031 0.000031 0.999785 0.000031 0.000031 0.000031
11 11 (0) 1 : 0.000036 0.000036 0.000036 0.000036 0.999748 0.000036 0.000036 0.000036
12 12 (0) 1 : 0.000030 0.000030 0.000030 0.000030 0.999793 0.000030 0.000030 0.000030
13 13 (0) 1 : 0.000035 0.000035 0.000035 0.000035 0.999753 0.000035 0.000035 0.000035
14 14 (0) 1 : 0.000036 0.000036 0.000036 0.000036 0.999751 0.000036 0.000036 0.000036
15 15 (0) 1 : 0.000036 0.000036 0.000036 0.000036 0.999750 0.000036 0.000036 0.000036
16 16 (0) 1 : 0.000038 0.000038 0.000038 0.000038 0.999736 0.000038 0.000038 0.000038
17 17 (0) 1 : 0.000041 0.000041 0.000041 0.000041 0.999714 0.000041 0.000041 0.000041
18 18 (0) 2 : 0.000028 0.999806 0.000028 0.000028 0.000028 0.000028 0.000028 0.000028
19 19 (0) 2 : 0.000036 0.785753 0.000036 0.000036 0.214033 0.000036 0.000036 0.000036
20 20 (0) 3 : 0.000028 0.057497 0.000028 0.000028 0.942334 0.000028 0.000028 0.000028
21 21 (0) 3 : 0.000029 0.037196 0.000029 0.000029 0.962628 0.000029 0.000029 0.000029
22 22 (0) 2 : 0.000037 0.999744 0.000037 0.000037 0.000037 0.000037 0.000037 0.000037
23 23 (0) 2 : 0.000028 0.999803 0.000028 0.000028 0.000028 0.000028 0.000028 0.000028
24 24 (0) 2 : 0.000027 0.999810 0.000027 0.000027 0.000027 0.000027 0.000027 0.000027
25 25 (0) 4 : 0.000033 0.000033 0.954854 0.000033 0.044951 0.000033 0.000033 0.000033
26 26 (0) 4 : 0.000028 0.000028 0.999801 0.000028 0.000028 0.000028 0.000028 0.000028
27 27 (0) 4 : 0.000042 0.000042 0.999707 0.000042 0.000042 0.000042 0.000042 0.000042
28 28 (0) 4 : 0.000037 0.000037 0.999742 0.000037 0.000037 0.000037 0.000037 0.000037
29 29 (0) 4 : 0.000043 0.000043 0.999698 0.000043 0.000043 0.000043 0.000043 0.000043
30 30 (0) 4 : 0.000048 0.000048 0.999662 0.000048 0.000048 0.000048 0.000048 0.000048
31 31 (0) 4 : 0.000039 0.000039 0.999724 0.000039 0.000039 0.000039 0.000039 0.000039
32 32 (0) 4 : 0.000041 0.000041 0.999712 0.000041 0.000041 0.000041 0.000041 0.000041
33 33 (0) 4 : 0.000035 0.000035 0.999753 0.000035 0.000035 0.000035 0.000035 0.000035
34 34 (0) 4 : 0.000027 0.000027 0.955623 0.000027 0.044214 0.000027 0.000027 0.000027
35 35 (0) 4 : 0.000026 0.000026 0.854932 0.000026 0.144911 0.000026 0.000026 0.000026
36 36 (0) 4 : 0.000026 0.000026 0.999817 0.000026 0.000026 0.000026 0.000026 0.000026
37 37 (0) 4 : 0.000027 0.000027 0.999814 0.000027 0.000027 0.000027 0.000027 0.000027
38 38 (0) 4 : 0.000034 0.000034 0.999765 0.000034 0.000034 0.000034 0.000034 0.000034
39 39 (0) 4 : 0.000028 0.000028 0.999805 0.000028 0.000028 0.000028 0.000028 0.000028
40 40 (0) 4 : 0.000026 0.000026 0.999817 0.000026 0.000026 0.000026 0.000026 0.000026
41 41 (0) 4 : 0.000037 0.000037 0.999740 0.000037 0.000037 0.000037 0.000037 0.000037
42 42 (0) 4 : 0.000036 0.000036 0.999748 0.000036 0.000036 0.000036 0.000036 0.000036
43 43 (0) 4 : 0.000038 0.000038 0.999737 0.000038 0.000038 0.000038 0.000038 0.000038
44 44 (0) 4 : 0.000036 0.000036 0.999747 0.000036 0.000036 0.000036 0.000036 0.000036
45 45 (0) 4 : 0.000037 0.000037 0.999744 0.000037 0.000037 0.000037 0.000037 0.000037
46 46 (0) 4 : 0.000036 0.000036 0.920568 0.000036 0.079214 0.000036 0.000036 0.000036
47 47 (0) 4 : 0.000038 0.000038 0.999737 0.000038 0.000038 0.000038 0.000038 0.000038
48 48 (0) 4 : 0.000036 0.000036 0.829947 0.000036 0.169838 0.000036 0.000036 0.000036
49 49 (0) 4 : 0.000035 0.000035 0.999756 0.000035 0.000035 0.000035 0.000035 0.000035
50 50 (0) 4 : 0.000036 0.000036 0.999749 0.000036 0.000036 0.000036 0.000036 0.000036
51 51 (0) 1 : 0.000024 0.000024 0.000024 0.000024 0.999834 0.000024 0.000024 0.000024
52 52 (0) 1 : 0.000025 0.000025 0.000025 0.000025 0.999824 0.000025 0.000025 0.000025
53 53 (0) 1 : 0.000040 0.000040 0.000040 0.000040 0.999719 0.000040 0.000040 0.000040
54 54 (0) 1 : 0.000028 0.000028 0.000028 0.000028 0.999805 0.000028 0.000028 0.000028
55 55 (0) 1 : 0.000043 0.000043 0.000043 0.000043 0.999699 0.000043 0.000043 0.000043
56 56 (0) 1 : 0.000027 0.000027 0.000027 0.000027 0.999811 0.000027 0.000027 0.000027
57 57 (0) 1 : 0.000026 0.000026 0.000026 0.000026 0.999820 0.000026 0.000026 0.000026
58 58 (0) 1 : 0.000035 0.000035 0.000035 0.000035 0.999756 0.000035 0.000035 0.000035
59 59 (0) 1 : 0.000034 0.000034 0.000034 0.000034 0.999763 0.000034 0.000034 0.000034
60 60 (0) 1 : 0.000035 0.000035 0.000035 0.000035 0.999756 0.000035 0.000035 0.000035
61 61 (0) 1 : 0.000024 0.000024 0.000024 0.000024 0.999829 0.000024 0.000024 0.000024
62 62 (0) 1 : 0.000031 0.000031 0.000031 0.000031 0.999783 0.000031 0.000031 0.000031
63 63 (0) 1 : 0.000033 0.000033 0.000033 0.000032 0.999772 0.000032 0.000032 0.000032
64 64 (0) 1 : 0.000036 0.000036 0.000036 0.000036 0.999747 0.000036 0.000036 0.000036
65 65 (0) 1 : 0.000035 0.000035 0.000035 0.000035 0.999752 0.000035 0.000035 0.000035
66 66 (0) 1 : 0.000039 0.000039 0.000039 0.000039 0.999725 0.000039 0.000039 0.000039
67 67 (0) 1 : 0.000035 0.000035 0.000035 0.000035 0.999757 0.000035 0.000035 0.000035
68 68 (0) 1 : 0.000040 0.000040 0.000040 0.000040 0.999719 0.000040 0.000040 0.000040
69 69 (0) 1 : 0.000043 0.000043 0.000043 0.000043 0.999699 0.000043 0.000043 0.000043
70 70 (0) 1 : 0.000033 0.000033 0.000033 0.000033 0.999771 0.000033 0.000033 0.000033
71 71 (0) 1 : 0.000038 0.000038 0.000038 0.000038 0.999731 0.000038 0.000038 0.000038
72 72 (0) 1 : 0.000037 0.000037 0.000037 0.000037 0.999738 0.000037 0.000037 0.000037
73 73 (0) 1 : 0.000035 0.000035 0.000035 0.000035 0.999756 0.000035 0.000035 0.000035
74 74 (0) 1 : 0.000025 0.000025 0.000025 0.000025 0.999827 0.000025 0.000025 0.000025
75 75 (0) 1 : 0.000024 0.000024 0.000024 0.000024 0.999829 0.000024 0.000024 0.000024
76 76 (0) 1 : 0.000048 0.000048 0.000048 0.000048 0.999663 0.000048 0.000048 0.000048
77 77 (0) 1 : 0.000038 0.000038 0.000038 0.000038 0.999737 0.000038 0.000038 0.000038
78 78 (0) 1 : 0.000037 0.000037 0.000037 0.000037 0.999740 0.000037 0.000037 0.000037
79 79 (0) 1 : 0.000031 0.000031 0.000031 0.000031 0.999785 0.000031 0.000031 0.000031
80 80 (0) 1 : 0.000024 0.000024 0.000024 0.000024 0.999830 0.000024 0.000024 0.000024
81 81 (0) 1 : 0.000024 0.000024 0.000024 0.000024 0.999830 0.000024 0.000024 0.000024
82 82 (0) 1 : 0.000027 0.000027 0.000027 0.000027 0.999809 0.000027 0.000027 0.000027
83 83 (0) 1 : 0.000035 0.000035 0.000035 0.000035 0.999753 0.000035 0.000035 0.000035
84 84 (0) 1 : 0.000048 0.000048 0.000048 0.000048 0.999664 0.000048 0.000048 0.000048
85 85 (0) 1 : 0.000025 0.000025 0.000025 0.000025 0.999826 0.000025 0.000025 0.000025
86 86 (0) 1 : 0.000024 0.000024 0.000024 0.000024 0.999829 0.000024 0.000024 0.000024
87 87 (0) 5 : 0.072373 0.000038 0.000038 0.000038 0.927400 0.000038 0.000038 0.000038
88 88 (0) 5 : 0.000033 0.000033 0.642354 0.000033 0.357450 0.000033 0.000033 0.000033
89 89 (0) 5 : 0.068974 0.000026 0.000026 0.000026 0.930872 0.000026 0.000026 0.000026
90 90 (0) 5 : 0.000037 0.000038 0.999738 0.000037 0.000038 0.000037 0.000037 0.000037
91 91 (0) 5 : 0.000036 0.000036 0.999750 0.000036 0.000036 0.000036 0.000036 0.000036
92 92 (0) 5 : 0.000029 0.000029 0.597501 0.000029 0.402327 0.000029 0.000029 0.000029
93 93 (0) 5 : 0.999718 0.000040 0.000040 0.000040 0.000040 0.000040 0.000040 0.000040
94 94 (0) 5 : 0.000030 0.000030 0.723884 0.000030 0.275936 0.000030 0.000030 0.000030
95 95 (0) 5 : 0.000039 0.000039 0.999729 0.000039 0.000039 0.000039 0.000039 0.000039
96 96 (0) 5 : 0.000034 0.000034 0.780058 0.000034 0.219736 0.000034 0.000034 0.000034
97 97 (0) 6 : 0.000034 0.000034 0.000034 0.000034 0.999761 0.000034 0.000034 0.000034
98 98 (0) 6 : 0.000033 0.000033 0.000033 0.000033 0.999770 0.000033 0.000033 0.000033
99 99 (0) 6 : 0.000033 0.000033 0.000033 0.000033 0.999768 0.000033 0.000033 0.000033
100 100 (0) 6 : 0.000027 0.000027 0.000027 0.000027 0.999813 0.000027 0.000027 0.000027
101 101 (0) 6 : 0.000027 0.000027 0.000027 0.000027 0.999813 0.000027 0.000027 0.000027
102 102 (0) 6 : 0.000025 0.000025 0.000025 0.000025 0.999824 0.000025 0.000025 0.000025
103 103 (0) 6 : 0.000034 0.000034 0.000034 0.000034 0.999765 0.000034 0.000034 0.000034
104 104 (0) 6 : 0.000036 0.000036 0.000036 0.000035 0.999751 0.000035 0.000035 0.000035
105 105 (0) 6 : 0.000035 0.000035 0.000035 0.000035 0.999756 0.000035 0.000035 0.000035
106 106 (0) 6 : 0.000039 0.000039 0.000039 0.000039 0.999725 0.000039 0.000039 0.000039
107 107 (0) 6 : 0.000035 0.000035 0.000035 0.000035 0.999755 0.000035 0.000035 0.000035
108 108 (0) 6 : 0.000037 0.000037 0.000037 0.000037 0.999742 0.000037 0.000037 0.000037
109 109 (0) 6 : 0.000036 0.000036 0.000036 0.000036 0.999747 0.000036 0.000036 0.000036
110 110 (0) 2 : 0.000028 0.690935 0.000028 0.000028 0.308898 0.000028 0.000028 0.000028
111 111 (0) 2 : 0.000036 0.774849 0.000036 0.000036 0.224936 0.000036 0.000036 0.000036
112 112 (0) 2 : 0.000036 0.706573 0.000036 0.000036 0.293210 0.000036 0.000036 0.000036
113 113 (0) 2 : 0.000033 0.748643 0.000033 0.000033 0.251157 0.000033 0.000033 0.000033
114 114 (0) 2 : 0.000035 0.803667 0.000035 0.000035 0.196125 0.000035 0.000035 0.000035
115 115 (0) 3 : 0.000025 0.059645 0.000025 0.000025 0.940206 0.000025 0.000025 0.000025
1 1 (0) 1 : 0.000036 0.000036 0.999747 0.000036 0.000036 0.000036 0.000036 0.000036
2 2 (0) 1 : 0.000035 0.000034 0.999758 0.000034 0.000035 0.000034 0.000035 0.000034
3 3 (0) 1 : 0.000037 0.000037 0.000037 0.000037 0.000037 0.000037 0.999744 0.000037
4 4 (0) 1 : 0.000037 0.000037 0.000037 0.000037 0.000037 0.000037 0.999742 0.000037
5 5 (0) 1 : 0.000038 0.000038 0.000038 0.000038 0.000038 0.000038 0.999731 0.000038
6 6 (0) 1 : 0.000037 0.000037 0.000037 0.000037 0.000037 0.000037 0.999741 0.000037
7 7 (0) 1 : 0.000040 0.000040 0.000040 0.000040 0.000040 0.000040 0.999721 0.000040
8 8 (0) 1 : 0.000028 0.000028 0.000028 0.000028 0.000028 0.000028 0.999803 0.000028
9 9 (0) 1 : 0.000026 0.000026 0.000026 0.000026 0.000026 0.000026 0.999816 0.000026
10 10 (0) 1 : 0.000031 0.000031 0.000031 0.000031 0.000031 0.000031 0.999784 0.000031
11 11 (0) 1 : 0.000036 0.000036 0.000036 0.000036 0.000036 0.000036 0.999748 0.000036
12 12 (0) 1 : 0.000030 0.000030 0.000030 0.000030 0.000030 0.000030 0.999793 0.000030
13 13 (0) 1 : 0.000035 0.000035 0.000035 0.000035 0.000035 0.000035 0.999753 0.000035
14 14 (0) 1 : 0.000036 0.000036 0.000036 0.000036 0.000036 0.000036 0.999751 0.000036
15 15 (0) 1 : 0.000036 0.000036 0.000036 0.000036 0.000036 0.000036 0.999750 0.000036
16 16 (0) 1 : 0.000038 0.000038 0.000038 0.000038 0.000038 0.000038 0.999736 0.000038
17 17 (0) 1 : 0.000041 0.000041 0.000041 0.000041 0.000041 0.000041 0.999714 0.000041
18 18 (0) 2 : 0.999806 0.000028 0.000028 0.000028 0.000028 0.000028 0.000028 0.000028
19 19 (0) 2 : 0.999750 0.000036 0.000036 0.000036 0.000036 0.000036 0.000036 0.000036
20 20 (0) 3 : 0.056305 0.000028 0.000028 0.000028 0.000028 0.000028 0.943526 0.000028
21 21 (0) 3 : 0.037429 0.000029 0.000029 0.000029 0.000029 0.000029 0.962395 0.000029
22 22 (0) 2 : 0.999744 0.000037 0.000037 0.000037 0.000037 0.000037 0.000037 0.000037
23 23 (0) 2 : 0.999803 0.000028 0.000028 0.000028 0.000028 0.000028 0.000028 0.000028
24 24 (0) 2 : 0.999810 0.000027 0.000027 0.000027 0.000027 0.000027 0.000027 0.000027
25 25 (0) 4 : 0.000033 0.000033 0.000033 0.000033 0.999772 0.000033 0.000033 0.000033
26 26 (0) 4 : 0.000028 0.000028 0.000028 0.000028 0.999801 0.000028 0.000028 0.000028
27 27 (0) 4 : 0.000042 0.000042 0.000042 0.000042 0.999707 0.000042 0.000042 0.000042
28 28 (0) 4 : 0.000037 0.000037 0.000037 0.000037 0.999742 0.000037 0.000037 0.000037
29 29 (0) 4 : 0.000043 0.000043 0.000043 0.000043 0.999698 0.000043 0.000043 0.000043
30 30 (0) 4 : 0.000048 0.000048 0.000048 0.000048 0.999662 0.000048 0.000048 0.000048
31 31 (0) 4 : 0.000039 0.000039 0.000039 0.000039 0.999724 0.000039 0.000039 0.000039
32 32 (0) 4 : 0.000041 0.000041 0.000041 0.000041 0.999712 0.000041 0.000041 0.000041
33 33 (0) 4 : 0.000035 0.000035 0.000035 0.000035 0.999753 0.000035 0.000035 0.000035
34 34 (0) 4 : 0.000027 0.000027 0.000027 0.000027 0.999810 0.000027 0.000027 0.000027
35 35 (0) 4 : 0.000026 0.000026 0.000026 0.000026 0.999817 0.000026 0.000026 0.000026
36 36 (0) 4 : 0.000026 0.000026 0.000026 0.000026 0.999817 0.000026 0.000026 0.000026
37 37 (0) 4 : 0.000027 0.000027 0.000027 0.000027 0.999814 0.000027 0.000027 0.000027
38 38 (0) 4 : 0.000034 0.000034 0.000034 0.000034 0.999765 0.000034 0.000034 0.000034
39 39 (0) 4 : 0.000028 0.000028 0.000028 0.000028 0.999805 0.000028 0.000028 0.000028
40 40 (0) 4 : 0.000026 0.000026 0.000026 0.000026 0.999817 0.000026 0.000026 0.000026
41 41 (0) 4 : 0.000037 0.000037 0.000037 0.000037 0.999740 0.000037 0.000037 0.000037
42 42 (0) 4 : 0.000036 0.000036 0.000036 0.000036 0.999748 0.000036 0.000036 0.000036
43 43 (0) 4 : 0.000038 0.000038 0.000038 0.000038 0.999737 0.000038 0.000038 0.000038
44 44 (0) 4 : 0.000036 0.000036 0.000036 0.000036 0.999747 0.000036 0.000036 0.000036
45 45 (0) 4 : 0.000037 0.000037 0.000037 0.000037 0.999744 0.000037 0.000037 0.000037
46 46 (0) 4 : 0.000036 0.000036 0.000036 0.000036 0.999746 0.000036 0.000036 0.000036
47 47 (0) 4 : 0.000038 0.000038 0.000038 0.000038 0.999737 0.000038 0.000038 0.000038
48 48 (0) 4 : 0.000036 0.000036 0.000036 0.000036 0.999750 0.000036 0.000036 0.000036
49 49 (0) 4 : 0.000035 0.000035 0.000035 0.000035 0.999756 0.000035 0.000035 0.000035
50 50 (0) 4 : 0.000036 0.000036 0.000036 0.000036 0.999749 0.000036 0.000036 0.000036
51 51 (0) 1 : 0.000024 0.000024 0.000024 0.000024 0.000024 0.000024 0.999834 0.000024
52 52 (0) 1 : 0.000025 0.000025 0.000025 0.000025 0.000025 0.000025 0.999824 0.000025
53 53 (0) 1 : 0.000040 0.000040 0.999719 0.000040 0.000040 0.000040 0.000040 0.000040
54 54 (0) 1 : 0.000028 0.000028 0.999805 0.000028 0.000028 0.000028 0.000028 0.000028
55 55 (0) 1 : 0.000043 0.000043 0.999699 0.000043 0.000043 0.000043 0.000043 0.000043
56 56 (0) 1 : 0.000027 0.000027 0.999811 0.000027 0.000027 0.000027 0.000027 0.000027
57 57 (0) 1 : 0.000026 0.000026 0.999820 0.000026 0.000026 0.000026 0.000026 0.000026
58 58 (0) 1 : 0.000035 0.000035 0.999756 0.000035 0.000035 0.000035 0.000035 0.000035
59 59 (0) 1 : 0.000034 0.000034 0.000034 0.000034 0.000034 0.000034 0.999763 0.000034
60 60 (0) 1 : 0.000035 0.000035 0.000035 0.000035 0.000035 0.000035 0.999756 0.000035
61 61 (0) 1 : 0.000024 0.000024 0.000024 0.000024 0.000024 0.000024 0.999829 0.000024
62 62 (0) 1 : 0.000031 0.000031 0.189500 0.000031 0.000031 0.000031 0.810314 0.000031
63 63 (0) 1 : 0.000033 0.000032 0.174128 0.000032 0.000033 0.000032 0.825677 0.000032
64 64 (0) 1 : 0.000036 0.000036 0.000036 0.000036 0.000036 0.000036 0.999747 0.000036
65 65 (0) 1 : 0.000035 0.000035 0.000035 0.000035 0.000035 0.000035 0.999752 0.000035
66 66 (0) 1 : 0.000039 0.000039 0.000039 0.000039 0.000039 0.000039 0.999725 0.000039
67 67 (0) 1 : 0.000035 0.000035 0.000035 0.000035 0.000035 0.000035 0.999757 0.000035
68 68 (0) 1 : 0.000040 0.000040 0.000040 0.000040 0.000040 0.000040 0.999719 0.000040
69 69 (0) 1 : 0.000043 0.000043 0.000043 0.000043 0.000043 0.000043 0.999699 0.000043
70 70 (0) 1 : 0.000033 0.000033 0.000033 0.000033 0.000033 0.000033 0.999771 0.000033
71 71 (0) 1 : 0.000038 0.000038 0.000038 0.000038 0.000038 0.000038 0.999731 0.000038
72 72 (0) 1 : 0.000037 0.000037 0.000037 0.000037 0.000037 0.000037 0.999738 0.000037
73 73 (0) 1 : 0.000035 0.000035 0.000035 0.000035 0.000035 0.000035 0.999756 0.000035
74 74 (0) 1 : 0.000025 0.000025 0.000025 0.000025 0.000025 0.000025 0.999827 0.000025
75 75 (0) 1 : 0.000024 0.000024 0.000024 0.000024 0.000024 0.000024 0.999829 0.000024
76 76 (0) 1 : 0.000048 0.000048 0.000048 0.000048 0.000048 0.000048 0.999663 0.000048
77 77 (0) 1 : 0.000038 0.000038 0.000038 0.000038 0.000038 0.000038 0.999737 0.000038
78 78 (0) 1 : 0.000037 0.000037 0.000037 0.000037 0.000037 0.000037 0.999740 0.000037
79 79 (0) 1 : 0.000031 0.000031 0.999785 0.000031 0.000031 0.000031 0.000031 0.000031
80 80 (0) 1 : 0.000024 0.000024 0.000024 0.000024 0.000024 0.000024 0.999830 0.000024
81 81 (0) 1 : 0.000024 0.000024 0.000024 0.000024 0.000024 0.000024 0.999830 0.000024
82 82 (0) 1 : 0.000027 0.000027 0.000027 0.000027 0.000027 0.000027 0.999809 0.000027
83 83 (0) 1 : 0.000035 0.000035 0.000035 0.000035 0.000035 0.000035 0.999753 0.000035
84 84 (0) 1 : 0.000048 0.000048 0.296377 0.000048 0.000048 0.000048 0.703335 0.000048
85 85 (0) 1 : 0.000025 0.000025 0.000025 0.000025 0.000025 0.000025 0.999826 0.000025
86 86 (0) 1 : 0.000024 0.000024 0.000024 0.000024 0.000024 0.000024 0.999829 0.000024
87 87 (0) 5 : 0.000038 0.000038 0.000038 0.000038 0.999735 0.000038 0.000038 0.000038
88 88 (0) 5 : 0.000033 0.000033 0.000033 0.000033 0.999772 0.000033 0.000033 0.000033
89 89 (0) 5 : 0.000026 0.000026 0.000026 0.000026 0.999821 0.000026 0.000026 0.000026
90 90 (0) 5 : 0.000038 0.000037 0.000038 0.000037 0.999738 0.000037 0.000038 0.000037
91 91 (0) 5 : 0.000036 0.000036 0.000036 0.000036 0.999750 0.000036 0.000036 0.000036
92 92 (0) 5 : 0.000029 0.000029 0.000029 0.000029 0.999799 0.000029 0.000029 0.000029
93 93 (0) 5 : 0.000040 0.000040 0.000040 0.000040 0.999718 0.000040 0.000040 0.000040
94 94 (0) 5 : 0.000030 0.000030 0.000030 0.000030 0.999790 0.000030 0.000030 0.000030
95 95 (0) 5 : 0.000039 0.000039 0.000039 0.000039 0.999729 0.000039 0.000039 0.000039
96 96 (0) 5 : 0.000034 0.000034 0.000034 0.000034 0.999760 0.000034 0.000034 0.000034
97 97 (0) 6 : 0.000034 0.000034 0.000034 0.000034 0.000034 0.000034 0.999761 0.000034
98 98 (0) 6 : 0.000033 0.000033 0.000033 0.000033 0.000033 0.000033 0.999770 0.000033
99 99 (0) 6 : 0.000033 0.000033 0.000033 0.000033 0.000033 0.000033 0.999768 0.000033
100 100 (0) 6 : 0.000027 0.000027 0.000027 0.000027 0.000027 0.000027 0.999813 0.000027
101 101 (0) 6 : 0.000027 0.000027 0.000027 0.000027 0.000027 0.000027 0.999813 0.000027
102 102 (0) 6 : 0.000025 0.000025 0.000025 0.000025 0.000025 0.000025 0.999824 0.000025
103 103 (0) 6 : 0.000034 0.000034 0.000034 0.000034 0.000034 0.000034 0.999765 0.000034
104 104 (0) 6 : 0.000036 0.000035 0.000036 0.000035 0.000036 0.000035 0.999751 0.000035
105 105 (0) 6 : 0.000035 0.000035 0.000035 0.000035 0.000035 0.000035 0.999756 0.000035
106 106 (0) 6 : 0.000039 0.000039 0.000039 0.000039 0.000039 0.000039 0.999725 0.000039
107 107 (0) 6 : 0.000035 0.000035 0.000035 0.000035 0.000035 0.000035 0.999755 0.000035
108 108 (0) 6 : 0.000037 0.000037 0.000037 0.000037 0.000037 0.000037 0.999742 0.000037
109 109 (0) 6 : 0.000036 0.000036 0.000036 0.000036 0.000036 0.000036 0.999747 0.000036
110 110 (0) 2 : 0.999805 0.000028 0.000028 0.000028 0.000028 0.000028 0.000028 0.000028
111 111 (0) 2 : 0.999749 0.000036 0.000036 0.000036 0.000036 0.000036 0.000036 0.000036
112 112 (0) 2 : 0.999746 0.000036 0.000036 0.000036 0.000036 0.000036 0.000036 0.000036
113 113 (0) 2 : 0.999767 0.000033 0.000033 0.000033 0.000033 0.000033 0.000033 0.000033
114 114 (0) 2 : 0.999757 0.000035 0.000035 0.000035 0.000035 0.000035 0.000035 0.000035
115 115 (0) 3 : 0.059434 0.000025 0.000025 0.000025 0.000025 0.000025 0.940417 0.000025
1 1 (0) 1 : 0.000036 0.000036 0.000036 0.000036 0.000036 0.999747 0.000036 0.000036
2 2 (0) 1 : 0.000034 0.000035 0.000034 0.000035 0.000034 0.999758 0.000034 0.000035
3 3 (0) 1 : 0.000037 0.000037 0.000037 0.000037 0.000037 0.999744 0.000037 0.000037
4 4 (0) 1 : 0.000037 0.000037 0.000037 0.000037 0.000037 0.999742 0.000037 0.000037
5 5 (0) 1 : 0.000038 0.000038 0.000038 0.000038 0.000038 0.999731 0.000038 0.000038
6 6 (0) 1 : 0.000037 0.000037 0.000037 0.000037 0.000037 0.999741 0.000037 0.000037
7 7 (0) 1 : 0.000040 0.999721 0.000040 0.000040 0.000040 0.000040 0.000040 0.000040
8 8 (0) 1 : 0.000028 0.999803 0.000028 0.000028 0.000028 0.000028 0.000028 0.000028
9 9 (0) 1 : 0.000026 0.999816 0.000026 0.000026 0.000026 0.000026 0.000026 0.000026
10 10 (0) 1 : 0.000031 0.999784 0.000031 0.000031 0.000031 0.000031 0.000031 0.000031
11 11 (0) 1 : 0.000036 0.999748 0.000036 0.000036 0.000036 0.000036 0.000036 0.000036
12 12 (0) 1 : 0.000030 0.999793 0.000030 0.000030 0.000030 0.000030 0.000030 0.000030
13 13 (0) 1 : 0.000035 0.999753 0.000035 0.000035 0.000035 0.000035 0.000035 0.000035
14 14 (0) 1 : 0.000036 0.999751 0.000036 0.000036 0.000036 0.000036 0.000036 0.000036
15 15 (0) 1 : 0.000036 0.999750 0.000036 0.000036 0.000036 0.000036 0.000036 0.000036
16 16 (0) 1 : 0.000038 0.999736 0.000038 0.000038 0.000038 0.000038 0.000038 0.000038
17 17 (0) 1 : 0.000041 0.999714 0.000041 0.000041 0.000041 0.000041 0.000041 0.000041
18 18 (0) 2 : 0.000028 0.000028 0.000028 0.000028 0.000028 0.000028 0.000028 0.999806
19 19 (0) 2 : 0.000036 0.000036 0.000036 0.000036 0.000036 0.000036 0.000036 0.999750
20 20 (0) 3 : 0.000028 0.999803 0.000028 0.000028 0.000028 0.000028 0.000028 0.000028
21 21 (0) 3 : 0.000029 0.999794 0.000029 0.000029 0.000029 0.000029 0.000029 0.000029
22 22 (0) 2 : 0.000037 0.000037 0.000037 0.000037 0.000037 0.000037 0.000037 0.999744
23 23 (0) 2 : 0.000028 0.000028 0.000028 0.000028 0.000028 0.000028 0.000028 0.999803
24 24 (0) 2 : 0.000027 0.000027 0.000027 0.000027 0.000027 0.000027 0.000027 0.999810
25 25 (0) 4 : 0.000033 0.000033 0.000033 0.999772 0.000033 0.000033 0.000033 0.000033
26 26 (0) 4 : 0.000028 0.000028 0.000028 0.999801 0.000028 0.000028 0.000028 0.000028
27 27 (0) 4 : 0.000042 0.000042 0.000042 0.999707 0.000042 0.000042 0.000042 0.000042
28 28 (0) 4 : 0.000037 0.000037 0.000037 0.999742 0.000037 0.000037 0.000037 0.000037
29 29 (0) 4 : 0.000043 0.000043 0.000043 0.999698 0.000043 0.000043 0.000043 0.000043
30 30 (0) 4 : 0.000048 0.000048 0.000048 0.999662 0.000048 0.000048 0.000048 0.000048
31 31 (0) 4 : 0.000039 0.000039 0.000039 0.999724 0.000039 0.000039 0.000039 0.000039
32 32 (0) 4 : 0.000041 0.000041 0.000041 0.999712 0.000041 0.000041 0.000041 0.000041
33 33 (0) 4 : 0.000035 0.000035 0.000035 0.999753 0.000035 0.000035 0.000035 0.000035
34 34 (0) 4 : 0.000027 0.000027 0.000027 0.999810 0.000027 0.000027 0.000027 0.000027
35 35 (0) 4 : 0.000026 0.000026 0.000026 0.999817 0.000026 0.000026 0.000026 0.000026
36 36 (0) 4 : 0.000026 0.000026 0.000026 0.999817 0.000026 0.000026 0.000026 0.000026
37 37 (0) 4 : 0.000027 0.000027 0.000027 0.999814 0.000027 0.000027 0.000027 0.000027
38 38 (0) 4 : 0.000034 0.000034 0.000034 0.999765 0.000034 0.000034 0.000034 0.000034
39 39 (0) 4 : 0.000028 0.000028 0.000028 0.999805 0.000028 0.000028 0.000028 0.000028
40 40 (0) 4 : 0.000026 0.000026 0.000026 0.999817 0.000026 0.000026 0.000026 0.000026
41 41 (0) 4 : 0.000037 0.000037 0.000037 0.999740 0.000037 0.000037 0.000037 0.000037
42 42 (0) 4 : 0.000036 0.000036 0.000036 0.999748 0.000036 0.000036 0.000036 0.000036
43 43 (0) 4 : 0.000038 0.000038 0.000038 0.999737 0.000038 0.000038 0.000038 0.000038
44 44 (0) 4 : 0.000036 0.000036 0.000036 0.999747 0.000036 0.000036 0.000036 0.000036
45 45 (0) 4 : 0.000037 0.000037 0.000037 0.999744 0.000037 0.000037 0.000037 0.000037
46 46 (0) 4 : 0.000036 0.000036 0.000036 0.999746 0.000036 0.000036 0.000036 0.000036
47 47 (0) 4 : 0.000038 0.000038 0.000038 0.999737 0.000038 0.000038 0.000038 0.000038
48 48 (0) 4 : 0.000036 0.000036 0.000036 0.999750 0.000036 0.000036 0.000036 0.000036
49 49 (0) 4 : 0.000035 0.000035 0.000035 0.999756 0.000035 0.000035 0.000035 0.000035
50 50 (0) 4 : 0.000036 0.000036 0.000036 0.999749 0.000036 0.000036 0.000036 0.000036
51 51 (0) 1 : 0.000024 0.999834 0.000024 0.000024 0.000024 0.000024 0.000024 0.000024
52 52 (0) 1 : 0.000025 0.999824 0.000025 0.000025 0.000025 0.000025 0.000025 0.000025
53 53 (0) 1 : 0.000040 0.000040 0.000040 0.376032 0.000040 0.623728 0.000040 0.000040
54 54 (0) 1 : 0.000028 0.306120 0.000028 0.693713 0.000028 0.000028 0.000028 0.000028
55 55 (0) 1 : 0.000043 0.000043 0.000043 0.425855 0.000043 0.573887 0.000043 0.000043
56 56 (0) 1 : 0.000027 0.000027 0.000027 0.830969 0.000027 0.168869 0.000027 0.000027
57 57 (0) 1 : 0.000026 0.377462 0.000026 0.622384 0.000026 0.000026 0.000026 0.000026
58 58 (0) 1 : 0.000035 0.000035 0.000035 0.639690 0.000035 0.360100 0.000035 0.000035
59 59 (0) 1 : 0.000034 0.971496 0.000034 0.028301 0.000034 0.000034 0.000034 0.000034
60 60 (0) 1 : 0.000035 0.999756 0.000035 0.000035 0.000035 0.000035 0.000035 0.000035
61 61 (0) 1 : 0.000024 0.999829 0.000024 0.000024 0.000024 0.000024 0.000024 0.000024
62 62 (0) 1 : 0.000031 0.835709 0.000031 0.164105 0.000031 0.000031 0.000031 0.000031
63 63 (0) 1 : 0.000032 0.890295 0.000032 0.109510 0.000032 0.000033 0.000032 0.000033
64 64 (0) 1 : 0.000036 0.999747 0.000036 0.000036 0.000036 0.000036 0.000036 0.000036
65 65 (0) 1 : 0.000035 0.999752 0.000035 0.000035 0.000035 0.000035 0.000035 0.000035
66 66 (0) 1 : 0.000039 0.999725 0.000039 0.000039 0.000039 0.000039 0.000039 0.000039
67 67 (0) 1 : 0.000035 0.999757 0.000035 0.000035 0.000035 0.000035 0.000035 0.000035
68 68 (0) 1 : 0.000040 0.999719 0.000040 0.000040 0.000040 0.000040 0.000040 0.000040
69 69 (0) 1 : 0.000043 0.999699 0.000043 0.000043 0.000043 0.000043 0.000043 0.000043
70 70 (0) 1 : 0.000033 0.999771 0.000033 0.000033 0.000033 0.000033 0.000033 0.000033
71 71 (0) 1 : 0.000038 0.999731 0.000038 0.000038 0.000038 0.000038 0.000038 0.000038
72 72 (0) 1 : 0.000037 0.999738 0.000037 0.000037 0.000037 0.000037 0.000037 0.000037
73 73 (0) 1 : 0.000035 0.999756 0.000035 0.000035 0.000035 0.000035 0.000035 0.000035
74 74 (0) 1 : 0.000025 0.999827 0.000025 0.000025 0.000025 0.000025 0.000025 0.000025
75 75 (0) 1 : 0.000024 0.999829 0.000024 0.000024 0.000024 0.000024 0.000024 0.000024
76 76 (0) 1 : 0.000048 0.999663 0.000048 0.000048 0.000048 0.000048 0.000048 0.000048
77 77 (0) 1 : 0.000038 0.999737 0.000038 0.000038 0.000038 0.000038 0.000038 0.000038
78 78 (0) 1 : 0.000037 0.999740 0.000037 0.000037 0.000037 0.000037 0.000037 0.000037
79 79 (0) 1 : 0.000031 0.656411 0.000031 0.343404 0.000031 0.000031 0.000031 0.000031
80 80 (0) 1 : 0.000024 0.999830 0.000024 0.000024 0.000024 0.000024 0.000024 0.000024
81 81 (0) 1 : 0.000024 0.999830 0.000024 0.000024 0.000024 0.000024 0.000024 0.000024
82 82 (0) 1 : 0.000027 0.999809 0.000027 0.000027 0.000027 0.000027 0.000027 0.000027
83 83 (0) 1 : 0.000035 0.528540 0.000035 0.000035 0.000035 0.471248 0.000035 0.000035
84 84 (0) 1 : 0.000048 0.898000 0.000048 0.101712 0.000048 0.000048 0.000048 0.000048
85 85 (0) 1 : 0.000025 0.999826 0.000025 0.000025 0.000025 0.000025 0.000025 0.000025
86 86 (0) 1 : 0.000024 0.999829 0.000024 0.000024 0.000024 0.000024 0.000024 0.000024
87 87 (0) 5 : 0.000038 0.215744 0.000038 0.784029 0.000038 0.000038 0.000038 0.000038
88 88 (0) 5 : 0.000033 0.000033 0.000033 0.999772 0.000033 0.000033 0.000033 0.000033
89 89 (0) 5 : 0.000026 0.000026 0.000026 0.999821 0.000026 0.000026 0.000026 0.000026
90 90 (0) 5 : 0.000037 0.000038 0.000037 0.999738 0.000037 0.000038 0.000037 0.000038
91 91 (0) 5 : 0.000036 0.000036 0.000036 0.999750 0.000036 0.000036 0.000036 0.000036
92 92 (0) 5 : 0.000029 0.000029 0.000029 0.999799 0.000029 0.000029 0.000029 0.000029
93 93 (0) 5 : 0.000040 0.000040 0.000040 0.999718 0.000040 0.000040 0.000040 0.000040
94 94 (0) 5 : 0.000030 0.000030 0.000030 0.999790 0.000030 0.000030 0.000030 0.000030
95 95 (0) 5 : 0.000039 0.000039 0.000039 0.999729 0.000039 0.000039 0.000039 0.000039
96 96 (0) 5 : 0.000034 0.000034 0.000034 0.999760 0.000034 0.000034 0.000034 0.000034
97 97 (0) 6 : 0.000034 0.000034 0.000034 0.000034 0.000034 0.999761 0.000034 0.000034
98 98 (0) 6 : 0.000033 0.000033 0.000033 0.000033 0.000033 0.999770 0.000033 0.000033
99 99 (0) 6 : 0.000033 0.000033 0.000033 0.000033 0.000033 0.999768 0.000033 0.000033
100 100 (0) 6 : 0.000027 0.000027 0.000027 0.000027 0.000027 0.999813 0.000027 0.000027
101 101 (0) 6 : 0.000027 0.000027 0.000027 0.000027 0.000027 0.999813 0.000027 0.000027
102 102 (0) 6 : 0.000025 0.000025 0.000025 0.000025 0.000025 0.999824 0.000025 0.000025
103 103 (0) 6 : 0.000034 0.000034 0.000034 0.000034 0.000034 0.999765 0.000034 0.000034
104 104 (0) 6 : 0.000035 0.000036 0.000035 0.000036 0.000035 0.999751 0.000035 0.000036
105 105 (0) 6 : 0.000035 0.000035 0.000035 0.000035 0.000035 0.999756 0.000035 0.000035
106 106 (0) 6 : 0.000039 0.000039 0.000039 0.000039 0.000039 0.999725 0.000039 0.000039
107 107 (0) 6 : 0.000035 0.000035 0.000035 0.000035 0.000035 0.999755 0.000035 0.000035
108 108 (0) 6 : 0.000037 0.000037 0.000037 0.000037 0.000037 0.999742 0.000037 0.000037
109 109 (0) 6 : 0.000036 0.000036 0.000036 0.000036 0.000036 0.999747 0.000036 0.000036
110 110 (0) 2 : 0.000028 0.000028 0.000028 0.000028 0.000028 0.000028 0.000028 0.999805
111 111 (0) 2 : 0.000036 0.000036 0.000036 0.000036 0.000036 0.000036 0.000036 0.999749
112 112 (0) 2 : 0.000036 0.000036 0.000036 0.000036 0.000036 0.000036 0.000036 0.999746
113 113 (0) 2 : 0.000033 0.000033 0.000033 0.000033 0.000033 0.000033 0.000033 0.999767
114 114 (0) 2 : 0.000035 0.000035 0.000035 0.000035 0.000035 0.000035 0.000035 0.999757
115 115 (0) 3 : 0.000025 0.999827 0.000025 0.000025 0.000025 0.000025 0.000025 0.000025
1 1 (0) 1 : 0.000036 0.000036 0.000036 0.000036 0.999747 0.000036 0.000036 0.000036
2 2 (0) 1 : 0.000034 0.000034 0.000034 0.000035 0.999758 0.000034 0.000034 0.000034
3 3 (0) 1 : 0.000037 0.000037 0.000037 0.000037 0.999744 0.000037 0.000037 0.000037
4 4 (0) 1 : 0.000037 0.000037 0.000037 0.000037 0.999742 0.000037 0.000037 0.000037
5 5 (0) 1 : 0.000038 0.000038 0.000038 0.000038 0.999731 0.000038 0.000038 0.000038
6 6 (0) 1 : 0.000037 0.000037 0.000037 0.000037 0.999741 0.000037 0.000037 0.000037
7 7 (0) 1 : 0.000040 0.000040 0.000040 0.000040 0.999721 0.000040 0.000040 0.000040
8 8 (0) 1 : 0.000028 0.000028 0.000028 0.000028 0.999803 0.000028 0.000028 0.000028
9 9 (0) 1 : 0.000026 0.000026 0.000026 0.000026 0.999816 0.000026 0.000026 0.000026
10 10 (0) 1 : 0.000031 0.000031 0.000031 0.000031 0.999785 0.000031 0.000031 0.000031
11 11 (0) 1 : 0.000036 0.000036 0.000036 0.000036 0.999748 0.000036 0.000036 0.000036
12 12 (0) 1 : 0.000030 0.000030 0.000030 0.000030 0.999793 0.000030 0.000030 0.000030
13 13 (0) 1 : 0.000035 0.000035 0.000035 0.000035 0.999753 0.000035 0.000035 0.000035
14 14 (0) 1 : 0.000036 0.000036 0.000036 0.000036 0.999751 0.000036 0.000036 0.000036
15 15 (0) 1 : 0.000036 0.000036 0.000036 0.000036 0.999750 0.000036 0.000036 0.000036
16 16 (0) 1 : 0.000038 0.000038 0.000038 0.000038 0.999736 0.000038 0.000038 0.000038
17 17 (0) 1 : 0.000041 0.000041 0.000041 0.000041 0.999714 0.000041 0.000041 0.000041
18 18 (0) 2 : 0.000028 0.000028 0.000028 0.000028 0.999806 0.000028 0.000028 0.000028
19 19 (0) 2 : 0.000036 0.000036 0.000036 0.000036 0.999750 0.000036 0.000036 0.000036
20 20 (0) 3 : 0.000028 0.000028 0.000028 0.000028 0.999803 0.000028 0.000028 0.000028
21 21 (0) 3 : 0.000029 0.000029 0.000029 0.000029 0.999794 0.000029 0.000029 0.000029
22 22 (0) 2 : 0.000037 0.000037 0.000037 0.000037 0.999744 0.000037 0.000037 0.000037
23 23 (0) 2 : 0.000028 0.000028 0.000028 0.000028 0.999803 0.000028 0.000028 0.000028
24 24 (0) 2 : 0.000027 0.000027 0.000027 0.000027 0.999810 0.000027 0.000027 0.000027
25 25 (0) 4 : 0.000033 0.000033 0.000033 0.999772 0.000033 0.000033 0.000033 0.000033
26 26 (0) 4 : 0.000028 0.000028 0.000028 0.999801 0.000029 0.000028 0.000028 0.000028
27 27 (0) 4 : 0.000042 0.000042 0.000042 0.999707 0.000042 0.000042 0.000042 0.000042
28 28 (0) 4 : 0.000037 0.000037 0.000037 0.999742 0.000037 0.000037 0.000037 0.000037
29 29 (0) 4 : 0.000043 0.000043 0.000043 0.999698 0.000043 0.000043 0.000043 0.000043
30 30 (0) 4 : 0.000048 0.000048 0.000048 0.855097 0.144613 0.000048 0.000048 0.000048
31 31 (0) 4 : 0.000039 0.000039 0.000039 0.999724 0.000039 0.000039 0.000039 0.000039
32 32 (0) 4 : 0.000041 0.000041 0.000041 0.999712 0.000041 0.000041 0.000041 0.000041
33 33 (0) 4 : 0.000035 0.000035 0.000035 0.999753 0.000035 0.000035 0.000035 0.000035
34 34 (0) 4 : 0.000027 0.000027 0.000027 0.999789 0.000048 0.000027 0.000027 0.000027
35 35 (0) 4 : 0.000026 0.000026 0.000026 0.972130 0.027714 0.000026 0.000026 0.000026
36 36 (0) 4 : 0.000026 0.000026 0.000026 0.999817 0.000026 0.000026 0.000026 0.000026
37 37 (0) 4 : 0.000027 0.000027 0.000027 0.999814 0.000027 0.000027 0.000027 0.000027
38 38 (0) 4 : 0.000034 0.000034 0.000034 0.999765 0.000034 0.000034 0.000034 0.000034
39 39 (0) 4 : 0.000028 0.000028 0.000028 0.999805 0.000028 0.000028 0.000028 0.000028
40 40 (0) 4 : 0.000026 0.000026 0.000026 0.999817 0.000026 0.000026 0.000026 0.000026
41 41 (0) 4 : 0.000037 0.000037 0.000037 0.999740 0.000037 0.000037 0.000037 0.000037
42 42 (0) 4 : 0.000036 0.000036 0.000036 0.999748 0.000036 0.000036 0.000036 0.000036
43 43 (0) 4 : 0.000038 0.000038 0.000038 0.999737 0.000038 0.000038 0.000038 0.000038
44 44 (0) 4 : 0.000036 0.000036 0.000036 0.999747 0.000036 0.000036 0.000036 0.000036
45 45 (0) 4 : 0.000037 0.000037 0.000037 0.999744 0.000037 0.000037 0.000037 0.000037
46 46 (0) 4 : 0.000036 0.000036 0.000036 0.899483 0.100300 0.000036 0.000036 0.000036
47 47 (0) 4 : 0.000038 0.000038 0.000038 0.999737 0.000038 0.000038 0.000038 0.000038
48 48 (0) 4 : 0.000036 0.000036 0.000036 0.874665 0.125120 0.000036 0.000036 0.000036
49 49 (0) 4 : 0.000035 0.000035 0.000035 0.999756 0.000035 0.000035 0.000035 0.000035
50 50 (0) 4 : 0.000036 0.000036 0.000036 0.999749 0.000036 0.000036 0.000036 0.000036
51 51 (0) 1 : 0.000024 0.000024 0.000024 0.000024 0.999834 0.000024 0.000024 0.000024
52 52 (0) 1 : 0.000025 0.000025 0.000025 0.000025 0.999824 0.000025 0.000025 0.000025
53 53 (0) 1 : 0.000040 0.000040 0.000040 0.113593 0.886166 0.000040 0.000040 0.000040
54 54 (0) 1 : 0.000028 0.000028 0.000028 0.000031 0.999802 0.000028 0.000028 0.000028
55 55 (0) 1 : 0.000043 0.000043 0.000043 0.090442 0.909300 0.000043 0.000043 0.000043
56 56 (0) 1 : 0.000027 0.000027 0.000027 0.000027 0.999811 0.000027 0.000027 0.000027
57 57 (0) 1 : 0.000026 0.000026 0.000026 0.364901 0.634945 0.000026 0.000026 0.000026
58 58 (0) 1 : 0.000035 0.000035 0.000035 0.288933 0.710857 0.000035 0.000035 0.000035
59 59 (0) 1 : 0.000034 0.000034 0.000034 0.000034 0.999763 0.000034 0.000034 0.000034
60 60 (0) 1 : 0.000035 0.000035 0.000035 0.000035 0.999757 0.000035 0.000035 0.000035
61 61 (0) 1 : 0.000024 0.000024 0.000024 0.000024 0.999829 0.000024 0.000024 0.000024
62 62 (0) 1 : 0.000031 0.000031 0.000031 0.000031 0.999783 0.000031 0.000031 0.000031
63 63 (0) 1 : 0.000032 0.000032 0.000032 0.000033 0.999773 0.000032 0.000032 0.000032
64 64 (0) 1 : 0.000036 0.000036 0.000036 0.000036 0.999748 0.000036 0.000036 0.000036
65 65 (0) 1 : 0.000035 0.000035 0.000035 0.000035 0.999752 0.000035 0.000035 0.000035
66 66 (0) 1 : 0.000039 0.000039 0.000039 0.000039 0.999725 0.000039 0.000039 0.000039
67 67 (0) 1 : 0.000035 0.000035 0.000035 0.000035 0.999757 0.000035 0.000035 0.000035
68 68 (0) 1 : 0.000040 0.000040 0.000040 0.000040 0.999719 0.000040 0.000040 0.000040
69 69 (0) 1 : 0.000043 0.000043 0.000043 0.000043 0.999699 0.000043 0.000043 0.000043
70 70 (0) 1 : 0.000033 0.000033 0.000033 0.000033 0.999771 0.000033 0.000033 0.000033
71 71 (0) 1 : 0.000038 0.000038 0.000038 0.000038 0.999731 0.000038 0.000038 0.000038
72 72 (0) 1 : 0.000037 0.000037 0.000037 0.000037 0.999738 0.000037 0.000037 0.000037
73 73 (0) 1 : 0.000035 0.000035 0.000035 0.000035 0.999756 0.000035 0.000035 0.000035
74 74 (0) 1 : 0.000025 0.000025 0.000025 0.000025 0.999827 0.000025 0.000025 0.000025
75 75 (0) 1 : 0.000024 0.000024 0.000024 0.000024 0.999829 0.000024 0.000024 0.000024
76 76 (0) 1 : 0.000048 0.000048 0.000048 0.000048 0.999663 0.000048 0.000048 0.000048
77 77 (0) 1 : 0.000038 0.000038 0.000038 0.000038 0.999737 0.000038 0.000038 0.000038
78 78 (0) 1 : 0.000037 0.000037 0.000037 0.000037 0.999740 0.000037 0.000037 0.000037
79 79 (0) 1 : 0.000031 0.000031 0.000031 0.058567 0.941248 0.000031 0.000031 0.000031
80 80 (0) 1 : 0.000024 0.000024 0.000024 0.000024 0.999830 0.000024 0.000024 0.000024
81 81 (0) 1 : 0.000024 0.000024 0.000024 0.000024 0.999830 0.000024 0.000024 0.000024
82 82 (0) 1 : 0.000027 0.000027 0.000027 0.000027 0.999809 0.000027 0.000027 0.000027
83 83 (0) 1 : 0.000035 0.000035 0.000035 0.000035 0.999753 0.000035 0.000035 0.000035
84 84 (0) 1 : 0.000048 0.000048 0.000048 0.000048 0.999664 0.000048 0.000048 0.000048
85 85 (0) 1 : 0.000025 0.000025 0.000025 0.000025 0.999826 0.000025 0.000025 0.000025
86 86 (0) 1 : 0.000024 0.000024 0.000024 0.000024 0.999829 0.000024 0.000024 0.000024
87 87 (0) 5 : 0.000038 0.000038 0.000038 0.589758 0.410015 0.000038 0.000038 0.000038
88 88 (0) 5 : 0.000033 0.000033 0.000033 0.725584 0.274220 0.000033 0.000033 0.000033
89 89 (0) 5 : 0.000026 0.000026 0.000026 0.595976 0.403871 0.000026 0.000026 0.000026
90 90 (0) 5 : 0.000037 0.000037 0.000037 0.900889 0.098886 0.000037 0.000037 0.000037
91 91 (0) 5 : 0.000036 0.000036 0.000036 0.999750 0.000036 0.000036 0.000036 0.000036
92 92 (0) 5 : 0.000029 0.000029 0.000029 0.681809 0.318018 0.000029 0.000029 0.000029
93 93 (0) 5 : 0.000040 0.000040 0.000040 0.816079 0.183679 0.000040 0.000040 0.000040
94 94 (0) 5 : 0.000030 0.000030 0.000030 0.764001 0.235819 0.000030 0.000030 0.000030
95 95 (0) 5 : 0.000039 0.000039 0.000039 0.999720 0.000048 0.000039 0.000039 0.000039
96 96 (0) 5 : 0.000034 0.000034 0.000034 0.860087 0.139707 0.000034 0.000034 0.000034
97 97 (0) 6 : 0.000034 0.000034 0.000034 0.000034 0.999761 0.000034 0.000034 0.000034
98 98 (0) 6 : 0.000033 0.000033 0.000033 0.000033 0.999771 0.000033 0.000033 0.000033
99 99 (0) 6 : 0.000033 0.000033 0.000033 0.000033 0.999768 0.000033 0.000033 0.000033
100 100 (0) 6 : 0.000027 0.000027 0.000027 0.000027 0.999813 0.000027 0.000027 0.000027
101 101 (0) 6 : 0.000027 0.000027 0.000027 0.000027 0.999813 0.000027 0.000027 0.000027
102 102 (0) 6 : 0.000025 0.000025 0.000025 0.000025 0.999824 0.000025 0.000025 0.000025
103 103 (0) 6 : 0.000034 0.000034 0.000034 0.000034 0.999765 0.000034 0.000034 0.000034
104 104 (0) 6 : 0.000035 0.000035 0.000035 0.000036 0.999752 0.000035 0.000035 0.000035
105 105 (0) 6 : 0.000035 0.000035 0.000035 0.000035 0.999756 0.000035 0.000035 0.000035
106 106 (0) 6 : 0.000039 0.000039 0.000039 0.000039 0.999726 0.000039 0.000039 0.000039
107 107 (0) 6 : 0.000035 0.000035 0.000035 0.000035 0.999755 0.000035 0.000035 0.000035
108 108 (0) 6 : 0.000037 0.000037 0.000037 0.000037 0.999742 0.000037 0.000037 0.000037
109 109 (0) 6 : 0.000036 0.000036 0.000036 0.000036 0.999747 0.000036 0.000036 0.000036
110 110 (0) 2 : 0.000028 0.000028 0.000028 0.000028 0.999805 0.000028 0.000028 0.000028
111 111 (0) 2 : 0.000036 0.000036 0.000036 0.000036 0.999749 0.000036 0.000036 0.000036
112 112 (0) 2 : 0.000036 0.000036 0.000036 0.000036 0.999746 0.000036 0.000036 0.000036
113 113 (0) 2 : 0.000033 0.000033 0.000033 0.000033 0.999767 0.000033 0.000033 0.000033
114 114 (0) 2 : 0.000035 0.000035 0.000035 0.000035 0.999757 0.000035 0.000035 0.000035
115 115 (0) 3 : 0.000025 0.000025 0.000025 0.000025 0.999827 0.000025 0.000025 0.000025
