1 1 (0) 1 : 0.000032 0.000032 0.000032 0.000032 0.999743 0.000032 0.000032 0.000032 0.000032
2 2 (0) 1 : 0.000031 0.000031 0.000031 0.000031 0.999755 0.000031 0.000031 0.000031 0.000031
3 3 (0) 1 : 0.000033 0.000033 0.000033 0.000033 0.999739 0.000033 0.000033 0.000033 0.000033
4 4 (0) 1 : 0.000033 0.000033 0.000033 0.000033 0.999738 0.000033 0.000033 0.000033 0.000033
5 5 (0) 1 : 0.000034 0.000034 0.000034 0.000034 0.999727 0.000034 0.000034 0.000034 0.000034
6 6 (0) 1 : 0.000033 0.000033 0.000033 0.000033 0.999737 0.000033 0.000033 0.000033 0.000033
7 7 (0) 1 : 0.000035 0.000035 0.000035 0.000035 0.999717 0.000035 0.000035 0.000035 0.000035
8 8 (0) 1 : 0.000025 0.000025 0.000025 0.000025 0.999801 0.000025 0.000025 0.000025 0.000025
9 9 (0) 1 : 0.000023 0.000023 0.000023 0.000023 0.999813 0.000023 0.000023 0.000023 0.000023
10 10 (0) 1 : 0.000027 0.000027 0.000027 0.000027 0.999781 0.000027 0.000027 0.000027 0.000027
11 11 (0) 1 : 0.000032 0.000032 0.000032 0.000032 0.999745 0.000032 0.000032 0.000032 0.000032
12 12 (0) 1 : 0.000026 0.000026 0.000026 0.000026 0.999791 0.000026 0.000026 0.000026 0.000026
13 13 (0) 1 : 0.000031 0.000031 0.000031 0.000031 0.999750 0.000031 0.000031 0.000031 0.000031
14 14 (0) 1 : 0.000032 0.000032 0.000032 0.000032 0.999747 0.000032 0.000032 0.000032 0.000032
15 15 (0) 1 : 0.000032 0.000032 0.000032 0.000032 0.999747 0.000032 0.000032 0.000032 0.000032
16 16 (0) 1 : 0.000033 0.000033 0.000033 0.000033 0.999733 0.000033 0.000033 0.000033 0.000033
17 17 (0) 1 : 0.000036 0.000036 0.000036 0.000036 0.999710 0.000036 0.000036 0.000036 0.000036
18 18 (0) 2 : 0.000025 0.788975 0.000025 0.000025 0.210852 0.000025 0.000025 0.000025 0.000025
19 19 (0) 2 : 0.000032 0.710208 0.000032 0.000032 0.289570 0.000032 0.000032 0.000032 0.000032
20 20 (0) 3 : 0.000025 0.000025 0.000025 0.000025 0.999800 0.000025 0.000025 0.000025 0.000025
21 21 (0) 3 : 0.000026 0.000026 0.000026 0.000026 0.999791 0.000026 0.000026 0.000026 0.000026
22 22 (0) 2 : 0.000032 0.999741 0.000032 0.000032 0.000032 0.000032 0.000032 0.000032 0.000032
23 23 (0) 2 : 0.000025 0.999801 0.000025 0.000025 0.000025 0.000025 0.000025 0.000025 0.000025
24 24 (0) 2 : 0.000024 0.999807 0.000024 0.000024 0.000024 0.000024 0.000024 0.000024 0.000024
25 25 (0) 4 : 0.000029 0.000029 0.000029 0.000029 0.000029 0.999769 0.000029 0.000029 0.000029
26 26 (0) 4 : 0.000025 0.000025 0.000025 0.000025 0.000025 0.999798 0.000025 0.000025 0.000025
27 27 (0) 4 : 0.000037 0.000037 0.000037 0.000037 0.000037 0.999702 0.000037 0.000037 0.000037
28 28 (0) 4 : 0.000033 0.000033 0.000033 0.000033 0.000033 0.999738 0.000033 0.000033 0.000033
29 29 (0) 4 : 0.000038 0.000038 0.000038 0.000038 0.000038 0.999693 0.000038 0.000038 0.000038
30 30 (0) 4 : 0.000043 0.000043 0.000043 0.000043 0.121253 0.878447 0.000043 0.000043 0.000043
31 31 (0) 4 : 0.000035 0.000035 0.000035 0.000035 0.000035 0.999720 0.000035 0.000035 0.000035
32 32 (0) 4 : 0.000037 0.000037 0.000037 0.000037 0.000037 0.999707 0.000037 0.000037 0.000037
33 33 (0) 4 : 0.000031 0.000031 0.000031 0.000031 0.000031 0.999750 0.000031 0.000031 0.000031
34 34 (0) 4 : 0.000024 0.000024 0.000024 0.000024 0.000024 0.999808 0.000024 0.000024 0.000024
35 35 (0) 4 : 0.000023 0.000023 0.000023 0.000023 0.096718 0.903120 0.000023 0.000023 0.000023
36 36 (0) 4 : 0.000023 0.000023 0.000023 0.000023 0.000023 0.999814 0.000023 0.000023 0.000023
37 37 (0) 4 : 0.000024 0.000024 0.000024 0.000024 0.000024 0.999811 0.000024 0.000024 0.000024
38 38 (0) 4 : 0.000030 0.000030 0.000030 0.000030 0.000030 0.999761 0.000030 0.000030 0.000030
39 39 (0) 4 : 0.000025 0.000025 0.000025 0.000025 0.000025 0.999802 0.000025 0.000025 0.000025
40 40 (0) 4 : 0.000023 0.000023 0.000023 0.000023 0.000023 0.999814 0.000023 0.000023 0.000023
41 41 (0) 4 : 0.000033 0.000033 0.000033 0.000033 0.000033 0.999735 0.000033 0.000033 0.000033
42 42 (0) 4 : 0.000032 0.000032 0.000032 0.000032 0.000032 0.999744 0.000032 0.000032 0.000032
43 43 (0) 4 : 0.000033 0.000033 0.000033 0.000033 0.000033 0.999733 0.000033 0.000033 0.000033
44 44 (0) 4 : 0.000032 0.000032 0.000032 0.000032 0.000032 0.999743 0.000032 0.000032 0.000032
45 45 (0) 4 : 0.000032 0.000033 0.000032 0.000032 0.000033 0.999740 0.000032 0.000033 0.000032
46 46 (0) 4 : 0.000032 0.000032 0.000032 0.000032 0.127356 0.872418 0.000032 0.000032 0.000032
47 47 (0) 4 : 0.000033 0.000033 0.000033 0.000033 0.000033 0.999733 0.000033 0.000033 0.000033
48 48 (0) 4 : 0.000032 0.000032 0.000032 0.000032 0.107543 0.892235 0.000032 0.000032 0.000032
49 49 (0) 4 : 0.000031 0.000031 0.000031 0.000031 0.000031 0.999752 0.000031 0.000031 0.000031
50 50 (0) 4 : 0.000032 0.000032 0.000032 0.000032 0.000032 0.999745 0.000032 0.000032 0.000032
51 51 (0) 1 : 0.000021 0.000021 0.000021 0.000021 0.999831 0.000021 0.000021 0.000021 0.000021
52 52 (0) 1 : 0.000022 0.000022 0.000022 0.000022 0.999822 0.000022 0.000022 0.000022 0.000022
53 53 (0) 1 : 0.000036 0.000036 0.000036 0.000036 0.999714 0.000036 0.000036 0.000036 0.000036
54 54 (0) 1 : 0.000025 0.000025 0.000025 0.000025 0.999802 0.000025 0.000025 0.000025 0.000025
55 55 (0) 1 : 0.000038 0.000038 0.000038 0.000038 0.999694 0.000038 0.000038 0.000038 0.000038
56 56 (0) 1 : 0.000024 0.000024 0.000024 0.000024 0.676877 0.322955 0.000024 0.000024 0.000024
57 57 (0) 1 : 0.000023 0.000023 0.000023 0.000023 0.999817 0.000023 0.000023 0.000023 0.000023
58 58 (0) 1 : 0.000031 0.000031 0.000031 0.000031 0.999753 0.000031 0.000031 0.000031 0.000031
59 59 (0) 1 : 0.000030 0.000030 0.000030 0.000030 0.999759 0.000030 0.000030 0.000030 0.000030
60 60 (0) 1 : 0.000031 0.000031 0.000031 0.000031 0.999752 0.000031 0.000031 0.000031 0.000031
61 61 (0) 1 : 0.000022 0.000022 0.000022 0.000022 0.999827 0.000022 0.000022 0.000022 0.000022
62 62 (0) 1 : 0.000027 0.000027 0.000027 0.000027 0.999780 0.000027 0.000027 0.000027 0.000027
63 63 (0) 1 : 0.000029 0.000029 0.000029 0.000029 0.999769 0.000029 0.000029 0.000029 0.000029
64 64 (0) 1 : 0.000032 0.000032 0.000032 0.000032 0.999744 0.000032 0.000032 0.000032 0.000032
65 65 (0) 1 : 0.000031 0.000031 0.000031 0.000031 0.999749 0.000031 0.000031 0.000031 0.000031
66 66 (0) 1 : 0.000035 0.000035 0.000035 0.000035 0.999721 0.000035 0.000035 0.000035 0.000035
67 67 (0) 1 : 0.000031 0.000031 0.000031 0.000031 0.999754 0.000031 0.000031 0.000031 0.000031
68 68 (0) 1 : 0.000036 0.000036 0.000036 0.000036 0.999715 0.000036 0.000036 0.000036 0.000036
69 69 (0) 1 : 0.000038 0.000038 0.000038 0.000038 0.999696 0.000038 0.000038 0.000038 0.000038
70 70 (0) 1 : 0.000029 0.000029 0.000029 0.000029 0.999768 0.000029 0.000029 0.000029 0.000029
71 71 (0) 1 : 0.000034 0.000034 0.000034 0.000034 0.999727 0.000034 0.000034 0.000034 0.000034
72 72 (0) 1 : 0.000033 0.000033 0.000033 0.000033 0.999734 0.000033 0.000033 0.000033 0.000033
73 73 (0) 1 : 0.000031 0.000031 0.000031 0.000031 0.999753 0.000031 0.000031 0.000031 0.000031
74 74 (0) 1 : 0.000022 0.000022 0.000022 0.000022 0.999824 0.000022 0.000022 0.000022 0.000022
75 75 (0) 1 : 0.000022 0.000022 0.000022 0.000022 0.999827 0.000022 0.000022 0.000022 0.000022
76 76 (0) 1 : 0.000043 0.000043 0.000043 0.000043 0.999659 0.000043 0.000043 0.000043 0.000043
77 77 (0) 1 : 0.000034 0.000034 0.000034 0.000034 0.999732 0.000034 0.000034 0.000034 0.000034
78 78 (0) 1 : 0.000033 0.000033 0.000033 0.000033 0.999737 0.000033 0.000033 0.000033 0.000033
79 79 (0) 1 : 0.000027 0.000027 0.000027 0.000027 0.999781 0.000027 0.000027 0.000027 0.000027
80 80 (0) 1 : 0.000022 0.000022 0.000022 0.000022 0.999827 0.000022 0.000022 0.000022 0.000022
81 81 (0) 1 : 0.000022 0.000022 0.000022 0.000022 0.999827 0.000022 0.000022 0.000022 0.000022
82 82 (0) 1 : 0.000024 0.000024 0.000024 0.000024 0.999806 0.000024 0.000024 0.000024 0.000024
83 83 (0) 1 : 0.000031 0.000031 0.000031 0.000031 0.823651 0.000031 0.000031 0.176130 0.000031
84 84 (0) 1 : 0.000043 0.000043 0.000043 0.000043 0.999657 0.000043 0.000043 0.000043 0.000043
85 85 (0) 1 : 0.000022 0.000022 0.000022 0.000022 0.999824 0.000022 0.000022 0.000022 0.000022
86 86 (0) 1 : 0.000022 0.000022 0.000022 0.000022 0.999827 0.000022 0.000022 0.000022 0.000022
87 87 (0) 5 : 0.000033 0.000034 0.000033 0.000033 0.999732 0.000034 0.000033 0.000034 0.000033
88 88 (0) 5 : 0.000029 0.000029 0.000029 0.000029 0.474903 0.524895 0.000029 0.000029 0.000029
89 89 (0) 5 : 0.000023 0.000023 0.000023 0.000023 0.566711 0.433130 0.000023 0.000023 0.000023
90 90 (0) 5 : 0.000033 0.000033 0.000033 0.000033 0.218576 0.781190 0.000033 0.000033 0.000033
91 91 (0) 5 : 0.000032 0.000032 0.000032 0.000032 0.000032 0.999747 0.000032 0.000032 0.000032
92 92 (0) 5 : 0.000026 0.000026 0.000026 0.000026 0.518735 0.481086 0.000026 0.000026 0.000026
93 93 (0) 5 : 0.000036 0.000036 0.000036 0.000036 0.999714 0.000036 0.000036 0.000036 0.000036
94 94 (0) 5 : 0.000027 0.000027 0.000027 0.000027 0.272618 0.727195 0.000027 0.000027 0.000027
95 95 (0) 5 : 0.000034 0.000034 0.000034 0.000034 0.000034 0.999725 0.000034 0.000034 0.000034
96 96 (0) 5 : 0.000030 0.000030 0.000030 0.000030 0.237345 0.762441 0.000030 0.000030 0.000030
97 97 (0) 6 : 0.000030 0.000030 0.000030 0.000030 0.000030 0.000030 0.000030 0.999757 0.000030
98 98 (0) 6 : 0.000029 0.000029 0.000029 0.000029 0.000029 0.000029 0.000029 0.999766 0.000029
99 99 (0) 6 : 0.000029 0.000029 0.000029 0.000029 0.000029 0.000029 0.000029 0.999765 0.000029
100 100 (0) 6 : 0.000024 0.000024 0.000024 0.000024 0.000024 0.000024 0.000024 0.999810 0.000024
101 101 (0) 6 : 0.000024 0.000024 0.000024 0.000024 0.710370 0.000024 0.000024 0.289464 0.000024
102 102 (0) 6 : 0.000022 0.000022 0.000022 0.000022 0.000022 0.000022 0.000022 0.999821 0.000022
103 103 (0) 6 : 0.000030 0.000030 0.000030 0.000030 0.000030 0.000030 0.000030 0.999760 0.000030
104 104 (0) 6 : 0.000032 0.000032 0.000032 0.000032 0.000032 0.000032 0.000032 0.999748 0.000032
105 105 (0) 6 : 0.000031 0.000031 0.000031 0.000031 0.000031 0.000031 0.000031 0.999752 0.000031
106 106 (0) 6 : 0.000035 0.000035 0.000035 0.000035 0.000035 0.000035 0.000035 0.999720 0.000035
107 107 (0) 6 : 0.000031 0.000031 0.000031 0.000031 0.000031 0.000031 0.000031 0.999752 0.000031
108 108 (0) 6 : 0.000033 0.000033 0.000033 0.000033 0.000033 0.000033 0.000033 0.999737 0.000033
109 109 (0) 6 : 0.000032 0.000032 0.000032 0.000032 0.000032 0.000032 0.000032 0.999743 0.000032
110 110 (0) 2 : 0.000025 0.670229 0.000025 0.000025 0.329598 0.000025 0.000025 0.000025 0.000025
111 111 (0) 2 : 0.000032 0.999745 0.000032 0.000032 0.000032 0.000032 0.000032 0.000032 0.000032
112 112 (0) 2 : 0.000032 0.652394 0.000032 0.000032 0.347380 0.000032 0.000032 0.000032 0.000032
113 113 (0) 2 : 0.000030 0.679518 0.000030 0.000030 0.320274 0.000030 0.000030 0.000030 0.000030
114 114 (0) 2 : 0.000031 0.536328 0.000031 0.000031 0.463456 0.000031 0.000031 0.000031 0.000031
115 115 (0) 3 : 0.000022 0.000022 0.000022 0.000022 0.999824 0.000022 0.000022 0.000022 0.000022
1 1 (0) 1 : 0.999744 0.000032 0.000032 0.000032 0.000032 0.000032 0.000032 0.000032 0.000032
2 2 (0) 1 : 0.999755 0.000031 0.000031 0.000031 0.000031 0.000031 0.000031 0.000031 0.000031
3 3 (0) 1 : 0.999739 0.000033 0.000033 0.000033 0.000033 0.000033 0.000033 0.000033 0.000033
4 4 (0) 1 : 0.999738 0.000033 0.000033 0.000033 0.000033 0.000033 0.000033 0.000033 0.000033
5 5 (0) 1 : 0.999727 0.000034 0.000034 0.000034 0.000034 0.000034 0.000034 0.000034 0.000034
6 6 (0) 1 : 0.999737 0.000033 0.000033 0.000033 0.000033 0.000033 0.000033 0.000033 0.000033
7 7 (0) 1 : 0.999717 0.000035 0.000035 0.000035 0.000035 0.000035 0.000035 0.000035 0.000035
8 8 (0) 1 : 0.999801 0.000025 0.000025 0.000025 0.000025 0.000025 0.000025 0.000025 0.000025
9 9 (0) 1 : 0.999813 0.000023 0.000023 0.000023 0.000023 0.000023 0.000023 0.000023 0.000023
10 10 (0) 1 : 0.999781 0.000027 0.000027 0.000027 0.000027 0.000027 0.000027 0.000027 0.000027
11 11 (0) 1 : 0.999745 0.000032 0.000032 0.000032 0.000032 0.000032 0.000032 0.000032 0.000032
12 12 (0) 1 : 0.999791 0.000026 0.000026 0.000026 0.000026 0.000026 0.000026 0.000026 0.000026
13 13 (0) 1 : 0.999750 0.000031 0.000031 0.000031 0.000031 0.000031 0.000031 0.000031 0.000031
14 14 (0) 1 : 0.999747 0.000032 0.000032 0.000032 0.000032 0.000032 0.000032 0.000032 0.000032
15 15 (0) 1 : 0.999747 0.000032 0.000032 0.000032 0.000032 0.000032 0.000032 0.000032 0.000032
16 16 (0) 1 : 0.999733 0.000033 0.000033 0.000033 0.000033 0.000033 0.000033 0.000033 0.000033
17 17 (0) 1 : 0.999710 0.000036 0.000036 0.000036 0.000036 0.000036 0.000036 0.000036 0.000036
18 18 (0) 2 : 0.999803 0.000025 0.000025 0.000025 0.000025 0.000025 0.000025 0.000025 0.000025
19 19 (0) 2 : 0.999747 0.000032 0.000032 0.000032 0.000032 0.000032 0.000032 0.000032 0.000032
20 20 (0) 3 : 0.999800 0.000025 0.000025 0.000025 0.000025 0.000025 0.000025 0.000025 0.000025
21 21 (0) 3 : 0.999791 0.000026 0.000026 0.000026 0.000026 0.000026 0.000026 0.000026 0.000026
22 22 (0) 2 : 0.999741 0.000032 0.000032 0.000032 0.000032 0.000032 0.000032 0.000032 0.000032
23 23 (0) 2 : 0.999801 0.000025 0.000025 0.000025 0.000025 0.000025 0.000025 0.000025 0.000025
24 24 (0) 2 : 0.999807 0.000024 0.000024 0.000024 0.000024 0.000024 0.000024 0.000024 0.000024
25 25 (0) 4 : 0.000029 0.000029 0.000029 0.000029 0.000029 0.999769 0.000029 0.000029 0.000029
26 26 (0) 4 : 0.000025 0.000025 0.000025 0.000025 0.000025 0.999798 0.000025 0.000025 0.000025
27 27 (0) 4 : 0.000037 0.000037 0.000037 0.000037 0.000037 0.999702 0.000037 0.000037 0.000037
28 28 (0) 4 : 0.000033 0.000033 0.000033 0.000033 0.000033 0.999738 0.000033 0.000033 0.000033
29 29 (0) 4 : 0.000038 0.000038 0.000038 0.000038 0.000038 0.999693 0.000038 0.000038 0.000038
30 30 (0) 4 : 0.111213 0.000043 0.000043 0.000043 0.000043 0.888487 0.000043 0.000043 0.000043
31 31 (0) 4 : 0.000035 0.000035 0.000035 0.000035 0.000035 0.999720 0.000035 0.000035 0.000035
32 32 (0) 4 : 0.000037 0.000037 0.000037 0.000037 0.000037 0.999707 0.000037 0.000037 0.000037
33 33 (0) 4 : 0.000031 0.000031 0.000031 0.000031 0.000031 0.999750 0.000031 0.000031 0.000031
34 34 (0) 4 : 0.000024 0.000024 0.000024 0.000024 0.000024 0.999808 0.000024 0.000024 0.000024
35 35 (0) 4 : 0.000023 0.000023 0.000023 0.000023 0.000023 0.999815 0.000023 0.000023 0.000023
36 36 (0) 4 : 0.000023 0.000023 0.000023 0.000023 0.000023 0.999814 0.000023 0.000023 0.000023
37 37 (0) 4 : 0.000024 0.000024 0.000024 0.000024 0.000024 0.999811 0.000024 0.000024 0.000024
38 38 (0) 4 : 0.000030 0.000030 0.000030 0.000030 0.000030 0.999761 0.000030 0.000030 0.000030
39 39 (0) 4 : 0.000025 0.000025 0.000025 0.000025 0.000025 0.999802 0.000025 0.000025 0.000025
40 40 (0) 4 : 0.000023 0.000023 0.000023 0.000023 0.000023 0.999814 0.000023 0.000023 0.000023
41 41 (0) 4 : 0.000033 0.000033 0.000033 0.000033 0.000033 0.999735 0.000033 0.000033 0.000033
42 42 (0) 4 : 0.000032 0.000032 0.000032 0.000032 0.000032 0.999744 0.000032 0.000032 0.000032
43 43 (0) 4 : 0.000033 0.000033 0.000033 0.000033 0.000033 0.999733 0.000033 0.000033 0.000033
44 44 (0) 4 : 0.000032 0.000032 0.000032 0.000032 0.000032 0.999743 0.000032 0.000032 0.000032
45 45 (0) 4 : 0.000033 0.000032 0.000032 0.000032 0.000032 0.999740 0.000032 0.000032 0.000032
46 46 (0) 4 : 0.115787 0.000032 0.000032 0.000032 0.000032 0.883988 0.000032 0.000032 0.000032
47 47 (0) 4 : 0.000033 0.000033 0.000033 0.000033 0.000033 0.999733 0.000033 0.000033 0.000033
48 48 (0) 4 : 0.059830 0.000032 0.000032 0.000032 0.000032 0.939949 0.000032 0.000032 0.000032
49 49 (0) 4 : 0.000031 0.000031 0.000031 0.000031 0.000031 0.999752 0.000031 0.000031 0.000031
50 50 (0) 4 : 0.000032 0.000032 0.000032 0.000032 0.000032 0.999745 0.000032 0.000032 0.000032
51 51 (0) 1 : 0.999831 0.000021 0.000021 0.000021 0.000021 0.000021 0.000021 0.000021 0.000021
52 52 (0) 1 : 0.999822 0.000022 0.000022 0.000022 0.000022 0.000022 0.000022 0.000022 0.000022
53 53 (0) 1 : 0.999714 0.000036 0.000036 0.000036 0.000036 0.000036 0.000036 0.000036 0.000036
54 54 (0) 1 : 0.999802 0.000025 0.000025 0.000025 0.000025 0.000025 0.000025 0.000025 0.000025
55 55 (0) 1 : 0.834973 0.000038 0.000038 0.000038 0.000038 0.164760 0.000038 0.000038 0.000038
56 56 (0) 1 : 0.999808 0.000024 0.000024 0.000024 0.000024 0.000024 0.000024 0.000024 0.000024
57 57 (0) 1 : 0.999817 0.000023 0.000023 0.000023 0.000023 0.000023 0.000023 0.000023 0.000023
58 58 (0) 1 : 0.806670 0.000031 0.000031 0.000031 0.000031 0.193113 0.000031 0.000031 0.000031
59 59 (0) 1 : 0.999759 0.000030 0.000030 0.000030 0.000030 0.000030 0.000030 0.000030 0.000030
60 60 (0) 1 : 0.999752 0.000031 0.000031 0.000031 0.000031 0.000031 0.000031 0.000031 0.000031
61 61 (0) 1 : 0.999827 0.000022 0.000022 0.000022 0.000022 0.000022 0.000022 0.000022 0.000022
62 62 (0) 1 : 0.999780 0.000027 0.000027 0.000027 0.000027 0.000027 0.000027 0.000027 0.000027
63 63 (0) 1 : 0.999769 0.000029 0.000029 0.000029 0.000029 0.000029 0.000029 0.000029 0.000029
64 64 (0) 1 : 0.999744 0.000032 0.000032 0.000032 0.000032 0.000032 0.000032 0.000032 0.000032
65 65 (0) 1 : 0.999749 0.000031 0.000031 0.000031 0.000031 0.000031 0.000031 0.000031 0.000031
66 66 (0) 1 : 0.999721 0.000035 0.000035 0.000035 0.000035 0.000035 0.000035 0.000035 0.000035
67 67 (0) 1 : 0.999754 0.000031 0.000031 0.000031 0.000031 0.000031 0.000031 0.000031 0.000031
68 68 (0) 1 : 0.999715 0.000036 0.000036 0.000036 0.000036 0.000036 0.000036 0.000036 0.000036
69 69 (0) 1 : 0.999696 0.000038 0.000038 0.000038 0.000038 0.000038 0.000038 0.000038 0.000038
70 70 (0) 1 : 0.999768 0.000029 0.000029 0.000029 0.000029 0.000029 0.000029 0.000029 0.000029
71 71 (0) 1 : 0.999727 0.000034 0.000034 0.000034 0.000034 0.000034 0.000034 0.000034 0.000034
72 72 (0) 1 : 0.999734 0.000033 0.000033 0.000033 0.000033 0.000033 0.000033 0.000033 0.000033
73 73 (0) 1 : 0.999753 0.000031 0.000031 0.000031 0.000031 0.000031 0.000031 0.000031 0.000031
74 74 (0) 1 : 0.999824 0.000022 0.000022 0.000022 0.000022 0.000022 0.000022 0.000022 0.000022
75 75 (0) 1 : 0.999827 0.000022 0.000022 0.000022 0.000022 0.000022 0.000022 0.000022 0.000022
76 76 (0) 1 : 0.999659 0.000043 0.000043 0.000043 0.000043 0.000043 0.000043 0.000043 0.000043
77 77 (0) 1 : 0.999732 0.000034 0.000034 0.000034 0.000034 0.000034 0.000034 0.000034 0.000034
78 78 (0) 1 : 0.999737 0.000033 0.000033 0.000033 0.000033 0.000033 0.000033 0.000033 0.000033
79 79 (0) 1 : 0.999781 0.000027 0.000027 0.000027 0.000027 0.000027 0.000027 0.000027 0.000027
80 80 (0) 1 : 0.999827 0.000022 0.000022 0.000022 0.000022 0.000022 0.000022 0.000022 0.000022
81 81 (0) 1 : 0.999827 0.000022 0.000022 0.000022 0.000022 0.000022 0.000022 0.000022 0.000022
82 82 (0) 1 : 0.999806 0.000024 0.000024 0.000024 0.000024 0.000024 0.000024 0.000024 0.000024
83 83 (0) 1 : 0.999749 0.000031 0.000031 0.000031 0.000031 0.000031 0.000031 0.000031 0.000031
84 84 (0) 1 : 0.999657 0.000043 0.000043 0.000043 0.000043 0.000043 0.000043 0.000043 0.000043
85 85 (0) 1 : 0.999824 0.000022 0.000022 0.000022 0.000022 0.000022 0.000022 0.000022 0.000022
86 86 (0) 1 : 0.999827 0.000022 0.000022 0.000022 0.000022 0.000022 0.000022 0.000022 0.000022
87 87 (0) 5 : 0.309593 0.000033 0.000033 0.000033 0.000033 0.690172 0.000033 0.000033 0.000033
88 88 (0) 5 : 0.352416 0.000029 0.000029 0.000029 0.000029 0.647382 0.000029 0.000029 0.000029
89 89 (0) 5 : 0.451741 0.000023 0.000023 0.000023 0.000023 0.548100 0.000023 0.000023 0.000023
90 90 (0) 5 : 0.192981 0.000033 0.000033 0.000033 0.000033 0.806785 0.000033 0.000033 0.000033
91 91 (0) 5 : 0.082230 0.000032 0.000032 0.000032 0.000032 0.917549 0.000032 0.000032 0.000032
92 92 (0) 5 : 0.385010 0.000026 0.000026 0.000026 0.000026 0.614811 0.000026 0.000026 0.000026
93 93 (0) 5 : 0.203741 0.000036 0.000036 0.000036 0.000036 0.796009 0.000036 0.000036 0.000036
94 94 (0) 5 : 0.228051 0.000027 0.000027 0.000027 0.000027 0.771762 0.000027 0.000027 0.000027
95 95 (0) 5 : 0.015816 0.000034 0.000034 0.000034 0.000034 0.983943 0.000034 0.000034 0.000034
96 96 (0) 5 : 0.140544 0.000030 0.000030 0.000030 0.000030 0.859243 0.000030 0.000030 0.000030
97 97 (0) 6 : 0.999757 0.000030 0.000030 0.000030 0.000030 0.000030 0.000030 0.000030 0.000030
98 98 (0) 6 : 0.999766 0.000029 0.000029 0.000029 0.000029 0.000029 0.000029 0.000029 0.000029
99 99 (0) 6 : 0.999765 0.000029 0.000029 0.000029 0.000029 0.000029 0.000029 0.000029 0.000029
100 100 (0) 6 : 0.999810 0.000024 0.000024 0.000024 0.000024 0.000024 0.000024 0.000024 0.000024
101 101 (0) 6 : 0.999810 0.000024 0.000024 0.000024 0.000024 0.000024 0.000024 0.000024 0.000024
102 102 (0) 6 : 0.999821 0.000022 0.000022 0.000022 0.000022 0.000022 0.000022 0.000022 0.000022
103 103 (0) 6 : 0.999760 0.000030 0.000030 0.000030 0.000030 0.000030 0.000030 0.000030 0.000030
104 104 (0) 6 : 0.999748 0.000032 0.000032 0.000032 0.000032 0.000032 0.000032 0.000032 0.000032
105 105 (0) 6 : 0.999752 0.000031 0.000031 0.000031 0.000031 0.000031 0.000031 0.000031 0.000031
106 106 (0) 6 : 0.999720 0.000035 0.000035 0.000035 0.000035 0.000035 0.000035 0.000035 0.000035
107 107 (0) 6 : 0.999752 0.000031 0.000031 0.000031 0.000031 0.000031 0.000031 0.000031 0.000031
108 108 (0) 6 : 0.999737 0.000033 0.000033 0.000033 0.000033 0.000033 0.000033 0.000033 0.000033
109 109 (0) 6 : 0.999743 0.000032 0.000032 0.000032 0.000032 0.000032 0.000032 0.000032 0.000032
110 110 (0) 2 : 0.999802 0.000025 0.000025 0.000025 0.000025 0.000025 0.000025 0.000025 0.000025
111 111 (0) 2 : 0.999745 0.000032 0.000032 0.000032 0.000032 0.000032 0.000032 0.000032 0.000032
112 112 (0) 2 : 0.999742 0.000032 0.000032 0.000032 0.000032 0.000032 0.000032 0.000032 0.000032
113 113 (0) 2 : 0.999763 0.000030 0.000030 0.000030 0.000030 0.000030 0.000030 0.000030 0.000030
114 114 (0) 2 : 0.999753 0.000031 0.000031 0.000031 0.000031 0.000031 0.000031 0.000031 0.000031
115 115 (0) 3 : 0.999824 0.000022 0.000022 0.000022 0.000022 0.000022 0.000022 0.000022 0.000022
1 1 (0) 1 : 0.000032 0.000032 0.000032 0.000032 0.999743 0.000032 0.000032 0.000032 0.000032
2 2 (0) 1 : 0.000031 0.000031 0.000031 0.000031 0.999755 0.000031 0.000031 0.000031 0.000031
3 3 (0) 1 : 0.000033 0.000033 0.000033 0.000033 0.999739 0.000033 0.000033 0.000033 0.000033
4 4 (0) 1 : 0.000033 0.000033 0.000033 0.000033 0.999738 0.000033 0.000033 0.000033 0.000033
5 5 (0) 1 : 0.000034 0.000034 0.000034 0.000034 0.999727 0.000034 0.000034 0.000034 0.000034
6 6 (0) 1 : 0.000033 0.000033 0.000033 0.000033 0.999737 0.000033 0.000033 0.000033 0.000033
7 7 (0) 1 : 0.000035 0.000035 0.000035 0.000035 0.999717 0.000035 0.000035 0.000035 0.000035
8 8 (0) 1 : 0.000025 0.000025 0.000025 0.000025 0.999801 0.000025 0.000025 0.000025 0.000025
9 9 (0) 1 : 0.000023 0.000023 0.000023 0.000023 0.999813 0.000023 0.000023 0.000023 0.000023
10 10 (0) 1 : 0.000027 0.000027 0.000027 0.000027 0.999781 0.000027 0.000027 0.000027 0.000027
11 11 (0) 1 : 0.000032 0.000032 0.000032 0.000032 0.999745 0.000032 0.000032 0.000032 0.000032
12 12 (0) 1 : 0.000026 0.000026 0.000026 0.000026 0.999791 0.000026 0.000026 0.000026 0.000026
13 13 (0) 1 : 0.000031 0.000031 0.000031 0.000031 0.999750 0.000031 0.000031 0.000031 0.000031
14 14 (0) 1 : 0.000032 0.000032 0.000032 0.000032 0.999747 0.000032 0.000032 0.000032 0.000032
15 15 (0) 1 : 0.000032 0.000032 0.000032 0.000032 0.999747 0.000032 0.000032 0.000032 0.000032
16 16 (0) 1 : 0.000033 0.000033 0.000033 0.000033 0.999733 0.000033 0.000033 0.000033 0.000033
17 17 (0) 1 : 0.000036 0.000036 0.000036 0.000036 0.999710 0.000036 0.000036 0.000036 0.000036
18 18 (0) 2 : 0.999803 0.000025 0.000025 0.000025 0.000025 0.000025 0.000025 0.000025 0.000025
19 19 (0) 2 : 0.999747 0.000032 0.000032 0.000032 0.000032 0.000032 0.000032 0.000032 0.000032
20 20 (0) 3 : 0.000025 0.000025 0.000025 0.000025 0.999800 0.000025 0.000025 0.000025 0.000025
21 21 (0) 3 : 0.000026 0.000026 0.000026 0.000026 0.999791 0.000026 0.000026 0.000026 0.000026
22 22 (0) 2 : 0.999741 0.000032 0.000032 0.000032 0.000032 0.000032 0.000032 0.000032 0.000032
23 23 (0) 2 : 0.999801 0.000025 0.000025 0.000025 0.000025 0.000025 0.000025 0.000025 0.000025
24 24 (0) 2 : 0.999807 0.000024 0.000024 0.000024 0.000024 0.000024 0.000024 0.000024 0.000024
25 25 (0) 4 : 0.000029 0.000029 0.000029 0.000029 0.126631 0.000029 0.873166 0.000029 0.000029
26 26 (0) 4 : 0.000025 0.000025 0.000025 0.000025 0.000025 0.000025 0.999798 0.000025 0.000025
27 27 (0) 4 : 0.000037 0.000037 0.000037 0.000037 0.000037 0.000037 0.999702 0.000037 0.000037
28 28 (0) 4 : 0.000033 0.000033 0.000033 0.000033 0.000033 0.000033 0.999738 0.000033 0.000033
29 29 (0) 4 : 0.000038 0.000038 0.000038 0.000038 0.000038 0.000038 0.999693 0.000038 0.000038
30 30 (0) 4 : 0.000043 0.000043 0.000043 0.000043 0.130477 0.000043 0.869224 0.000043 0.000043
31 31 (0) 4 : 0.000035 0.000035 0.000035 0.000035 0.000035 0.000035 0.999720 0.000035 0.000035
32 32 (0) 4 : 0.000037 0.000037 0.000037 0.000037 0.000037 0.000037 0.999707 0.000037 0.000037
33 33 (0) 4 : 0.000031 0.000031 0.000031 0.000031 0.000031 0.000031 0.999750 0.000031 0.000031
34 34 (0) 4 : 0.000024 0.000024 0.000024 0.000024 0.062834 0.000024 0.936998 0.000024 0.000024
35 35 (0) 4 : 0.000023 0.000023 0.000023 0.000023 0.270204 0.000023 0.729634 0.000023 0.000023
36 36 (0) 4 : 0.000023 0.000023 0.000023 0.000023 0.000023 0.000023 0.999814 0.000023 0.000023
37 37 (0) 4 : 0.000024 0.000024 0.000024 0.000024 0.000024 0.000024 0.999811 0.000024 0.000024
38 38 (0) 4 : 0.000030 0.000030 0.000030 0.000030 0.000030 0.000030 0.999761 0.000030 0.000030
39 39 (0) 4 : 0.000025 0.000025 0.000025 0.000025 0.000025 0.000025 0.999802 0.000025 0.000025
40 40 (0) 4 : 0.000023 0.000023 0.000023 0.000023 0.000023 0.000023 0.999814 0.000023 0.000023
41 41 (0) 4 : 0.000033 0.000033 0.000033 0.000033 0.000033 0.000033 0.999735 0.000033 0.000033
42 42 (0) 4 : 0.000032 0.000032 0.000032 0.000032 0.000032 0.000032 0.999744 0.000032 0.000032
43 43 (0) 4 : 0.000033 0.000033 0.000033 0.000033 0.000033 0.000033 0.999733 0.000033 0.000033
44 44 (0) 4 : 0.000032 0.000032 0.000032 0.000032 0.000032 0.000032 0.999743 0.000032 0.000032
45 45 (0) 4 : 0.000033 0.000032 0.000032 0.000032 0.000033 0.000032 0.999740 0.000032 0.000032
46 46 (0) 4 : 0.000032 0.000032 0.000032 0.000032 0.103249 0.000032 0.896525 0.000032 0.000032
47 47 (0) 4 : 0.000033 0.000033 0.000033 0.000033 0.000033 0.000033 0.999733 0.000033 0.000033
48 48 (0) 4 : 0.000032 0.000032 0.000032 0.000032 0.194633 0.000032 0.805146 0.000032 0.000032
49 49 (0) 4 : 0.000031 0.000031 0.000031 0.000031 0.000031 0.000031 0.999752 0.000031 0.000031
50 50 (0) 4 : 0.000032 0.000032 0.000032 0.000032 0.000032 0.000032 0.999745 0.000032 0.000032
51 51 (0) 1 : 0.000021 0.000021 0.000021 0.000021 0.999831 0.000021 0.000021 0.000021 0.000021
52 52 (0) 1 : 0.000022 0.000022 0.000022 0.000022 0.999822 0.000022 0.000022 0.000022 0.000022
53 53 (0) 1 : 0.000036 0.000036 0.000036 0.000036 0.999714 0.000036 0.000036 0.000036 0.000036
54 54 (0) 1 : 0.000025 0.000025 0.000025 0.000025 0.492516 0.000025 0.507311 0.000025 0.000025
55 55 (0) 1 : 0.000038 0.000038 0.000038 0.000038 0.750616 0.000038 0.249117 0.000038 0.000038
56 56 (0) 1 : 0.000024 0.000024 0.000024 0.000024 0.490131 0.000024 0.509701 0.000024 0.000024
57 57 (0) 1 : 0.000023 0.000023 0.000023 0.000023 0.578013 0.000023 0.421826 0.000023 0.000023
58 58 (0) 1 : 0.000031 0.000031 0.000031 0.000031 0.633699 0.000031 0.366084 0.000031 0.000031
59 59 (0) 1 : 0.000030 0.000030 0.000030 0.000030 0.999759 0.000030 0.000030 0.000030 0.000030
60 60 (0) 1 : 0.000031 0.000031 0.000031 0.000031 0.999752 0.000031 0.000031 0.000031 0.000031
61 61 (0) 1 : 0.000022 0.000022 0.000022 0.000022 0.999827 0.000022 0.000022 0.000022 0.000022
62 62 (0) 1 : 0.000027 0.000027 0.000027 0.000027 0.908304 0.000027 0.091504 0.000027 0.000027
63 63 (0) 1 : 0.000029 0.000029 0.000029 0.000029 0.935061 0.000029 0.064737 0.000029 0.000029
64 64 (0) 1 : 0.000032 0.000032 0.000032 0.000032 0.999744 0.000032 0.000032 0.000032 0.000032
65 65 (0) 1 : 0.000031 0.000031 0.000031 0.000031 0.999749 0.000031 0.000031 0.000031 0.000031
66 66 (0) 1 : 0.000035 0.000035 0.000035 0.000035 0.999721 0.000035 0.000035 0.000035 0.000035
67 67 (0) 1 : 0.000031 0.000031 0.000031 0.000031 0.999754 0.000031 0.000031 0.000031 0.000031
68 68 (0) 1 : 0.000036 0.000036 0.000036 0.000036 0.999715 0.000036 0.000036 0.000036 0.000036
69 69 (0) 1 : 0.000038 0.000038 0.000038 0.000038 0.999696 0.000038 0.000038 0.000038 0.000038
70 70 (0) 1 : 0.000029 0.000029 0.000029 0.000029 0.999768 0.000029 0.000029 0.000029 0.000029
71 71 (0) 1 : 0.000034 0.000034 0.000034 0.000034 0.999727 0.000034 0.000034 0.000034 0.000034
72 72 (0) 1 : 0.000033 0.000033 0.000033 0.000033 0.999734 0.000033 0.000033 0.000033 0.000033
73 73 (0) 1 : 0.000031 0.000031 0.000031 0.000031 0.999753 0.000031 0.000031 0.000031 0.000031
74 74 (0) 1 : 0.000022 0.000022 0.000022 0.000022 0.999824 0.000022 0.000022 0.000022 0.000022
75 75 (0) 1 : 0.000022 0.000022 0.000022 0.000022 0.999827 0.000022 0.000022 0.000022 0.000022
76 76 (0) 1 : 0.000043 0.000043 0.000043 0.000043 0.999659 0.000043 0.000043 0.000043 0.000043
77 77 (0) 1 : 0.000034 0.000034 0.000034 0.000034 0.999732 0.000034 0.000034 0.000034 0.000034
78 78 (0) 1 : 0.000033 0.000033 0.000033 0.000033 0.999737 0.000033 0.000033 0.000033 0.000033
79 79 (0) 1 : 0.000027 0.000027 0.000027 0.000027 0.763879 0.000027 0.235929 0.000027 0.000027
80 80 (0) 1 : 0.000022 0.000022 0.000022 0.000022 0.999827 0.000022 0.000022 0.000022 0.000022
81 81 (0) 1 : 0.000022 0.000022 0.000022 0.000022 0.999827 0.000022 0.000022 0.000022 0.000022
82 82 (0) 1 : 0.000024 0.000024 0.000024 0.000024 0.999806 0.000024 0.000024 0.000024 0.000024
83 83 (0) 1 : 0.000031 0.000031 0.000031 0.000031 0.999749 0.000031 0.000031 0.000031 0.000031
84 84 (0) 1 : 0.000043 0.000043 0.000043 0.000043 0.999657 0.000043 0.000043 0.000043 0.000043
85 85 (0) 1 : 0.000022 0.000022 0.000022 0.000022 0.999824 0.000022 0.000022 0.000022 0.000022
86 86 (0) 1 : 0.000022 0.000022 0.000022 0.000022 0.999827 0.000022 0.000022 0.000022 0.000022
87 87 (0) 5 : 0.000034 0.000033 0.000033 0.000033 0.999732 0.000033 0.000033 0.000033 0.000033
88 88 (0) 5 : 0.000029 0.000029 0.000029 0.000029 0.999768 0.000029 0.000029 0.000029 0.000029
89 89 (0) 5 : 0.000023 0.000023 0.000023 0.000023 0.999818 0.000023 0.000023 0.000023 0.000023
90 90 (0) 5 : 0.000033 0.000033 0.000033 0.000033 0.242729 0.000033 0.757037 0.000033 0.000033
91 91 (0) 5 : 0.000032 0.000032 0.000032 0.000032 0.105614 0.000032 0.894164 0.000032 0.000032
92 92 (0) 5 : 0.000026 0.000026 0.000026 0.000026 0.999795 0.000026 0.000026 0.000026 0.000026
93 93 (0) 5 : 0.000036 0.000036 0.000036 0.000036 0.372388 0.000036 0.627362 0.000036 0.000036
94 94 (0) 5 : 0.000027 0.000027 0.000027 0.000027 0.377531 0.000027 0.622282 0.000027 0.000027
95 95 (0) 5 : 0.000034 0.000034 0.000034 0.000034 0.037707 0.000034 0.962053 0.000034 0.000034
96 96 (0) 5 : 0.000030 0.000030 0.000030 0.000030 0.284362 0.000030 0.715424 0.000030 0.000030
97 97 (0) 6 : 0.000030 0.000030 0.000030 0.000030 0.999757 0.000030 0.000030 0.000030 0.000030
98 98 (0) 6 : 0.000029 0.000029 0.000029 0.000029 0.999766 0.000029 0.000029 0.000029 0.000029
99 99 (0) 6 : 0.000029 0.000029 0.000029 0.000029 0.999765 0.000029 0.000029 0.000029 0.000029
100 100 (0) 6 : 0.000024 0.000024 0.000024 0.000024 0.999810 0.000024 0.000024 0.000024 0.000024
101 101 (0) 6 : 0.000024 0.000024 0.000024 0.000024 0.999810 0.000024 0.000024 0.000024 0.000024
102 102 (0) 6 : 0.000022 0.000022 0.000022 0.000022 0.999821 0.000022 0.000022 0.000022 0.000022
103 103 (0) 6 : 0.000030 0.000030 0.000030 0.000030 0.999760 0.000030 0.000030 0.000030 0.000030
104 104 (0) 6 : 0.000032 0.000032 0.000032 0.000032 0.999748 0.000032 0.000032 0.000032 0.000032
105 105 (0) 6 : 0.999752 0.000031 0.000031 0.000031 0.000031 0.000031 0.000031 0.000031 0.000031
106 106 (0) 6 : 0.000035 0.000035 0.000035 0.000035 0.999720 0.000035 0.000035 0.000035 0.000035
107 107 (0) 6 : 0.000031 0.000031 0.000031 0.000031 0.999752 0.000031 0.000031 0.000031 0.000031
108 108 (0) 6 : 0.000033 0.000033 0.000033 0.000033 0.999737 0.000033 0.000033 0.000033 0.000033
109 109 (0) 6 : 0.999743 0.000032 0.000032 0.000032 0.000032 0.000032 0.000032 0.000032 0.000032
110 110 (0) 2 : 0.999802 0.000025 0.000025 0.000025 0.000025 0.000025 0.000025 0.000025 0.000025
111 111 (0) 2 : 0.999745 0.000032 0.000032 0.000032 0.000032 0.000032 0.000032 0.000032 0.000032
112 112 (0) 2 : 0.999742 0.000032 0.000032 0.000032 0.000032 0.000032 0.000032 0.000032 0.000032
113 113 (0) 2 : 0.999763 0.000030 0.000030 0.000030 0.000030 0.000030 0.000030 0.000030 0.000030
114 114 (0) 2 : 0.915505 0.000031 0.000031 0.000031 0.084279 0.000031 0.000031 0.000031 0.000031
115 115 (0) 3 : 0.000022 0.000022 0.000022 0.000022 0.999824 0.000022 0.000022 0.000022 0.000022
1 1 (0) 1 : 0.000032 0.000032 0.000032 0.999743 0.000032 0.000032 0.000032 0.000032 0.000032
2 2 (0) 1 : 0.000031 0.000031 0.000031 0.999755 0.000031 0.000031 0.000031 0.000031 0.000031
3 3 (0) 1 : 0.000033 0.000033 0.000033 0.999739 0.000033 0.000033 0.000033 0.000033 0.000033
4 4 (0) 1 : 0.000033 0.000033 0.000033 0.999738 0.000033 0.000033 0.000033 0.000033 0.000033
5 5 (0) 1 : 0.000034 0.000034 0.000034 0.999727 0.000034 0.000034 0.000034 0.000034 0.000034
6 6 (0) 1 : 0.000033 0.000033 0.000033 0.999737 0.000033 0.000033 0.000033 0.000033 0.000033
7 7 (0) 1 : 0.000035 0.000035 0.000035 0.999717 0.000035 0.000035 0.000035 0.000035 0.000035
8 8 (0) 1 : 0.000025 0.000025 0.000025 0.999801 0.000025 0.000025 0.000025 0.000025 0.000025
9 9 (0) 1 : 0.000023 0.000023 0.000023 0.999813 0.000023 0.000023 0.000023 0.000023 0.000023
10 10 (0) 1 : 0.000027 0.000027 0.000027 0.999781 0.000027 0.000027 0.000027 0.000027 0.000027
11 11 (0) 1 : 0.000032 0.000032 0.000032 0.999745 0.000032 0.000032 0.000032 0.000032 0.000032
12 12 (0) 1 : 0.000026 0.000026 0.000026 0.999791 0.000026 0.000026 0.000026 0.000026 0.000026
13 13 (0) 1 : 0.000031 0.000031 0.000031 0.999750 0.000031 0.000031 0.000031 0.000031 0.000031
14 14 (0) 1 : 0.000032 0.000032 0.000032 0.999747 0.000032 0.000032 0.000032 0.000032 0.000032
15 15 (0) 1 : 0.000032 0.000032 0.000032 0.999747 0.000032 0.000032 0.000032 0.000032 0.000032
16 16 (0) 1 : 0.000033 0.000033 0.000033 0.999733 0.000033 0.000033 0.000033 0.000033 0.000033
17 17 (0) 1 : 0.000036 0.000036 0.000036 0.999710 0.000036 0.000036 0.000036 0.000036 0.000036
18 18 (0) 2 : 0.000025 0.000025 0.000025 0.147455 0.852373 0.000025 0.000025 0.000025 0.000025
19 19 (0) 2 : 0.000032 0.000032 0.000032 0.252889 0.746889 0.000032 0.000032 0.000032 0.000032
20 20 (0) 3 : 0.000025 0.000025 0.000025 0.999800 0.000025 0.000025 0.000025 0.000025 0.000025
21 21 (0) 3 : 0.000026 0.000026 0.000026 0.999791 0.000026 0.000026 0.000026 0.000026 0.000026
22 22 (0) 2 : 0.000032 0.000032 0.000032 0.000032 0.999741 0.000032 0.000032 0.000032 0.000032
23 23 (0) 2 : 0.000025 0.000025 0.000025 0.000025 0.999801 0.000025 0.000025 0.000025 0.000025
24 24 (0) 2 : 0.000024 0.000024 0.000024 0.000024 0.999807 0.000024 0.000024 0.000024 0.000024
25 25 (0) 4 : 0.999769 0.000029 0.000029 0.000029 0.000029 0.000029 0.000029 0.000029 0.000029
26 26 (0) 4 : 0.999798 0.000025 0.000025 0.000025 0.000025 0.000025 0.000025 0.000025 0.000025
27 27 (0) 4 : 0.999702 0.000037 0.000037 0.000037 0.000037 0.000037 0.000037 0.000037 0.000037
28 28 (0) 4 : 0.999738 0.000033 0.000033 0.000033 0.000033 0.000033 0.000033 0.000033 0.000033
29 29 (0) 4 : 0.999693 0.000038 0.000038 0.000038 0.000038 0.000038 0.000038 0.000038 0.000038
30 30 (0) 4 : 0.999658 0.000043 0.000043 0.000043 0.000043 0.000043 0.000043 0.000043 0.000043
31 31 (0) 4 : 0.999720 0.000035 0.000035 0.000035 0.000035 0.000035 0.000035 0.000035 0.000035
32 32 (0) 4 : 0.999707 0.000037 0.000037 0.000037 0.000037 0.000037 0.000037 0.000037 0.000037
33 33 (0) 4 : 0.999750 0.000031 0.000031 0.000031 0.000031 0.000031 0.000031 0.000031 0.000031
34 34 (0) 4 : 0.999808 0.000024 0.000024 0.000024 0.000024 0.000024 0.000024 0.000024 0.000024
35 35 (0) 4 : 0.999815 0.000023 0.000023 0.000023 0.000023 0.000023 0.000023 0.000023 0.000023
36 36 (0) 4 : 0.999814 0.000023 0.000023 0.000023 0.000023 0.000023 0.000023 0.000023 0.000023
37 37 (0) 4 : 0.999811 0.000024 0.000024 0.000024 0.000024 0.000024 0.000024 0.000024 0.000024
38 38 (0) 4 : 0.999761 0.000030 0.000030 0.000030 0.000030 0.000030 0.000030 0.000030 0.000030
39 39 (0) 4 : 0.999802 0.000025 0.000025 0.000025 0.000025 0.000025 0.000025 0.000025 0.000025
40 40 (0) 4 : 0.999814 0.000023 0.000023 0.000023 0.000023 0.000023 0.000023 0.000023 0.000023
41 41 (0) 4 : 0.999735 0.000033 0.000033 0.000033 0.000033 0.000033 0.000033 0.000033 0.000033
42 42 (0) 4 : 0.999744 0.000032 0.000032 0.000032 0.000032 0.000032 0.000032 0.000032 0.000032
43 43 (0) 4 : 0.999733 0.000033 0.000033 0.000033 0.000033 0.000033 0.000033 0.000033 0.000033
44 44 (0) 4 : 0.999743 0.000032 0.000032 0.000032 0.000032 0.000032 0.000032 0.000032 0.000032
45 45 (0) 4 : 0.999740 0.000032 0.000032 0.000033 0.000033 0.000032 0.000032 0.000032 0.000032
46 46 (0) 4 : 0.932096 0.000032 0.000032 0.067679 0.000032 0.000032 0.000032 0.000032 0.000032
47 47 (0) 4 : 0.999733 0.000033 0.000033 0.000033 0.000033 0.000033 0.000033 0.000033 0.000033
48 48 (0) 4 : 0.960708 0.000032 0.000032 0.039070 0.000032 0.000032 0.000032 0.000032 0.000032
49 49 (0) 4 : 0.999752 0.000031 0.000031 0.000031 0.000031 0.000031 0.000031 0.000031 0.000031
50 50 (0) 4 : 0.999745 0.000032 0.000032 0.000032 0.000032 0.000032 0.000032 0.000032 0.000032
51 51 (0) 1 : 0.000021 0.000021 0.000021 0.999831 0.000021 0.000021 0.000021 0.000021 0.000021
52 52 (0) 1 : 0.000022 0.000022 0.000022 0.999822 0.000022 0.000022 0.000022 0.000022 0.000022
53 53 (0) 1 : 0.000036 0.000036 0.000036 0.999714 0.000036 0.000036 0.000036 0.000036 0.000036
54 54 (0) 1 : 0.000025 0.000025 0.000025 0.999802 0.000025 0.000025 0.000025 0.000025 0.000025
55 55 (0) 1 : 0.000038 0.000038 0.000038 0.999694 0.000038 0.000038 0.000038 0.000038 0.000038
56 56 (0) 1 : 0.000024 0.000024 0.000024 0.999808 0.000024 0.000024 0.000024 0.000024 0.000024
57 57 (0) 1 : 0.000023 0.000023 0.000023 0.999817 0.000023 0.000023 0.000023 0.000023 0.000023
58 58 (0) 1 : 0.000031 0.000031 0.000031 0.999753 0.000031 0.000031 0.000031 0.000031 0.000031
59 59 (0) 1 : 0.000030 0.000030 0.000030 0.999759 0.000030 0.000030 0.000030 0.000030 0.000030
60 60 (0) 1 : 0.000031 0.000031 0.000031 0.999752 0.000031 0.000031 0.000031 0.000031 0.000031
61 61 (0) 1 : 0.000022 0.000022 0.000022 0.999827 0.000022 0.000022 0.000022 0.000022 0.000022
62 62 (0) 1 : 0.000027 0.000027 0.000027 0.999780 0.000027 0.000027 0.000027 0.000027 0.000027
63 63 (0) 1 : 0.000029 0.000029 0.000029 0.999769 0.000029 0.000029 0.000029 0.000029 0.000029
64 64 (0) 1 : 0.000032 0.000032 0.000032 0.999744 0.000032 0.000032 0.000032 0.000032 0.000032
65 65 (0) 1 : 0.000031 0.000031 0.000031 0.999749 0.000031 0.000031 0.000031 0.000031 0.000031
66 66 (0) 1 : 0.000035 0.000035 0.000035 0.999721 0.000035 0.000035 0.000035 0.000035 0.000035
67 67 (0) 1 : 0.000031 0.000031 0.000031 0.999754 0.000031 0.000031 0.000031 0.000031 0.000031
68 68 (0) 1 : 0.000036 0.000036 0.000036 0.999715 0.000036 0.000036 0.000036 0.000036 0.000036
69 69 (0) 1 : 0.000038 0.000038 0.000038 0.999696 0.000038 0.000038 0.000038 0.000038 0.000038
70 70 (0) 1 : 0.000029 0.000029 0.000029 0.999768 0.000029 0.000029 0.000029 0.000029 0.000029
71 71 (0) 1 : 0.000034 0.000034 0.000034 0.999727 0.000034 0.000034 0.000034 0.000034 0.000034
72 72 (0) 1 : 0.000033 0.000033 0.000033 0.999734 0.000033 0.000033 0.000033 0.000033 0.000033
73 73 (0) 1 : 0.000031 0.000031 0.000031 0.999753 0.000031 0.000031 0.000031 0.000031 0.000031
74 74 (0) 1 : 0.000022 0.000022 0.000022 0.999824 0.000022 0.000022 0.000022 0.000022 0.000022
75 75 (0) 1 : 0.000022 0.000022 0.000022 0.999827 0.000022 0.000022 0.000022 0.000022 0.000022
76 76 (0) 1 : 0.000043 0.000043 0.000043 0.999659 0.000043 0.000043 0.000043 0.000043 0.000043
77 77 (0) 1 : 0.000034 0.000034 0.000034 0.999732 0.000034 0.000034 0.000034 0.000034 0.000034
78 78 (0) 1 : 0.000033 0.000033 0.000033 0.999737 0.000033 0.000033 0.000033 0.000033 0.000033
79 79 (0) 1 : 0.000027 0.000027 0.000027 0.999781 0.000027 0.000027 0.000027 0.000027 0.000027
80 80 (0) 1 : 0.000022 0.000022 0.000022 0.999827 0.000022 0.000022 0.000022 0.000022 0.000022
81 81 (0) 1 : 0.000022 0.000022 0.000022 0.999827 0.000022 0.000022 0.000022 0.000022 0.000022
82 82 (0) 1 : 0.000024 0.000024 0.000024 0.999806 0.000024 0.000024 0.000024 0.000024 0.000024
83 83 (0) 1 : 0.000031 0.000031 0.000031 0.999749 0.000031 0.000031 0.000031 0.000031 0.000031
84 84 (0) 1 : 0.000043 0.000043 0.000043 0.999657 0.000043 0.000043 0.000043 0.000043 0.000043
85 85 (0) 1 : 0.000022 0.000022 0.000022 0.999824 0.000022 0.000022 0.000022 0.000022 0.000022
86 86 (0) 1 : 0.000022 0.000022 0.000022 0.999827 0.000022 0.000022 0.000022 0.000022 0.000022
87 87 (0) 5 : 0.747931 0.000033 0.000033 0.251835 0.000034 0.000033 0.000033 0.000033 0.000033
88 88 (0) 5 : 0.720386 0.000029 0.000029 0.279411 0.000029 0.000029 0.000029 0.000029 0.000029
89 89 (0) 5 : 0.602958 0.000023 0.000023 0.396883 0.000023 0.000023 0.000023 0.000023 0.000023
90 90 (0) 5 : 0.999733 0.000033 0.000033 0.000033 0.000033 0.000033 0.000033 0.000033 0.000033
91 91 (0) 5 : 0.999747 0.000032 0.000032 0.000032 0.000032 0.000032 0.000032 0.000032 0.000032
92 92 (0) 5 : 0.655344 0.000026 0.000026 0.344477 0.000026 0.000026 0.000026 0.000026 0.000026
93 93 (0) 5 : 0.837028 0.000036 0.000036 0.162722 0.000036 0.000036 0.000036 0.000036 0.000036
94 94 (0) 5 : 0.840473 0.000027 0.000027 0.159340 0.000027 0.000027 0.000027 0.000027 0.000027
95 95 (0) 5 : 0.999725 0.000034 0.000034 0.000034 0.000034 0.000034 0.000034 0.000034 0.000034
96 96 (0) 5 : 0.999756 0.000030 0.000030 0.000030 0.000030 0.000030 0.000030 0.000030 0.000030
97 97 (0) 6 : 0.000030 0.000030 0.000030 0.999757 0.000030 0.000030 0.000030 0.000030 0.000030
98 98 (0) 6 : 0.000029 0.000029 0.000029 0.999766 0.000029 0.000029 0.000029 0.000029 0.000029
99 99 (0) 6 : 0.000029 0.000029 0.000029 0.999765 0.000029 0.000029 0.000029 0.000029 0.000029
100 100 (0) 6 : 0.000024 0.000024 0.000024 0.999810 0.000024 0.000024 0.000024 0.000024 0.000024
101 101 (0) 6 : 0.000024 0.000024 0.000024 0.999810 0.000024 0.000024 0.000024 0.000024 0.000024
102 102 (0) 6 : 0.000022 0.000022 0.000022 0.999821 0.000022 0.000022 0.000022 0.000022 0.000022
103 103 (0) 6 : 0.000030 0.000030 0.000030 0.999760 0.000030 0.000030 0.000030 0.000030 0.000030
104 104 (0) 6 : 0.000032 0.000032 0.000032 0.999748 0.000032 0.000032 0.000032 0.000032 0.000032
105 105 (0) 6 : 0.000031 0.000031 0.000031 0.999752 0.000031 0.000031 0.000031 0.000031 0.000031
106 106 (0) 6 : 0.000035 0.000035 0.000035 0.999720 0.000035 0.000035 0.000035 0.000035 0.000035
107 107 (0) 6 : 0.000031 0.000031 0.000031 0.999752 0.000031 0.000031 0.000031 0.000031 0.000031
108 108 (0) 6 : 0.000033 0.000033 0.000033 0.999737 0.000033 0.000033 0.000033 0.000033 0.000033
109 109 (0) 6 : 0.000032 0.000032 0.000032 0.999743 0.000032 0.000032 0.000032 0.000032 0.000032
110 110 (0) 2 : 0.000025 0.000025 0.000025 0.270449 0.729378 0.000025 0.000025 0.000025 0.000025
111 111 (0) 2 : 0.000032 0.000032 0.000032 0.000032 0.999745 0.000032 0.000032 0.000032 0.000032
112 112 (0) 2 : 0.000032 0.000032 0.000032 0.304576 0.695198 0.000032 0.000032 0.000032 0.000032
113 113 (0) 2 : 0.000030 0.000030 0.000030 0.269310 0.730483 0.000030 0.000030 0.000030 0.000030
114 114 (0) 2 : 0.000031 0.000031 0.000031 0.413805 0.585979 0.000031 0.000031 0.000031 0.000031
115 115 (0) 3 : 0.000022 0.000022 0.000022 0.952726 0.047120 0.000022 0.000022 0.000022 0.000022
1 1 (0) 1 : 0.000032 0.000032 0.000032 0.000032 0.000032 0.000032 0.000032 0.000032 0.999743
2 2 (0) 1 : 0.000031 0.000031 0.000031 0.000031 0.000031 0.000031 0.000031 0.000031 0.999755
3 3 (0) 1 : 0.000033 0.000033 0.000033 0.000033 0.000033 0.000033 0.000033 0.000033 0.999739
4 4 (0) 1 : 0.000033 0.000033 0.000033 0.000033 0.000033 0.000033 0.000033 0.000033 0.999738
5 5 (0) 1 : 0.000034 0.000034 0.000034 0.000034 0.000034 0.000034 0.000034 0.000034 0.999727
6 6 (0) 1 : 0.000033 0.000033 0.000033 0.000033 0.000033 0.000033 0.000033 0.000033 0.999737
7 7 (0) 1 : 0.000035 0.000035 0.000035 0.000035 0.999717 0.000035 0.000035 0.000035 0.000035
8 8 (0) 1 : 0.000025 0.000025 0.000025 0.000025 0.999801 0.000025 0.000025 0.000025 0.000025
9 9 (0) 1 : 0.000023 0.000023 0.000023 0.000023 0.999813 0.000023 0.000023 0.000023 0.000023
10 10 (0) 1 : 0.000027 0.000027 0.000027 0.000027 0.999781 0.000027 0.000027 0.000027 0.000027
11 11 (0) 1 : 0.000032 0.000032 0.000032 0.000032 0.999745 0.000032 0.000032 0.000032 0.000032
12 12 (0) 1 : 0.000026 0.000026 0.000026 0.000026 0.999791 0.000026 0.000026 0.000026 0.000026
13 13 (0) 1 : 0.000031 0.000031 0.000031 0.000031 0.999750 0.000031 0.000031 0.000031 0.000031
14 14 (0) 1 : 0.000032 0.000032 0.000032 0.000032 0.999747 0.000032 0.000032 0.000032 0.000032
15 15 (0) 1 : 0.000032 0.000032 0.000032 0.000032 0.999747 0.000032 0.000032 0.000032 0.000032
16 16 (0) 1 : 0.000033 0.000033 0.000033 0.000033 0.999733 0.000033 0.000033 0.000033 0.000033
17 17 (0) 1 : 0.000036 0.000036 0.000036 0.000036 0.999710 0.000036 0.000036 0.000036 0.000036
18 18 (0) 2 : 0.000025 0.000025 0.000025 0.000025 0.000025 0.000025 0.000025 0.000025 0.999803
19 19 (0) 2 : 0.000032 0.000032 0.000032 0.000032 0.000032 0.000032 0.000032 0.000032 0.999747
20 20 (0) 3 : 0.000025 0.000025 0.000025 0.000025 0.000025 0.000025 0.000025 0.000025 0.999800
21 21 (0) 3 : 0.000026 0.000026 0.000026 0.000026 0.000026 0.000026 0.000026 0.000026 0.999791
22 22 (0) 2 : 0.000032 0.000032 0.000032 0.000032 0.000032 0.000032 0.000032 0.000032 0.999741
23 23 (0) 2 : 0.000025 0.000025 0.000025 0.000025 0.000025 0.000025 0.000025 0.000025 0.999801
24 24 (0) 2 : 0.000024 0.000024 0.000024 0.000024 0.000024 0.000024 0.000024 0.000024 0.999807
25 25 (0) 4 : 0.000029 0.000029 0.999769 0.000029 0.000029 0.000029 0.000029 0.000029 0.000029
26 26 (0) 4 : 0.000025 0.000025 0.999798 0.000025 0.000025 0.000025 0.000025 0.000025 0.000025
27 27 (0) 4 : 0.000037 0.000037 0.999702 0.000037 0.000037 0.000037 0.000037 0.000037 0.000037
28 28 (0) 4 : 0.000033 0.000033 0.999738 0.000033 0.000033 0.000033 0.000033 0.000033 0.000033
29 29 (0) 4 : 0.000038 0.000038 0.999693 0.000038 0.000038 0.000038 0.000038 0.000038 0.000038
30 30 (0) 4 : 0.000043 0.000043 0.911115 0.000043 0.000043 0.000043 0.000043 0.000043 0.088585
31 31 (0) 4 : 0.000035 0.000035 0.999720 0.000035 0.000035 0.000035 0.000035 0.000035 0.000035
32 32 (0) 4 : 0.000037 0.000037 0.999707 0.000037 0.000037 0.000037 0.000037 0.000037 0.000037
33 33 (0) 4 : 0.000031 0.000031 0.999750 0.000031 0.000031 0.000031 0.000031 0.000031 0.000031
34 34 (0) 4 : 0.000024 0.000024 0.999808 0.000024 0.000024 0.000024 0.000024 0.000024 0.000024
35 35 (0) 4 : 0.000023 0.000023 0.939843 0.000023 0.000023 0.000023 0.000023 0.000023 0.059994
36 36 (0) 4 : 0.000023 0.000023 0.999814 0.000023 0.000023 0.000023 0.000023 0.000023 0.000023
37 37 (0) 4 : 0.000024 0.000024 0.999811 0.000024 0.000024 0.000024 0.000024 0.000024 0.000024
38 38 (0) 4 : 0.000030 0.000030 0.999761 0.000030 0.000030 0.000030 0.000030 0.000030 0.000030
39 39 (0) 4 : 0.000025 0.000025 0.999802 0.000025 0.000025 0.000025 0.000025 0.000025 0.000025
40 40 (0) 4 : 0.000023 0.000023 0.999814 0.000023 0.000023 0.000023 0.000023 0.000023 0.000023
41 41 (0) 4 : 0.000033 0.000033 0.999735 0.000033 0.000033 0.000033 0.000033 0.000033 0.000033
42 42 (0) 4 : 0.000032 0.000032 0.999744 0.000032 0.000032 0.000032 0.000032 0.000032 0.000032
43 43 (0) 4 : 0.000033 0.000033 0.999733 0.000033 0.000033 0.000033 0.000033 0.000033 0.000033
44 44 (0) 4 : 0.000032 0.000032 0.999743 0.000032 0.000032 0.000032 0.000032 0.000032 0.000032
45 45 (0) 4 : 0.000032 0.000032 0.999740 0.000032 0.000033 0.000032 0.000032 0.000032 0.000033
46 46 (0) 4 : 0.000032 0.000032 0.932131 0.000032 0.000032 0.000032 0.000032 0.000032 0.067644
47 47 (0) 4 : 0.000033 0.000033 0.999733 0.000033 0.000033 0.000033 0.000033 0.000033 0.000033
48 48 (0) 4 : 0.000032 0.000032 0.951773 0.000032 0.000032 0.000032 0.000032 0.000032 0.048006
49 49 (0) 4 : 0.000031 0.000031 0.999752 0.000031 0.000031 0.000031 0.000031 0.000031 0.000031
50 50 (0) 4 : 0.000032 0.000032 0.999745 0.000032 0.000032 0.000032 0.000032 0.000032 0.000032
51 51 (0) 1 : 0.000021 0.000021 0.000021 0.000021 0.000021 0.000021 0.000021 0.000021 0.999831
52 52 (0) 1 : 0.000022 0.000022 0.000022 0.000022 0.000022 0.000022 0.000022 0.000022 0.999822
53 53 (0) 1 : 0.000036 0.000036 0.000036 0.000036 0.000036 0.000036 0.000036 0.000036 0.999714
54 54 (0) 1 : 0.000025 0.000025 0.502401 0.000025 0.000025 0.000025 0.000025 0.000025 0.497426
55 55 (0) 1 : 0.000038 0.000038 0.179921 0.000038 0.000038 0.000038 0.000038 0.000038 0.819811
56 56 (0) 1 : 0.000024 0.000024 0.490067 0.000024 0.000024 0.000024 0.000024 0.000024 0.509765
57 57 (0) 1 : 0.000023 0.000023 0.398878 0.000023 0.000023 0.000023 0.000023 0.000023 0.600962
58 58 (0) 1 : 0.000031 0.000031 0.292314 0.000031 0.000031 0.000031 0.000031 0.000031 0.707469
59 59 (0) 1 : 0.000030 0.000030 0.000030 0.000030 0.933084 0.000030 0.000030 0.000030 0.066705
60 60 (0) 1 : 0.000031 0.000031 0.000031 0.000031 0.905785 0.000031 0.000031 0.000031 0.093998
61 61 (0) 1 : 0.000022 0.000022 0.000022 0.000022 0.803507 0.000022 0.000022 0.000022 0.196341
62 62 (0) 1 : 0.000027 0.000027 0.000029 0.000027 0.922672 0.000027 0.000027 0.000027 0.077134
63 63 (0) 1 : 0.000029 0.000029 0.000029 0.000029 0.879166 0.000029 0.000029 0.000029 0.120632
64 64 (0) 1 : 0.000032 0.000032 0.000032 0.000032 0.999744 0.000032 0.000032 0.000032 0.000032
65 65 (0) 1 : 0.000031 0.000031 0.000031 0.000031 0.999749 0.000031 0.000031 0.000031 0.000031
66 66 (0) 1 : 0.000035 0.000035 0.000035 0.000035 0.999721 0.000035 0.000035 0.000035 0.000035
67 67 (0) 1 : 0.000031 0.000031 0.000031 0.000031 0.999754 0.000031 0.000031 0.000031 0.000031
68 68 (0) 1 : 0.000036 0.000036 0.000036 0.000036 0.999715 0.000036 0.000036 0.000036 0.000036
69 69 (0) 1 : 0.000038 0.000038 0.000038 0.000038 0.999696 0.000038 0.000038 0.000038 0.000038
70 70 (0) 1 : 0.000029 0.000029 0.000029 0.000029 0.999768 0.000029 0.000029 0.000029 0.000029
71 71 (0) 1 : 0.000034 0.000034 0.000034 0.000034 0.999727 0.000034 0.000034 0.000034 0.000034
72 72 (0) 1 : 0.000033 0.000033 0.000033 0.000033 0.999734 0.000033 0.000033 0.000033 0.000033
73 73 (0) 1 : 0.000031 0.000031 0.000031 0.000031 0.999753 0.000031 0.000031 0.000031 0.000031
74 74 (0) 1 : 0.000022 0.000022 0.000022 0.000022 0.999824 0.000022 0.000022 0.000022 0.000022
75 75 (0) 1 : 0.000022 0.000022 0.000022 0.000022 0.999827 0.000022 0.000022 0.000022 0.000022
76 76 (0) 1 : 0.000043 0.000043 0.000043 0.000043 0.999659 0.000043 0.000043 0.000043 0.000043
77 77 (0) 1 : 0.000034 0.000034 0.000034 0.000034 0.999732 0.000034 0.000034 0.000034 0.000034
78 78 (0) 1 : 0.000033 0.000033 0.000033 0.000033 0.999737 0.000033 0.000033 0.000033 0.000033
79 79 (0) 1 : 0.000027 0.000027 0.131995 0.000027 0.000027 0.000027 0.000027 0.000027 0.867813
80 80 (0) 1 : 0.000022 0.000022 0.000022 0.000022 0.000022 0.000022 0.000022 0.000022 0.999827
81 81 (0) 1 : 0.000022 0.000022 0.000022 0.000022 0.000022 0.000022 0.000022 0.000022 0.999827
82 82 (0) 1 : 0.000024 0.000024 0.000024 0.000024 0.000024 0.000024 0.000024 0.000024 0.999806
83 83 (0) 1 : 0.000031 0.000031 0.000031 0.000031 0.000031 0.000031 0.000031 0.000031 0.999749
84 84 (0) 1 : 0.000043 0.000043 0.000043 0.000043 0.000043 0.000043 0.000043 0.000043 0.999657
85 85 (0) 1 : 0.000022 0.000022 0.000022 0.000022 0.999824 0.000022 0.000022 0.000022 0.000022
86 86 (0) 1 : 0.000022 0.000022 0.000022 0.000022 0.000022 0.000022 0.000022 0.000022 0.999827
87 87 (0) 5 : 0.000033 0.000033 0.660923 0.000033 0.000034 0.000033 0.000033 0.000033 0.338843
88 88 (0) 5 : 0.000029 0.000029 0.614302 0.000029 0.000029 0.000029 0.000029 0.000029 0.385495
89 89 (0) 5 : 0.000023 0.000023 0.525601 0.000023 0.000023 0.000023 0.000023 0.000023 0.474240
90 90 (0) 5 : 0.000033 0.000033 0.824779 0.000033 0.000033 0.000033 0.000033 0.000033 0.174987
91 91 (0) 5 : 0.000032 0.000032 0.930555 0.000032 0.000032 0.000032 0.000032 0.000032 0.069223
92 92 (0) 5 : 0.000026 0.000026 0.596079 0.000026 0.000026 0.000026 0.000026 0.000026 0.403742
93 93 (0) 5 : 0.000036 0.000036 0.807030 0.000036 0.000036 0.000036 0.000036 0.000036 0.192720
94 94 (0) 5 : 0.000027 0.000027 0.734370 0.000027 0.000027 0.000027 0.000027 0.000027 0.265443
95 95 (0) 5 : 0.000034 0.000034 0.999725 0.000034 0.000034 0.000034 0.000034 0.000034 0.000034
96 96 (0) 5 : 0.000030 0.000030 0.870508 0.000030 0.000030 0.000030 0.000030 0.000030 0.129279
97 97 (0) 6 : 0.000030 0.000030 0.000030 0.000030 0.000030 0.000030 0.000030 0.000030 0.999757
98 98 (0) 6 : 0.000029 0.000029 0.000029 0.000029 0.000029 0.000029 0.000029 0.000029 0.999766
99 99 (0) 6 : 0.000029 0.000029 0.000029 0.000029 0.000029 0.000029 0.000029 0.000029 0.999765
100 100 (0) 6 : 0.000024 0.000024 0.000024 0.000024 0.000024 0.000024 0.000024 0.000024 0.999810
101 101 (0) 6 : 0.000024 0.000024 0.000024 0.000024 0.000024 0.000024 0.000024 0.000024 0.999810
102 102 (0) 6 : 0.000022 0.000022 0.000022 0.000022 0.000022 0.000022 0.000022 0.000022 0.999821
103 103 (0) 6 : 0.000030 0.000030 0.000030 0.000030 0.000030 0.000030 0.000030 0.000030 0.999760
104 104 (0) 6 : 0.000032 0.000032 0.000032 0.000032 0.000032 0.000032 0.000032 0.000032 0.999748
105 105 (0) 6 : 0.999752 0.000031 0.000031 0.000031 0.000031 0.000031 0.000031 0.000031 0.000031
106 106 (0) 6 : 0.000035 0.000035 0.000035 0.000035 0.000035 0.000035 0.000035 0.000035 0.999720
107 107 (0) 6 : 0.000031 0.000031 0.000031 0.000031 0.000031 0.000031 0.000031 0.000031 0.999752
108 108 (0) 6 : 0.000033 0.000033 0.000033 0.000033 0.000033 0.000033 0.000033 0.000033 0.999737
109 109 (0) 6 : 0.999743 0.000032 0.000032 0.000032 0.000032 0.000032 0.000032 0.000032 0.000032
110 110 (0) 2 : 0.000025 0.000025 0.000025 0.000025 0.000025 0.000025 0.000025 0.000025 0.999802
111 111 (0) 2 : 0.000032 0.000032 0.000032 0.000032 0.000032 0.000032 0.000032 0.000032 0.999745
112 112 (0) 2 : 0.000032 0.000032 0.000032 0.000032 0.000032 0.000032 0.000032 0.000032 0.999742
113 113 (0) 2 : 0.000030 0.000030 0.000030 0.000030 0.000030 0.000030 0.000030 0.000030 0.999763
114 114 (0) 2 : 0.000031 0.000031 0.000031 0.000031 0.000031 0.000031 0.000031 0.000031 0.999753
115 115 (0) 3 : 0.000022 0.000022 0.000022 0.000022 0.000022 0.000022 0.000022 0.000022 0.999824
