1 1 (0) 1 : 0.000119 0.999764 0.000117
2 2 (0) 1 : 0.000113 0.999775 0.000112
3 3 (0) 1 : 0.000123 0.999758 0.000119
4 4 (0) 1 : 0.000122 0.999757 0.000120
5 5 (0) 1 : 0.000127 0.999748 0.000126
6 6 (0) 1 : 0.000123 0.999757 0.000120
7 7 (0) 1 : 0.000131 0.999740 0.000129
8 8 (0) 1 : 0.000091 0.999818 0.000091
9 9 (0) 1 : 0.000086 0.999829 0.000085
10 10 (0) 1 : 0.000102 0.999798 0.000100
11 11 (0) 1 : 0.000118 0.999766 0.000116
12 12 (0) 1 : 0.000096 0.999810 0.000095
13 13 (0) 1 : 0.000115 0.999771 0.000114
14 14 (0) 1 : 0.000117 0.999768 0.000115
15 15 (0) 1 : 0.000117 0.999767 0.000116
16 16 (0) 1 : 0.000123 0.999754 0.000123
17 17 (0) 1 : 0.000134 0.999734 0.000133
18 18 (0) 2 : 0.000091 0.000094 0.999815
19 19 (0) 2 : 0.000119 0.000121 0.999760
20 20 (0) 3 : 0.000094 0.971027 0.028878
21 21 (0) 3 : 0.000098 0.999802 0.000100
22 22 (0) 2 : 0.000121 0.000123 0.999756
23 23 (0) 2 : 0.000092 0.000094 0.999813
24 24 (0) 2 : 0.000090 0.000091 0.999819
25 25 (0) 4 : 0.999784 0.000110 0.000106
26 26 (0) 4 : 0.999814 0.000094 0.000092
27 27 (0) 4 : 0.999725 0.000139 0.000136
28 28 (0) 4 : 0.999759 0.000122 0.000119
29 29 (0) 4 : 0.999715 0.000144 0.000140
30 30 (0) 4 : 0.939420 0.060420 0.000160
31 31 (0) 4 : 0.999743 0.000130 0.000127
32 32 (0) 4 : 0.999728 0.000139 0.000134
33 33 (0) 4 : 0.999770 0.000117 0.000113
34 34 (0) 4 : 0.999820 0.000091 0.000089
35 35 (0) 4 : 0.945774 0.054141 0.000086
36 36 (0) 4 : 0.999830 0.000086 0.000084
37 37 (0) 4 : 0.999826 0.000088 0.000086
38 38 (0) 4 : 0.999781 0.000111 0.000107
39 39 (0) 4 : 0.999818 0.000092 0.000090
40 40 (0) 4 : 0.999830 0.000086 0.000084
41 41 (0) 4 : 0.999757 0.000123 0.000120
42 42 (0) 4 : 0.999764 0.000120 0.000116
43 43 (0) 4 : 0.999753 0.000125 0.000122
44 44 (0) 4 : 0.999763 0.000120 0.000117
45 45 (0) 4 : 0.999760 0.000122 0.000118
46 46 (0) 4 : 0.999755 0.000123 0.000122
47 47 (0) 4 : 0.999753 0.000125 0.000122
48 48 (0) 4 : 0.938700 0.061183 0.000117
49 49 (0) 4 : 0.999774 0.000115 0.000112
50 50 (0) 4 : 0.999765 0.000119 0.000116
51 51 (0) 1 : 0.000079 0.999843 0.000078
52 52 (0) 1 : 0.000083 0.999834 0.000083
53 53 (0) 1 : 0.165741 0.834123 0.000136
54 54 (0) 1 : 0.854899 0.000104 0.144997
55 55 (0) 1 : 0.406667 0.593190 0.000143
56 56 (0) 1 : 0.637251 0.362659 0.000090
57 57 (0) 1 : 0.528942 0.470972 0.000086
58 58 (0) 1 : 0.467379 0.532505 0.000117
59 59 (0) 1 : 0.000115 0.999771 0.000114
60 60 (0) 1 : 0.000115 0.999772 0.000113
61 61 (0) 1 : 0.000080 0.999841 0.000079
62 62 (0) 1 : 0.000107 0.999789 0.000104
63 63 (0) 1 : 0.081793 0.918100 0.000107
64 64 (0) 1 : 0.000119 0.999763 0.000118
65 65 (0) 1 : 0.000117 0.999768 0.000115
66 66 (0) 1 : 0.000129 0.999743 0.000128
67 67 (0) 1 : 0.000114 0.999774 0.000112
68 68 (0) 1 : 0.000132 0.999737 0.000131
69 69 (0) 1 : 0.000141 0.999718 0.000140
70 70 (0) 1 : 0.000107 0.999787 0.000106
71 71 (0) 1 : 0.000129 0.999744 0.000127
72 72 (0) 1 : 0.000123 0.999755 0.000122
73 73 (0) 1 : 0.000115 0.999772 0.000113
74 74 (0) 1 : 0.000081 0.999839 0.000080
75 75 (0) 1 : 0.000079 0.999842 0.000079
76 76 (0) 1 : 0.000159 0.999685 0.000156
77 77 (0) 1 : 0.000125 0.999753 0.000123
78 78 (0) 1 : 0.000123 0.999756 0.000121
79 79 (0) 1 : 0.316030 0.683867 0.000103
80 80 (0) 1 : 0.000080 0.999840 0.000080
81 81 (0) 1 : 0.000080 0.999840 0.000079
82 82 (0) 1 : 0.000089 0.999821 0.000089
83 83 (0) 1 : 0.000120 0.999763 0.000117
84 84 (0) 1 : 0.000165 0.999674 0.000161
85 85 (0) 1 : 0.000081 0.999839 0.000080
86 86 (0) 1 : 0.000080 0.999841 0.000079
87 87 (0) 5 : 0.781248 0.218626 0.000126
88 88 (0) 5 : 0.728495 0.271395 0.000110
89 89 (0) 5 : 0.606345 0.393570 0.000085
90 90 (0) 5 : 0.900713 0.099162 0.000125
91 91 (0) 5 : 0.999760 0.000121 0.000119
92 92 (0) 5 : 0.676428 0.323477 0.000095
93 93 (0) 5 : 0.865344 0.134524 0.000132
94 94 (0) 5 : 0.810533 0.189366 0.000100
95 95 (0) 5 : 0.999741 0.000131 0.000129
96 96 (0) 5 : 0.915489 0.084397 0.000113
97 97 (0) 6 : 0.000112 0.999776 0.000111
98 98 (0) 6 : 0.000108 0.999785 0.000107
99 99 (0) 6 : 0.000109 0.999782 0.000108
100 100 (0) 6 : 0.000087 0.999826 0.000086
101 101 (0) 6 : 0.000088 0.999826 0.000086
102 102 (0) 6 : 0.000082 0.999837 0.000081
103 103 (0) 6 : 0.000111 0.999780 0.000109
104 104 (0) 6 : 0.000117 0.999768 0.000115
105 105 (0) 6 : 0.000117 0.999770 0.000113
106 106 (0) 6 : 0.000130 0.999741 0.000128
107 107 (0) 6 : 0.000116 0.999771 0.000113
108 108 (0) 6 : 0.000122 0.999758 0.000120
109 109 (0) 6 : 0.000121 0.999763 0.000116
110 110 (0) 2 : 0.000093 0.000095 0.999812
111 111 (0) 2 : 0.000119 0.000121 0.999759
112 112 (0) 2 : 0.000122 0.000124 0.999754
113 113 (0) 2 : 0.000112 0.000114 0.999775
114 114 (0) 2 : 0.000117 0.000119 0.999764
115 115 (0) 3 : 0.000082 0.931960 0.067958
1 1 (0) 1 : 0.999764 0.000119 0.000117
2 2 (0) 1 : 0.999775 0.000113 0.000112
3 3 (0) 1 : 0.999758 0.000123 0.000119
4 4 (0) 1 : 0.999757 0.000122 0.000120
5 5 (0) 1 : 0.999748 0.000126 0.000126
6 6 (0) 1 : 0.999757 0.000123 0.000120
7 7 (0) 1 : 0.999740 0.000131 0.000129
8 8 (0) 1 : 0.999818 0.000091 0.000091
9 9 (0) 1 : 0.999829 0.000086 0.000085
10 10 (0) 1 : 0.999799 0.000101 0.000100
11 11 (0) 1 : 0.999766 0.000118 0.000116
12 12 (0) 1 : 0.999810 0.000095 0.000095
13 13 (0) 1 : 0.999771 0.000115 0.000114
14 14 (0) 1 : 0.999768 0.000117 0.000115
15 15 (0) 1 : 0.999767 0.000117 0.000116
16 16 (0) 1 : 0.999754 0.000123 0.000123
17 17 (0) 1 : 0.999734 0.000134 0.000133
18 18 (0) 2 : 0.000094 0.000091 0.999815
19 19 (0) 2 : 0.000122 0.000119 0.999759
20 20 (0) 3 : 0.972817 0.000094 0.027089
21 21 (0) 3 : 0.999802 0.000098 0.000100
22 22 (0) 2 : 0.000123 0.000121 0.999756
23 23 (0) 2 : 0.000094 0.000092 0.999813
24 24 (0) 2 : 0.000092 0.000090 0.999819
25 25 (0) 4 : 0.000110 0.999784 0.000106
26 26 (0) 4 : 0.000094 0.999813 0.000092
27 27 (0) 4 : 0.000139 0.999725 0.000136
28 28 (0) 4 : 0.000122 0.999759 0.000119
29 29 (0) 4 : 0.000145 0.999715 0.000140
30 30 (0) 4 : 0.081627 0.918213 0.000160
31 31 (0) 4 : 0.000130 0.999742 0.000127
32 32 (0) 4 : 0.000139 0.999727 0.000134
33 33 (0) 4 : 0.000117 0.999770 0.000114
34 34 (0) 4 : 0.000091 0.999820 0.000089
35 35 (0) 4 : 0.080945 0.918969 0.000085
36 36 (0) 4 : 0.000086 0.999830 0.000084
37 37 (0) 4 : 0.000088 0.999826 0.000086
38 38 (0) 4 : 0.000111 0.999781 0.000107
39 39 (0) 4 : 0.000092 0.999818 0.000090
40 40 (0) 4 : 0.000086 0.999830 0.000084
41 41 (0) 4 : 0.000123 0.999757 0.000120
42 42 (0) 4 : 0.000120 0.999764 0.000116
43 43 (0) 4 : 0.000125 0.999753 0.000122
44 44 (0) 4 : 0.000121 0.999762 0.000117
45 45 (0) 4 : 0.000122 0.999760 0.000118
46 46 (0) 4 : 0.032512 0.967367 0.000121
47 47 (0) 4 : 0.000125 0.999753 0.000122
48 48 (0) 4 : 0.077026 0.922857 0.000117
49 49 (0) 4 : 0.000115 0.999774 0.000112
50 50 (0) 4 : 0.000119 0.999765 0.000116
51 51 (0) 1 : 0.999844 0.000078 0.000078
52 52 (0) 1 : 0.999835 0.000083 0.000083
53 53 (0) 1 : 0.864665 0.135200 0.000135
54 54 (0) 1 : 0.411495 0.588412 0.000093
55 55 (0) 1 : 0.617633 0.382224 0.000143
56 56 (0) 1 : 0.393235 0.606675 0.000090
57 57 (0) 1 : 0.498538 0.501377 0.000085
58 58 (0) 1 : 0.557565 0.442320 0.000116
59 59 (0) 1 : 0.999771 0.000115 0.000114
60 60 (0) 1 : 0.999772 0.000114 0.000113
61 61 (0) 1 : 0.999841 0.000080 0.000079
62 62 (0) 1 : 0.999789 0.000107 0.000104
63 63 (0) 1 : 0.931004 0.068898 0.000098
64 64 (0) 1 : 0.999764 0.000119 0.000118
65 65 (0) 1 : 0.999769 0.000116 0.000115
66 66 (0) 1 : 0.999743 0.000129 0.000128
67 67 (0) 1 : 0.999774 0.000114 0.000112
68 68 (0) 1 : 0.999737 0.000132 0.000131
69 69 (0) 1 : 0.999719 0.000141 0.000140
70 70 (0) 1 : 0.999787 0.000107 0.000106
71 71 (0) 1 : 0.999745 0.000129 0.000127
72 72 (0) 1 : 0.999756 0.000123 0.000122
73 73 (0) 1 : 0.999772 0.000114 0.000113
74 74 (0) 1 : 0.999839 0.000080 0.000080
75 75 (0) 1 : 0.999842 0.000079 0.000079
76 76 (0) 1 : 0.999685 0.000159 0.000156
77 77 (0) 1 : 0.999753 0.000124 0.000123
78 78 (0) 1 : 0.999757 0.000123 0.000121
79 79 (0) 1 : 0.706208 0.293690 0.000102
80 80 (0) 1 : 0.999840 0.000080 0.000080
81 81 (0) 1 : 0.999841 0.000080 0.000079
82 82 (0) 1 : 0.999821 0.000089 0.000089
83 83 (0) 1 : 0.999763 0.000120 0.000117
84 84 (0) 1 : 0.999675 0.000164 0.000161
85 85 (0) 1 : 0.999839 0.000081 0.000080
86 86 (0) 1 : 0.999841 0.000079 0.000079
87 87 (0) 5 : 0.255423 0.744451 0.000126
88 88 (0) 5 : 0.296366 0.703524 0.000110
89 89 (0) 5 : 0.417365 0.582550 0.000085
90 90 (0) 5 : 0.125187 0.874688 0.000125
91 91 (0) 5 : 0.000122 0.999759 0.000119
92 92 (0) 5 : 0.347122 0.652783 0.000095
93 93 (0) 5 : 0.172773 0.827095 0.000132
94 94 (0) 5 : 0.207534 0.792365 0.000100
95 95 (0) 5 : 0.000131 0.999740 0.000129
96 96 (0) 5 : 0.106293 0.893594 0.000113
97 97 (0) 6 : 0.999777 0.000112 0.000111
98 98 (0) 6 : 0.999785 0.000108 0.000107
99 99 (0) 6 : 0.999782 0.000109 0.000108
100 100 (0) 6 : 0.999826 0.000087 0.000086
101 101 (0) 6 : 0.999826 0.000088 0.000086
102 102 (0) 6 : 0.999837 0.000082 0.000081
103 103 (0) 6 : 0.999780 0.000111 0.000109
104 104 (0) 6 : 0.999768 0.000117 0.000115
105 105 (0) 6 : 0.999770 0.000117 0.000113
106 106 (0) 6 : 0.999741 0.000130 0.000128
107 107 (0) 6 : 0.999771 0.000116 0.000113
108 108 (0) 6 : 0.999758 0.000122 0.000120
109 109 (0) 6 : 0.999763 0.000121 0.000116
110 110 (0) 2 : 0.000096 0.000093 0.999811
111 111 (0) 2 : 0.000121 0.000119 0.999759
112 112 (0) 2 : 0.000124 0.000122 0.999754
113 113 (0) 2 : 0.000114 0.000112 0.999774
114 114 (0) 2 : 0.237534 0.000116 0.762349
115 115 (0) 3 : 0.934060 0.000082 0.065858
1 1 (0) 1 : 0.000117 0.999764 0.000119
2 2 (0) 1 : 0.000112 0.999775 0.000113
3 3 (0) 1 : 0.000118 0.999759 0.000123
4 4 (0) 1 : 0.000120 0.999757 0.000122
5 5 (0) 1 : 0.000125 0.999748 0.000127
6 6 (0) 1 : 0.000120 0.999757 0.000123
7 7 (0) 1 : 0.000129 0.999740 0.000131
8 8 (0) 1 : 0.000091 0.999818 0.000091
9 9 (0) 1 : 0.000085 0.999829 0.000086
10 10 (0) 1 : 0.000100 0.999799 0.000101
11 11 (0) 1 : 0.000116 0.999766 0.000118
12 12 (0) 1 : 0.000095 0.999809 0.000095
13 13 (0) 1 : 0.000114 0.999771 0.000115
14 14 (0) 1 : 0.000115 0.999768 0.000117
15 15 (0) 1 : 0.000116 0.999767 0.000117
16 16 (0) 1 : 0.000122 0.999754 0.000123
17 17 (0) 1 : 0.000133 0.999734 0.000134
18 18 (0) 2 : 0.999814 0.000094 0.000091
19 19 (0) 2 : 0.999759 0.000122 0.000119
20 20 (0) 3 : 0.026858 0.973048 0.000094
21 21 (0) 3 : 0.000100 0.999802 0.000098
22 22 (0) 2 : 0.999756 0.000123 0.000121
23 23 (0) 2 : 0.999813 0.000095 0.000092
24 24 (0) 2 : 0.999819 0.000092 0.000090
25 25 (0) 4 : 0.000106 0.000110 0.999784
26 26 (0) 4 : 0.000092 0.000094 0.999814
27 27 (0) 4 : 0.000136 0.000139 0.999725
28 28 (0) 4 : 0.000119 0.000122 0.999759
29 29 (0) 4 : 0.000140 0.000145 0.999715
30 30 (0) 4 : 0.000160 0.079544 0.920296
31 31 (0) 4 : 0.000127 0.000130 0.999742
32 32 (0) 4 : 0.000134 0.000139 0.999728
33 33 (0) 4 : 0.000114 0.000117 0.999769
34 34 (0) 4 : 0.000089 0.000091 0.999820
35 35 (0) 4 : 0.000085 0.092718 0.907197
36 36 (0) 4 : 0.000085 0.000086 0.999828
37 37 (0) 4 : 0.000086 0.000088 0.999826
38 38 (0) 4 : 0.000112 0.000111 0.999776
39 39 (0) 4 : 0.000090 0.000092 0.999817
40 40 (0) 4 : 0.000085 0.000086 0.999828
41 41 (0) 4 : 0.000121 0.000123 0.999756
42 42 (0) 4 : 0.000117 0.000120 0.999763
43 43 (0) 4 : 0.000122 0.000125 0.999753
44 44 (0) 4 : 0.000117 0.000121 0.999762
45 45 (0) 4 : 0.000118 0.000122 0.999760
46 46 (0) 4 : 0.000121 0.008054 0.991824
47 47 (0) 4 : 0.000122 0.000125 0.999753
48 48 (0) 4 : 0.000117 0.083693 0.916190
49 49 (0) 4 : 0.000114 0.000115 0.999771
50 50 (0) 4 : 0.000116 0.000119 0.999765
51 51 (0) 1 : 0.000078 0.999844 0.000079
52 52 (0) 1 : 0.000082 0.999835 0.000083
53 53 (0) 1 : 0.000135 0.854028 0.145837
54 54 (0) 1 : 0.000092 0.399648 0.600260
55 55 (0) 1 : 0.000143 0.610633 0.389224
56 56 (0) 1 : 0.000090 0.383371 0.616539
57 57 (0) 1 : 0.000085 0.486818 0.513097
58 58 (0) 1 : 0.000116 0.546089 0.453795
59 59 (0) 1 : 0.000114 0.999771 0.000115
60 60 (0) 1 : 0.000113 0.999772 0.000115
61 61 (0) 1 : 0.000079 0.999841 0.000080
62 62 (0) 1 : 0.000103 0.879319 0.120578
63 63 (0) 1 : 0.000106 0.908426 0.091468
64 64 (0) 1 : 0.000117 0.999764 0.000119
65 65 (0) 1 : 0.000115 0.999769 0.000116
66 66 (0) 1 : 0.000128 0.999743 0.000129
67 67 (0) 1 : 0.000112 0.999774 0.000114
68 68 (0) 1 : 0.000131 0.999737 0.000132
69 69 (0) 1 : 0.000140 0.999719 0.000141
70 70 (0) 1 : 0.000106 0.999787 0.000107
71 71 (0) 1 : 0.000127 0.999745 0.000129
72 72 (0) 1 : 0.000121 0.999756 0.000123
73 73 (0) 1 : 0.000113 0.999773 0.000114
74 74 (0) 1 : 0.000080 0.999840 0.000080
75 75 (0) 1 : 0.000079 0.999842 0.000079
76 76 (0) 1 : 0.000156 0.999685 0.000159
77 77 (0) 1 : 0.000123 0.999753 0.000125
78 78 (0) 1 : 0.000121 0.999757 0.000123
79 79 (0) 1 : 0.000103 0.689466 0.310431
80 80 (0) 1 : 0.000080 0.999840 0.000080
81 81 (0) 1 : 0.000079 0.999841 0.000080
82 82 (0) 1 : 0.000089 0.999821 0.000089
83 83 (0) 1 : 0.000117 0.999763 0.000120
84 84 (0) 1 : 0.000161 0.983428 0.016411
85 85 (0) 1 : 0.000080 0.999839 0.000081
86 86 (0) 1 : 0.000079 0.999841 0.000079
87 87 (0) 5 : 0.000126 0.258674 0.741200
88 88 (0) 5 : 0.000110 0.298921 0.700969
89 89 (0) 5 : 0.000085 0.420986 0.578929
90 90 (0) 5 : 0.000124 0.123879 0.875997
91 91 (0) 5 : 0.000119 0.000122 0.999759
92 92 (0) 5 : 0.000095 0.351306 0.648599
93 93 (0) 5 : 0.000132 0.171772 0.828096
94 94 (0) 5 : 0.000100 0.212248 0.787652
95 95 (0) 5 : 0.000129 0.000131 0.999740
96 96 (0) 5 : 0.000113 0.104525 0.895362
97 97 (0) 6 : 0.000092 0.999795 0.000112
98 98 (0) 6 : 0.000107 0.999785 0.000108
99 99 (0) 6 : 0.000101 0.999790 0.000109
100 100 (0) 6 : 0.000072 0.999841 0.000087
101 101 (0) 6 : 0.000072 0.999841 0.000088
102 102 (0) 6 : 0.000067 0.999851 0.000082
103 103 (0) 6 : 0.000109 0.999780 0.000111
104 104 (0) 6 : 0.000095 0.999787 0.000117
105 105 (0) 6 : 0.000094 0.999789 0.000117
106 106 (0) 6 : 0.000107 0.999763 0.000130
107 107 (0) 6 : 0.000094 0.999790 0.000116
108 108 (0) 6 : 0.000099 0.999778 0.000122
109 109 (0) 6 : 0.000097 0.999782 0.000121
110 110 (0) 2 : 0.851351 0.148556 0.000093
111 111 (0) 2 : 0.999759 0.000122 0.000119
112 112 (0) 2 : 0.999753 0.000124 0.000123
113 113 (0) 2 : 0.999774 0.000114 0.000112
114 114 (0) 2 : 0.735987 0.263897 0.000116
115 115 (0) 3 : 0.065143 0.934775 0.000082
