1 1 (0) 1 : 0.000364 0.999636
2 2 (0) 1 : 0.000321 0.999679
3 3 (0) 1 : 0.000428 0.999572
4 4 (0) 1 : 0.000416 0.999584
5 5 (0) 1 : 0.000358 0.999642
6 6 (0) 1 : 0.000363 0.999637
7 7 (0) 1 : 0.000353 0.999647
8 8 (0) 1 : 0.000112 0.999888
9 9 (0) 1 : 0.000222 0.999778
10 10 (0) 1 : 0.000284 0.999716
11 11 (0) 1 : 0.000356 0.999644
12 12 (0) 1 : 0.000243 0.999757
13 13 (0) 1 : 0.000333 0.999667
14 14 (0) 1 : 0.000325 0.999675
15 15 (0) 1 : 0.000331 0.999669
16 16 (0) 1 : 0.000358 0.999642
17 17 (0) 1 : 0.000375 0.999625
18 18 (0) 2 : 0.000345 0.999655
19 19 (0) 2 : 0.000665 0.999335
20 20 (0) 3 : 0.000266 0.999734
21 21 (0) 3 : 0.000264 0.999736
22 22 (0) 2 : 0.000568 0.999432
23 23 (0) 2 : 0.000352 0.999648
24 24 (0) 2 : 0.000396 0.999604
25 25 (0) 4 : 0.897905 0.102095
26 26 (0) 4 : 0.999714 0.000286
27 27 (0) 4 : 0.999512 0.000488
28 28 (0) 4 : 0.999617 0.000383
29 29 (0) 4 : 0.999308 0.000692
30 30 (0) 4 : 0.874437 0.125563
31 31 (0) 4 : 0.999575 0.000425
32 32 (0) 4 : 0.999305 0.000695
33 33 (0) 4 : 0.999586 0.000414
34 34 (0) 4 : 0.871521 0.128479
35 35 (0) 4 : 0.772179 0.227821
36 36 (0) 4 : 0.999721 0.000279
37 37 (0) 4 : 0.999721 0.000279
38 38 (0) 4 : 0.999656 0.000344
39 39 (0) 4 : 0.999716 0.000284
40 40 (0) 4 : 0.999724 0.000276
41 41 (0) 4 : 0.999598 0.000402
42 42 (0) 4 : 0.999593 0.000407
43 43 (0) 4 : 0.999516 0.000484
44 44 (0) 4 : 0.999346 0.000654
45 45 (0) 4 : 0.999622 0.000378
46 46 (0) 4 : 0.979582 0.020418
47 47 (0) 4 : 0.999590 0.000410
48 48 (0) 4 : 0.826364 0.173636
49 49 (0) 4 : 0.999635 0.000365
50 50 (0) 4 : 0.999645 0.000355
51 51 (0) 1 : 0.000232 0.999768
52 52 (0) 1 : 0.000249 0.999751
53 53 (0) 1 : 0.111617 0.888383
54 54 (0) 1 : 0.513912 0.486088
55 55 (0) 1 : 0.377962 0.622038
56 56 (0) 1 : 0.543999 0.456001
57 57 (0) 1 : 0.496024 0.503976
58 58 (0) 1 : 0.406356 0.593644
59 59 (0) 1 : 0.001699 0.998301
60 60 (0) 1 : 0.000377 0.999623
61 61 (0) 1 : 0.000211 0.999789
62 62 (0) 1 : 0.166304 0.833696
63 63 (0) 1 : 0.103278 0.896722
64 64 (0) 1 : 0.000338 0.999662
65 65 (0) 1 : 0.000332 0.999668
66 66 (0) 1 : 0.000350 0.999650
67 67 (0) 1 : 0.000332 0.999668
68 68 (0) 1 : 0.000424 0.999576
69 69 (0) 1 : 0.000430 0.999570
70 70 (0) 1 : 0.000316 0.999684
71 71 (0) 1 : 0.000369 0.999631
72 72 (0) 1 : 0.000375 0.999625
73 73 (0) 1 : 0.000340 0.999660
74 74 (0) 1 : 0.000208 0.999792
75 75 (0) 1 : 0.000207 0.999793
76 76 (0) 1 : 0.000453 0.999547
77 77 (0) 1 : 0.000358 0.999642
78 78 (0) 1 : 0.000372 0.999628
79 79 (0) 1 : 0.213017 0.786983
80 80 (0) 1 : 0.000216 0.999784
81 81 (0) 1 : 0.000236 0.999764
82 82 (0) 1 : 0.000252 0.999748
83 83 (0) 1 : 0.000614 0.999386
84 84 (0) 1 : 0.000660 0.999340
85 85 (0) 1 : 0.000211 0.999789
86 86 (0) 1 : 0.000221 0.999779
87 87 (0) 5 : 0.500235 0.499765
88 88 (0) 5 : 0.592901 0.407099
89 89 (0) 5 : 0.431148 0.568852
90 90 (0) 5 : 0.834938 0.165062
91 91 (0) 5 : 0.909709 0.090291
92 92 (0) 5 : 0.591093 0.408907
93 93 (0) 5 : 0.709863 0.290137
94 94 (0) 5 : 0.690380 0.309620
95 95 (0) 5 : 0.918281 0.081719
96 96 (0) 5 : 0.768192 0.231808
97 97 (0) 6 : 0.000314 0.999686
98 98 (0) 6 : 0.000311 0.999689
99 99 (0) 6 : 0.000295 0.999705
100 100 (0) 6 : 0.000227 0.999773
101 101 (0) 6 : 0.000222 0.999778
102 102 (0) 6 : 0.000229 0.999771
103 103 (0) 6 : 0.000309 0.999691
104 104 (0) 6 : 0.000334 0.999666
105 105 (0) 6 : 0.000522 0.999478
106 106 (0) 6 : 0.000420 0.999580
107 107 (0) 6 : 0.000356 0.999644
108 108 (0) 6 : 0.000364 0.999636
109 109 (0) 6 : 0.002597 0.997403
110 110 (0) 2 : 0.000658 0.999342
111 111 (0) 2 : 0.000470 0.999530
112 112 (0) 2 : 0.001205 0.998795
113 113 (0) 2 : 0.030653 0.969347
114 114 (0) 2 : 0.035222 0.964778
115 115 (0) 3 : 0.000235 0.999765
1 1 (0) 1 : 0.000364 0.999636
2 2 (0) 1 : 0.000321 0.999679
3 3 (0) 1 : 0.000428 0.999572
4 4 (0) 1 : 0.000416 0.999584
5 5 (0) 1 : 0.000358 0.999642
6 6 (0) 1 : 0.000363 0.999637
7 7 (0) 1 : 0.000353 0.999647
8 8 (0) 1 : 0.000234 0.999766
9 9 (0) 1 : 0.000222 0.999778
10 10 (0) 1 : 0.000284 0.999716
11 11 (0) 1 : 0.000356 0.999644
12 12 (0) 1 : 0.000243 0.999757
13 13 (0) 1 : 0.000333 0.999667
14 14 (0) 1 : 0.000325 0.999675
15 15 (0) 1 : 0.000331 0.999669
16 16 (0) 1 : 0.000358 0.999642
17 17 (0) 1 : 0.000374 0.999626
18 18 (0) 2 : 0.000345 0.999655
19 19 (0) 2 : 0.000667 0.999333
20 20 (0) 3 : 0.000266 0.999734
21 21 (0) 3 : 0.000264 0.999736
22 22 (0) 2 : 0.000569 0.999431
23 23 (0) 2 : 0.000352 0.999648
24 24 (0) 2 : 0.000397 0.999603
25 25 (0) 4 : 0.897901 0.102099
26 26 (0) 4 : 0.999714 0.000286
27 27 (0) 4 : 0.999512 0.000488
28 28 (0) 4 : 0.999617 0.000383
29 29 (0) 4 : 0.999308 0.000692
30 30 (0) 4 : 0.874465 0.125535
31 31 (0) 4 : 0.999575 0.000425
32 32 (0) 4 : 0.999305 0.000695
33 33 (0) 4 : 0.999586 0.000414
34 34 (0) 4 : 0.871528 0.128472
35 35 (0) 4 : 0.772244 0.227756
36 36 (0) 4 : 0.999721 0.000279
37 37 (0) 4 : 0.999721 0.000279
38 38 (0) 4 : 0.999656 0.000344
39 39 (0) 4 : 0.999716 0.000284
40 40 (0) 4 : 0.999724 0.000276
41 41 (0) 4 : 0.999598 0.000402
42 42 (0) 4 : 0.999593 0.000407
43 43 (0) 4 : 0.999516 0.000484
44 44 (0) 4 : 0.999346 0.000654
45 45 (0) 4 : 0.999622 0.000378
46 46 (0) 4 : 0.979679 0.020321
47 47 (0) 4 : 0.999590 0.000410
48 48 (0) 4 : 0.826367 0.173633
49 49 (0) 4 : 0.999635 0.000365
50 50 (0) 4 : 0.999645 0.000355
51 51 (0) 1 : 0.000232 0.999768
52 52 (0) 1 : 0.000249 0.999751
53 53 (0) 1 : 0.111620 0.888380
54 54 (0) 1 : 0.513940 0.486060
55 55 (0) 1 : 0.378077 0.621923
56 56 (0) 1 : 0.544077 0.455923
57 57 (0) 1 : 0.496092 0.503908
58 58 (0) 1 : 0.406415 0.593585
59 59 (0) 1 : 0.001589 0.998411
60 60 (0) 1 : 0.000377 0.999623
61 61 (0) 1 : 0.000211 0.999789
62 62 (0) 1 : 0.166320 0.833680
63 63 (0) 1 : 0.103290 0.896710
64 64 (0) 1 : 0.000338 0.999662
65 65 (0) 1 : 0.000332 0.999668
66 66 (0) 1 : 0.000350 0.999650
67 67 (0) 1 : 0.000332 0.999668
68 68 (0) 1 : 0.000424 0.999576
69 69 (0) 1 : 0.000430 0.999570
70 70 (0) 1 : 0.000316 0.999684
71 71 (0) 1 : 0.000369 0.999631
72 72 (0) 1 : 0.000375 0.999625
73 73 (0) 1 : 0.000340 0.999660
74 74 (0) 1 : 0.000207 0.999793
75 75 (0) 1 : 0.000207 0.999793
76 76 (0) 1 : 0.000453 0.999547
77 77 (0) 1 : 0.000358 0.999642
78 78 (0) 1 : 0.000372 0.999628
79 79 (0) 1 : 0.213039 0.786961
80 80 (0) 1 : 0.000216 0.999784
81 81 (0) 1 : 0.000236 0.999764
82 82 (0) 1 : 0.000252 0.999748
83 83 (0) 1 : 0.000615 0.999385
84 84 (0) 1 : 0.000660 0.999340
85 85 (0) 1 : 0.000211 0.999789
86 86 (0) 1 : 0.000221 0.999779
87 87 (0) 5 : 0.500297 0.499703
88 88 (0) 5 : 0.593000 0.407000
89 89 (0) 5 : 0.431214 0.568786
90 90 (0) 5 : 0.835005 0.164995
91 91 (0) 5 : 0.909791 0.090209
92 92 (0) 5 : 0.591124 0.408876
93 93 (0) 5 : 0.709848 0.290152
94 94 (0) 5 : 0.690442 0.309558
95 95 (0) 5 : 0.918325 0.081675
96 96 (0) 5 : 0.768251 0.231749
97 97 (0) 6 : 0.000314 0.999686
98 98 (0) 6 : 0.000311 0.999689
99 99 (0) 6 : 0.000295 0.999705
100 100 (0) 6 : 0.000194 0.999806
101 101 (0) 6 : 0.000222 0.999778
102 102 (0) 6 : 0.000229 0.999771
103 103 (0) 6 : 0.000309 0.999691
104 104 (0) 6 : 0.000334 0.999666
105 105 (0) 6 : 0.000521 0.999479
106 106 (0) 6 : 0.000420 0.999580
107 107 (0) 6 : 0.000356 0.999644
108 108 (0) 6 : 0.000364 0.999636
109 109 (0) 6 : 0.002234 0.997766
110 110 (0) 2 : 0.000666 0.999334
111 111 (0) 2 : 0.000470 0.999530
112 112 (0) 2 : 0.001364 0.998636
113 113 (0) 2 : 0.031195 0.968805
114 114 (0) 2 : 0.036767 0.963233
115 115 (0) 3 : 0.000235 0.999765
1 1 (0) 1 : 0.000364 0.999636
2 2 (0) 1 : 0.000321 0.999679
3 3 (0) 1 : 0.000428 0.999572
4 4 (0) 1 : 0.000416 0.999584
5 5 (0) 1 : 0.000358 0.999642
6 6 (0) 1 : 0.000362 0.999638
7 7 (0) 1 : 0.000353 0.999647
8 8 (0) 1 : 0.000234 0.999766
9 9 (0) 1 : 0.000222 0.999778
10 10 (0) 1 : 0.000284 0.999716
11 11 (0) 1 : 0.000356 0.999644
12 12 (0) 1 : 0.000243 0.999757
13 13 (0) 1 : 0.000332 0.999668
14 14 (0) 1 : 0.000325 0.999675
15 15 (0) 1 : 0.000331 0.999669
16 16 (0) 1 : 0.000358 0.999642
17 17 (0) 1 : 0.000374 0.999626
18 18 (0) 2 : 0.000344 0.999656
19 19 (0) 2 : 0.000663 0.999337
20 20 (0) 3 : 0.000266 0.999734
21 21 (0) 3 : 0.000264 0.999736
22 22 (0) 2 : 0.000567 0.999433
23 23 (0) 2 : 0.000351 0.999649
24 24 (0) 2 : 0.000396 0.999604
25 25 (0) 4 : 0.897263 0.102737
26 26 (0) 4 : 0.999714 0.000286
27 27 (0) 4 : 0.999512 0.000488
28 28 (0) 4 : 0.999617 0.000383
29 29 (0) 4 : 0.999307 0.000693
30 30 (0) 4 : 0.874272 0.125728
31 31 (0) 4 : 0.999575 0.000425
32 32 (0) 4 : 0.999305 0.000695
33 33 (0) 4 : 0.999586 0.000414
34 34 (0) 4 : 0.870712 0.129288
35 35 (0) 4 : 0.771501 0.228499
36 36 (0) 4 : 0.999721 0.000279
37 37 (0) 4 : 0.999721 0.000279
38 38 (0) 4 : 0.999656 0.000344
39 39 (0) 4 : 0.999715 0.000285
40 40 (0) 4 : 0.999724 0.000276
41 41 (0) 4 : 0.999598 0.000402
42 42 (0) 4 : 0.999593 0.000407
43 43 (0) 4 : 0.999515 0.000485
44 44 (0) 4 : 0.999345 0.000655
45 45 (0) 4 : 0.999622 0.000378
46 46 (0) 4 : 0.979225 0.020775
47 47 (0) 4 : 0.999590 0.000410
48 48 (0) 4 : 0.825976 0.174024
49 49 (0) 4 : 0.999635 0.000365
50 50 (0) 4 : 0.999645 0.000355
51 51 (0) 1 : 0.000232 0.999768
52 52 (0) 1 : 0.000248 0.999752
53 53 (0) 1 : 0.111535 0.888465
54 54 (0) 1 : 0.513760 0.486240
55 55 (0) 1 : 0.377666 0.622334
56 56 (0) 1 : 0.543763 0.456237
57 57 (0) 1 : 0.495789 0.504211
58 58 (0) 1 : 0.406146 0.593854
59 59 (0) 1 : 0.001617 0.998383
60 60 (0) 1 : 0.000377 0.999623
61 61 (0) 1 : 0.000210 0.999790
62 62 (0) 1 : 0.166263 0.833737
63 63 (0) 1 : 0.103266 0.896734
64 64 (0) 1 : 0.000338 0.999662
65 65 (0) 1 : 0.000332 0.999668
66 66 (0) 1 : 0.000350 0.999650
67 67 (0) 1 : 0.000332 0.999668
68 68 (0) 1 : 0.000424 0.999576
69 69 (0) 1 : 0.000430 0.999570
70 70 (0) 1 : 0.000316 0.999684
71 71 (0) 1 : 0.000369 0.999631
72 72 (0) 1 : 0.000375 0.999625
73 73 (0) 1 : 0.000340 0.999660
74 74 (0) 1 : 0.000207 0.999793
75 75 (0) 1 : 0.000207 0.999793
76 76 (0) 1 : 0.000453 0.999547
77 77 (0) 1 : 0.000358 0.999642
78 78 (0) 1 : 0.000372 0.999628
79 79 (0) 1 : 0.212902 0.787098
80 80 (0) 1 : 0.000216 0.999784
81 81 (0) 1 : 0.000236 0.999764
82 82 (0) 1 : 0.000252 0.999748
83 83 (0) 1 : 0.000614 0.999386
84 84 (0) 1 : 0.000659 0.999341
85 85 (0) 1 : 0.000211 0.999789
86 86 (0) 1 : 0.000221 0.999779
87 87 (0) 5 : 0.499830 0.500170
88 88 (0) 5 : 0.592450 0.407550
89 89 (0) 5 : 0.430737 0.569263
90 90 (0) 5 : 0.834644 0.165356
91 91 (0) 5 : 0.909402 0.090598
92 92 (0) 5 : 0.590751 0.409249
93 93 (0) 5 : 0.709569 0.290431
94 94 (0) 5 : 0.689883 0.310117
95 95 (0) 5 : 0.917991 0.082009
96 96 (0) 5 : 0.767841 0.232159
97 97 (0) 6 : 0.000314 0.999686
98 98 (0) 6 : 0.000311 0.999689
99 99 (0) 6 : 0.000295 0.999705
100 100 (0) 6 : 0.000200 0.999800
101 101 (0) 6 : 0.000222 0.999778
102 102 (0) 6 : 0.000229 0.999771
103 103 (0) 6 : 0.000309 0.999691
104 104 (0) 6 : 0.000334 0.999666
105 105 (0) 6 : 0.000522 0.999478
106 106 (0) 6 : 0.000420 0.999580
107 107 (0) 6 : 0.000356 0.999644
108 108 (0) 6 : 0.000364 0.999636
109 109 (0) 6 : 0.002818 0.997182
110 110 (0) 2 : 0.000650 0.999350
111 111 (0) 2 : 0.000469 0.999531
112 112 (0) 2 : 0.001115 0.998885
113 113 (0) 2 : 0.029933 0.970067
114 114 (0) 2 : 0.033296 0.966704
115 115 (0) 3 : 0.000235 0.999765
