1 1 (0) 1 : 0.000041 0.000041 0.000041 0.999752 0.000041 0.000041 0.000041
2 2 (0) 1 : 0.000039 0.000039 0.000039 0.999764 0.000039 0.000039 0.000039
3 3 (0) 1 : 0.000042 0.000042 0.000042 0.999748 0.000042 0.000042 0.000042
4 4 (0) 1 : 0.000042 0.000042 0.000042 0.999746 0.000042 0.000042 0.000042
5 5 (0) 1 : 0.000044 0.000044 0.000044 0.999736 0.000044 0.000044 0.000044
6 6 (0) 1 : 0.000042 0.000042 0.000042 0.999746 0.000042 0.000042 0.000042
7 7 (0) 1 : 0.000045 0.000046 0.000046 0.999727 0.000045 0.000045 0.000045
8 8 (0) 1 : 0.000032 0.000032 0.000032 0.999807 0.000032 0.000032 0.000032
9 9 (0) 1 : 0.000030 0.000030 0.000030 0.999819 0.000030 0.000030 0.000030
10 10 (0) 1 : 0.000035 0.000035 0.000035 0.999788 0.000035 0.000035 0.000035
11 11 (0) 1 : 0.000041 0.000041 0.000041 0.999754 0.000041 0.000041 0.000041
12 12 (0) 1 : 0.000034 0.000034 0.000034 0.999798 0.000034 0.000034 0.000034
13 13 (0) 1 : 0.000040 0.000040 0.000040 0.999759 0.000040 0.000040 0.000040
14 14 (0) 1 : 0.000041 0.000041 0.000041 0.999756 0.000041 0.000041 0.000041
15 15 (0) 1 : 0.000041 0.000041 0.000041 0.999755 0.000041 0.000041 0.000041
16 16 (0) 1 : 0.000043 0.000043 0.000043 0.999742 0.000043 0.000043 0.000043
17 17 (0) 1 : 0.000047 0.000047 0.000047 0.999720 0.000047 0.000047 0.000047
18 18 (0) 2 : 0.000032 0.000032 0.000032 0.999810 0.000032 0.000032 0.000032
19 19 (0) 2 : 0.000041 0.000041 0.000041 0.999755 0.000041 0.000041 0.000041
20 20 (0) 3 : 0.000032 0.000032 0.000032 0.999807 0.000032 0.000032 0.000032
21 21 (0) 3 : 0.000034 0.000034 0.000034 0.999798 0.000034 0.000034 0.000034
22 22 (0) 2 : 0.000042 0.000042 0.000042 0.999750 0.000042 0.000042 0.000042
23 23 (0) 2 : 0.000032 0.000032 0.000032 0.999807 0.000032 0.000032 0.000032
24 24 (0) 2 : 0.000031 0.000031 0.000031 0.999814 0.000031 0.000031 0.000031
25 25 (0) 4 : 0.000037 0.999776 0.000037 0.000037 0.000037 0.000037 0.000037
26 26 (0) 4 : 0.000032 0.999805 0.000033 0.000033 0.000032 0.000032 0.000032
27 27 (0) 4 : 0.000048 0.999712 0.000048 0.000048 0.000048 0.000048 0.000048
28 28 (0) 4 : 0.000042 0.999747 0.000042 0.000042 0.000042 0.000042 0.000042
29 29 (0) 4 : 0.000049 0.999703 0.000050 0.000050 0.000049 0.000049 0.000049
30 30 (0) 4 : 0.000055 0.999669 0.000055 0.000055 0.000055 0.000055 0.000055
31 31 (0) 4 : 0.000045 0.999729 0.000045 0.000045 0.000045 0.000045 0.000045
32 32 (0) 4 : 0.000047 0.999716 0.000047 0.000047 0.000047 0.000047 0.000047
33 33 (0) 4 : 0.000040 0.999758 0.000040 0.000040 0.000040 0.000040 0.000040
34 34 (0) 4 : 0.000031 0.999814 0.000031 0.000031 0.000031 0.000031 0.000031
35 35 (0) 4 : 0.000030 0.999821 0.000030 0.000030 0.000030 0.000030 0.000030
36 36 (0) 4 : 0.000030 0.000030 0.999820 0.000030 0.000030 0.000030 0.000030
37 37 (0) 4 : 0.000030 0.000030 0.999817 0.000030 0.000030 0.000030 0.000030
38 38 (0) 4 : 0.000038 0.999769 0.000039 0.000039 0.000038 0.000038 0.000038
39 39 (0) 4 : 0.000032 0.000032 0.999808 0.000032 0.000032 0.000032 0.000032
40 40 (0) 4 : 0.000030 0.000030 0.999821 0.000030 0.000030 0.000030 0.000030
41 41 (0) 4 : 0.000043 0.999744 0.000043 0.000043 0.000043 0.000043 0.000043
42 42 (0) 4 : 0.000041 0.999753 0.000041 0.000041 0.000041 0.000041 0.000041
43 43 (0) 4 : 0.000043 0.999742 0.000043 0.000043 0.000043 0.000043 0.000043
44 44 (0) 4 : 0.000041 0.999752 0.000041 0.000041 0.000041 0.000041 0.000041
45 45 (0) 4 : 0.000042 0.999749 0.000042 0.000042 0.000042 0.000042 0.000042
46 46 (0) 4 : 0.000041 0.897569 0.000042 0.102224 0.000041 0.000041 0.000041
47 47 (0) 4 : 0.000043 0.999742 0.000043 0.000043 0.000043 0.000043 0.000043
48 48 (0) 4 : 0.000041 0.970582 0.000041 0.029214 0.000041 0.000041 0.000041
49 49 (0) 4 : 0.000040 0.999761 0.000040 0.000040 0.000040 0.000040 0.000040
50 50 (0) 4 : 0.000041 0.999754 0.000041 0.000041 0.000041 0.000041 0.000041
51 51 (0) 1 : 0.000027 0.000027 0.000027 0.999837 0.000027 0.000027 0.000027
52 52 (0) 1 : 0.000029 0.000029 0.000029 0.999828 0.000029 0.000029 0.000029
53 53 (0) 1 : 0.000046 0.000046 0.147186 0.852583 0.000046 0.000046 0.000046
54 54 (0) 1 : 0.000032 0.000032 0.419868 0.579973 0.000032 0.000032 0.000032
55 55 (0) 1 : 0.000049 0.000049 0.208708 0.791045 0.000049 0.000049 0.000049
56 56 (0) 1 : 0.000031 0.000031 0.391386 0.608460 0.000031 0.000031 0.000031
57 57 (0) 1 : 0.000029 0.000030 0.311688 0.688165 0.000029 0.000029 0.000029
58 58 (0) 1 : 0.000040 0.000040 0.255751 0.744049 0.000040 0.000040 0.000040
59 59 (0) 1 : 0.000039 0.000039 0.000039 0.999767 0.000039 0.000039 0.000039
60 60 (0) 1 : 0.000040 0.000040 0.000040 0.999761 0.000040 0.000040 0.000040
61 61 (0) 1 : 0.000028 0.000028 0.000028 0.999833 0.000028 0.000028 0.000028
62 62 (0) 1 : 0.000035 0.000035 0.000036 0.999787 0.000035 0.000035 0.000035
63 63 (0) 1 : 0.000037 0.000037 0.041230 0.958584 0.000037 0.000037 0.000037
64 64 (0) 1 : 0.000041 0.000041 0.000041 0.999752 0.000041 0.000041 0.000041
65 65 (0) 1 : 0.000040 0.000041 0.000041 0.999757 0.000040 0.000040 0.000040
66 66 (0) 1 : 0.000045 0.000045 0.000045 0.999730 0.000045 0.000045 0.000045
67 67 (0) 1 : 0.000040 0.000040 0.000040 0.999762 0.000040 0.000040 0.000040
68 68 (0) 1 : 0.000046 0.000046 0.000046 0.999725 0.000046 0.000046 0.000046
69 69 (0) 1 : 0.000049 0.000049 0.000049 0.999706 0.000049 0.000049 0.000049
70 70 (0) 1 : 0.000037 0.000038 0.000037 0.999775 0.000037 0.000037 0.000037
71 71 (0) 1 : 0.000044 0.000044 0.000044 0.999736 0.000044 0.000044 0.000044
72 72 (0) 1 : 0.000043 0.000043 0.000043 0.999743 0.000043 0.000043 0.000043
73 73 (0) 1 : 0.000040 0.000040 0.000040 0.999761 0.000040 0.000040 0.000040
74 74 (0) 1 : 0.000028 0.000028 0.000028 0.999830 0.000028 0.000028 0.000028
75 75 (0) 1 : 0.000028 0.000028 0.000028 0.999833 0.000028 0.000028 0.000028
76 76 (0) 1 : 0.000055 0.000055 0.000055 0.999670 0.000055 0.000055 0.000055
77 77 (0) 1 : 0.000043 0.000043 0.000043 0.999741 0.000043 0.000043 0.000043
78 78 (0) 1 : 0.000042 0.000042 0.000042 0.999745 0.000042 0.000042 0.000042
79 79 (0) 1 : 0.000035 0.000035 0.174582 0.825242 0.000035 0.000035 0.000035
80 80 (0) 1 : 0.000028 0.000028 0.000028 0.999833 0.000028 0.000028 0.000028
81 81 (0) 1 : 0.000028 0.000028 0.000028 0.999833 0.000028 0.000028 0.000028
82 82 (0) 1 : 0.000031 0.000031 0.000031 0.999813 0.000031 0.000031 0.000031
83 83 (0) 1 : 0.000040 0.000041 0.000041 0.999757 0.000040 0.000040 0.000040
84 84 (0) 1 : 0.000055 0.000055 0.023791 0.975933 0.000055 0.000055 0.000055
85 85 (0) 1 : 0.000028 0.000028 0.000028 0.999830 0.000028 0.000028 0.000028
86 86 (0) 1 : 0.000028 0.000028 0.000028 0.999833 0.000028 0.000028 0.000028
87 87 (0) 5 : 0.000043 0.734449 0.000043 0.265336 0.000043 0.000043 0.000043
88 88 (0) 5 : 0.000037 0.699648 0.000037 0.300166 0.000037 0.000037 0.000037
89 89 (0) 5 : 0.000029 0.602012 0.000029 0.397842 0.000029 0.000029 0.000029
90 90 (0) 5 : 0.000043 0.856271 0.000043 0.143513 0.000043 0.000043 0.000043
91 91 (0) 5 : 0.000041 0.999755 0.000041 0.000041 0.000041 0.000041 0.000041
92 92 (0) 5 : 0.000033 0.663860 0.000033 0.335975 0.000033 0.000033 0.000033
93 93 (0) 5 : 0.000046 0.835465 0.000046 0.164305 0.000046 0.000046 0.000046
94 94 (0) 5 : 0.000034 0.837542 0.000034 0.162285 0.000034 0.000034 0.000034
95 95 (0) 5 : 0.000044 0.999734 0.000044 0.000044 0.000044 0.000044 0.000044
96 96 (0) 5 : 0.000039 0.890051 0.000039 0.109752 0.000039 0.000039 0.000039
97 97 (0) 6 : 0.000039 0.000039 0.000039 0.999765 0.000039 0.000039 0.000039
98 98 (0) 6 : 0.000038 0.000038 0.000038 0.999774 0.000038 0.000038 0.000038
99 99 (0) 6 : 0.000038 0.000038 0.000038 0.999773 0.000038 0.000038 0.000038
100 100 (0) 6 : 0.000031 0.000031 0.000031 0.999816 0.000031 0.000031 0.000031
101 101 (0) 6 : 0.000031 0.000031 0.000031 0.999817 0.000031 0.000031 0.000031
102 102 (0) 6 : 0.000029 0.000029 0.000029 0.999827 0.000029 0.000029 0.000029
103 103 (0) 6 : 0.000039 0.000039 0.000039 0.999768 0.000039 0.000039 0.000039
104 104 (0) 6 : 0.000041 0.000041 0.000041 0.999756 0.000041 0.000041 0.000041
105 105 (0) 6 : 0.000040 0.000040 0.000040 0.999760 0.000040 0.000040 0.000040
106 106 (0) 6 : 0.000045 0.000045 0.000045 0.999729 0.000045 0.000045 0.000045
107 107 (0) 6 : 0.000040 0.000040 0.000040 0.999760 0.000040 0.000040 0.000040
108 108 (0) 6 : 0.000042 0.000042 0.000042 0.999746 0.000042 0.000042 0.000042
109 109 (0) 6 : 0.000041 0.000041 0.000041 0.999751 0.000041 0.000041 0.000041
110 110 (0) 2 : 0.000032 0.000032 0.000032 0.999808 0.000032 0.000032 0.000032
111 111 (0) 2 : 0.000041 0.000041 0.000041 0.999753 0.000041 0.000041 0.000041
112 112 (0) 2 : 0.000042 0.000042 0.000042 0.999750 0.000042 0.000042 0.000042
113 113 (0) 2 : 0.000038 0.000038 0.000038 0.999771 0.000038 0.000038 0.000038
114 114 (0) 2 : 0.000040 0.000040 0.000040 0.999761 0.000040 0.000040 0.000040
115 115 (0) 3 : 0.000028 0.000028 0.000028 0.999830 0.000028 0.000028 0.000028
1 1 (0) 1 : 0.000041 0.999752 0.000041 0.000041 0.000041 0.000041 0.000041
2 2 (0) 1 : 0.000039 0.999764 0.000039 0.000039 0.000039 0.000039 0.000039
3 3 (0) 1 : 0.000042 0.999748 0.000042 0.000042 0.000042 0.000042 0.000042
4 4 (0) 1 : 0.000042 0.999747 0.000042 0.000042 0.000042 0.000042 0.000042
5 5 (0) 1 : 0.000044 0.999736 0.000044 0.000044 0.000044 0.000044 0.000044
6 6 (0) 1 : 0.000042 0.999746 0.000042 0.000042 0.000042 0.000042 0.000042
7 7 (0) 1 : 0.000045 0.999727 0.000046 0.000045 0.000045 0.000045 0.000045
8 8 (0) 1 : 0.000032 0.999805 0.000032 0.000032 0.000032 0.000032 0.000034
9 9 (0) 1 : 0.000030 0.999819 0.000030 0.000030 0.000030 0.000030 0.000030
10 10 (0) 1 : 0.000035 0.999788 0.000035 0.000035 0.000035 0.000035 0.000035
11 11 (0) 1 : 0.000041 0.999754 0.000041 0.000041 0.000041 0.000041 0.000041
12 12 (0) 1 : 0.000034 0.999795 0.000034 0.000034 0.000034 0.000034 0.000037
13 13 (0) 1 : 0.000040 0.999759 0.000040 0.000040 0.000040 0.000040 0.000040
14 14 (0) 1 : 0.000041 0.999756 0.000041 0.000041 0.000041 0.000041 0.000041
15 15 (0) 1 : 0.000041 0.999755 0.000041 0.000041 0.000041 0.000041 0.000041
16 16 (0) 1 : 0.000043 0.999742 0.000043 0.000043 0.000043 0.000043 0.000043
17 17 (0) 1 : 0.000047 0.999720 0.000047 0.000047 0.000047 0.000047 0.000047
18 18 (0) 2 : 0.000032 0.120162 0.000032 0.000032 0.000032 0.000032 0.879679
19 19 (0) 2 : 0.000041 0.217309 0.000041 0.000041 0.000041 0.000041 0.782487
20 20 (0) 3 : 0.000032 0.999805 0.000033 0.000032 0.000032 0.000032 0.000033
21 21 (0) 3 : 0.000034 0.999797 0.000034 0.000034 0.000034 0.000034 0.000035
22 22 (0) 2 : 0.000042 0.000042 0.000042 0.000042 0.000042 0.000042 0.999750
23 23 (0) 2 : 0.000032 0.000032 0.000032 0.000032 0.000032 0.000032 0.999808
24 24 (0) 2 : 0.000031 0.000031 0.000031 0.000031 0.000031 0.000031 0.999814
25 25 (0) 4 : 0.000037 0.000037 0.999775 0.000037 0.000037 0.000037 0.000038
26 26 (0) 4 : 0.000032 0.000033 0.999802 0.000032 0.000032 0.000032 0.000035
27 27 (0) 4 : 0.000048 0.000048 0.999710 0.000048 0.000048 0.000048 0.000050
28 28 (0) 4 : 0.000042 0.000042 0.999742 0.000042 0.000042 0.000042 0.000047
29 29 (0) 4 : 0.000049 0.000050 0.999697 0.000049 0.000049 0.000049 0.000055
30 30 (0) 4 : 0.000055 0.077221 0.922503 0.000055 0.000055 0.000055 0.000055
31 31 (0) 4 : 0.000045 0.000045 0.999724 0.000045 0.000045 0.000045 0.000050
32 32 (0) 4 : 0.000047 0.000047 0.999711 0.000047 0.000047 0.000047 0.000053
33 33 (0) 4 : 0.000040 0.000040 0.999756 0.000040 0.000040 0.000040 0.000042
34 34 (0) 4 : 0.000031 0.000031 0.999814 0.000031 0.000031 0.000031 0.000031
35 35 (0) 4 : 0.000030 0.000030 0.999821 0.000030 0.000030 0.000030 0.000030
36 36 (0) 4 : 0.000030 0.000030 0.999818 0.000030 0.000030 0.000030 0.000033
37 37 (0) 4 : 0.000030 0.000030 0.999814 0.000030 0.000030 0.000030 0.000034
38 38 (0) 4 : 0.000038 0.000039 0.999765 0.000038 0.000038 0.000038 0.000042
39 39 (0) 4 : 0.000032 0.000032 0.999806 0.000032 0.000032 0.000032 0.000035
40 40 (0) 4 : 0.000030 0.000030 0.999818 0.000030 0.000030 0.000030 0.000033
41 41 (0) 4 : 0.000043 0.000043 0.999740 0.000043 0.000043 0.000043 0.000047
42 42 (0) 4 : 0.000041 0.000041 0.999750 0.000041 0.000041 0.000041 0.000044
43 43 (0) 4 : 0.000043 0.000043 0.999738 0.000043 0.000043 0.000043 0.000047
44 44 (0) 4 : 0.000041 0.000041 0.999749 0.000041 0.000041 0.000041 0.000044
45 45 (0) 4 : 0.000042 0.000042 0.999746 0.000042 0.000042 0.000042 0.000045
46 46 (0) 4 : 0.000041 0.000042 0.999751 0.000041 0.000041 0.000041 0.000041
47 47 (0) 4 : 0.000043 0.000043 0.999739 0.000043 0.000043 0.000043 0.000046
48 48 (0) 4 : 0.000041 0.069370 0.930423 0.000041 0.000041 0.000041 0.000044
49 49 (0) 4 : 0.000040 0.000040 0.999757 0.000040 0.000040 0.000040 0.000043
50 50 (0) 4 : 0.000041 0.000041 0.999753 0.000041 0.000041 0.000041 0.000042
51 51 (0) 1 : 0.000027 0.999836 0.000027 0.000027 0.000027 0.000027 0.000028
52 52 (0) 1 : 0.000029 0.999828 0.000029 0.000029 0.000029 0.000029 0.000029
53 53 (0) 1 : 0.000046 0.874600 0.125168 0.000046 0.000046 0.000046 0.000048
54 54 (0) 1 : 0.000032 0.416405 0.583435 0.000032 0.000032 0.000032 0.000032
55 55 (0) 1 : 0.000049 0.620255 0.379496 0.000049 0.000049 0.000049 0.000052
56 56 (0) 1 : 0.000031 0.395150 0.604696 0.000031 0.000031 0.000031 0.000031
57 57 (0) 1 : 0.000029 0.502929 0.496924 0.000029 0.000029 0.000029 0.000029
58 58 (0) 1 : 0.000040 0.563138 0.436663 0.000040 0.000040 0.000040 0.000040
59 59 (0) 1 : 0.000039 0.999451 0.000039 0.000355 0.000039 0.000039 0.000039
60 60 (0) 1 : 0.000040 0.999761 0.000040 0.000040 0.000040 0.000040 0.000040
61 61 (0) 1 : 0.000028 0.999832 0.000028 0.000028 0.000028 0.000028 0.000028
62 62 (0) 1 : 0.000035 0.999747 0.000035 0.000035 0.000035 0.000035 0.000076
63 63 (0) 1 : 0.000037 0.999777 0.000037 0.000037 0.000037 0.000037 0.000037
64 64 (0) 1 : 0.000041 0.999752 0.000041 0.000041 0.000041 0.000041 0.000041
65 65 (0) 1 : 0.000040 0.999757 0.000041 0.000040 0.000040 0.000040 0.000040
66 66 (0) 1 : 0.000045 0.999730 0.000045 0.000045 0.000045 0.000045 0.000045
67 67 (0) 1 : 0.000040 0.999762 0.000040 0.000040 0.000040 0.000040 0.000040
68 68 (0) 1 : 0.000046 0.999725 0.000046 0.000046 0.000046 0.000046 0.000046
69 69 (0) 1 : 0.000049 0.999706 0.000049 0.000049 0.000049 0.000049 0.000049
70 70 (0) 1 : 0.000037 0.999775 0.000038 0.000037 0.000037 0.000037 0.000038
71 71 (0) 1 : 0.000044 0.999732 0.000044 0.000044 0.000044 0.000044 0.000048
72 72 (0) 1 : 0.000043 0.999743 0.000043 0.000043 0.000043 0.000043 0.000043
73 73 (0) 1 : 0.000040 0.999761 0.000040 0.000040 0.000040 0.000040 0.000040
74 74 (0) 1 : 0.000028 0.999830 0.000028 0.000028 0.000028 0.000028 0.000029
75 75 (0) 1 : 0.000028 0.999831 0.000028 0.000028 0.000028 0.000028 0.000030
76 76 (0) 1 : 0.000055 0.999669 0.000055 0.000055 0.000055 0.000055 0.000056
77 77 (0) 1 : 0.000043 0.999741 0.000043 0.000043 0.000043 0.000043 0.000043
78 78 (0) 1 : 0.000042 0.999746 0.000042 0.000042 0.000042 0.000042 0.000042
79 79 (0) 1 : 0.000035 0.713440 0.286384 0.000035 0.000035 0.000035 0.000035
80 80 (0) 1 : 0.000028 0.999833 0.000028 0.000028 0.000028 0.000028 0.000028
81 81 (0) 1 : 0.000028 0.999832 0.000028 0.000028 0.000028 0.000028 0.000029
82 82 (0) 1 : 0.000031 0.999810 0.000031 0.000031 0.000031 0.000031 0.000034
83 83 (0) 1 : 0.000040 0.999757 0.000041 0.000040 0.000040 0.000040 0.000040
84 84 (0) 1 : 0.000055 0.999669 0.000055 0.000055 0.000055 0.000055 0.000055
85 85 (0) 1 : 0.000028 0.999830 0.000028 0.000028 0.000028 0.000028 0.000028
86 86 (0) 1 : 0.000028 0.999833 0.000028 0.000028 0.000028 0.000028 0.000028
87 87 (0) 5 : 0.000043 0.247406 0.752377 0.000043 0.000043 0.000043 0.000044
88 88 (0) 5 : 0.000037 0.290408 0.709406 0.000037 0.000037 0.000037 0.000038
89 89 (0) 5 : 0.000029 0.408855 0.590999 0.000029 0.000029 0.000029 0.000029
90 90 (0) 5 : 0.000043 0.123176 0.876609 0.000043 0.000043 0.000043 0.000043
91 91 (0) 5 : 0.000041 0.000041 0.999755 0.000041 0.000041 0.000041 0.000041
92 92 (0) 5 : 0.000033 0.339639 0.660197 0.000033 0.000033 0.000033 0.000033
93 93 (0) 5 : 0.000046 0.164611 0.835159 0.000046 0.000046 0.000046 0.000046
94 94 (0) 5 : 0.000034 0.199113 0.800715 0.000034 0.000034 0.000034 0.000035
95 95 (0) 5 : 0.000044 0.000044 0.999735 0.000044 0.000044 0.000044 0.000044
96 96 (0) 5 : 0.000039 0.098233 0.901571 0.000039 0.000039 0.000039 0.000039
97 97 (0) 6 : 0.000039 0.999765 0.000039 0.000039 0.000039 0.000039 0.000039
98 98 (0) 6 : 0.000038 0.999774 0.000038 0.000038 0.000038 0.000038 0.000038
99 99 (0) 6 : 0.000038 0.999773 0.000038 0.000038 0.000038 0.000038 0.000038
100 100 (0) 6 : 0.000031 0.999813 0.000031 0.000031 0.000031 0.000031 0.000034
101 101 (0) 6 : 0.000031 0.999814 0.000031 0.000031 0.000031 0.000031 0.000033
102 102 (0) 6 : 0.000029 0.999824 0.000029 0.000029 0.000029 0.000029 0.000032
103 103 (0) 6 : 0.000039 0.999768 0.000039 0.000039 0.000039 0.000039 0.000039
104 104 (0) 6 : 0.000041 0.999756 0.000041 0.000041 0.000041 0.000041 0.000041
105 105 (0) 6 : 0.000040 0.999760 0.000040 0.000040 0.000040 0.000040 0.000040
106 106 (0) 6 : 0.000045 0.999730 0.000045 0.000045 0.000045 0.000045 0.000045
107 107 (0) 6 : 0.000040 0.999760 0.000040 0.000040 0.000040 0.000040 0.000040
108 108 (0) 6 : 0.000042 0.999746 0.000042 0.000042 0.000042 0.000042 0.000042
109 109 (0) 6 : 0.000041 0.999748 0.000041 0.000041 0.000041 0.000041 0.000045
110 110 (0) 2 : 0.000032 0.240190 0.000032 0.000032 0.000032 0.000032 0.759650
111 111 (0) 2 : 0.000041 0.000041 0.000041 0.000041 0.000041 0.000041 0.999753
112 112 (0) 2 : 0.000042 0.259829 0.000042 0.000042 0.000042 0.000042 0.739963
113 113 (0) 2 : 0.000038 0.228481 0.000038 0.000038 0.000038 0.000038 0.771328
114 114 (0) 2 : 0.000040 0.377040 0.000040 0.000040 0.000040 0.000040 0.622761
115 115 (0) 3 : 0.000028 0.950019 0.000028 0.000028 0.000028 0.000028 0.049839
1 1 (0) 1 : 0.000041 0.999752 0.000041 0.000041 0.000041 0.000041 0.000041
2 2 (0) 1 : 0.000039 0.999763 0.000039 0.000039 0.000039 0.000039 0.000039
3 3 (0) 1 : 0.000042 0.999748 0.000042 0.000042 0.000042 0.000042 0.000042
4 4 (0) 1 : 0.000042 0.999746 0.000042 0.000042 0.000042 0.000042 0.000042
5 5 (0) 1 : 0.000044 0.999736 0.000044 0.000044 0.000044 0.000044 0.000044
6 6 (0) 1 : 0.000042 0.999746 0.000042 0.000042 0.000042 0.000042 0.000042
7 7 (0) 1 : 0.000046 0.999727 0.000046 0.000046 0.000046 0.000046 0.000045
8 8 (0) 1 : 0.000032 0.999807 0.000032 0.000032 0.000032 0.000032 0.000032
9 9 (0) 1 : 0.000030 0.999819 0.000030 0.000030 0.000030 0.000030 0.000030
10 10 (0) 1 : 0.000035 0.999788 0.000035 0.000035 0.000035 0.000035 0.000035
11 11 (0) 1 : 0.000041 0.999754 0.000041 0.000041 0.000041 0.000041 0.000041
12 12 (0) 1 : 0.000034 0.999798 0.000034 0.000034 0.000034 0.000034 0.000034
13 13 (0) 1 : 0.000040 0.999758 0.000040 0.000040 0.000040 0.000040 0.000040
14 14 (0) 1 : 0.000041 0.999756 0.000041 0.000041 0.000041 0.000041 0.000041
15 15 (0) 1 : 0.000041 0.999755 0.000041 0.000041 0.000041 0.000041 0.000041
16 16 (0) 1 : 0.000043 0.999741 0.000043 0.000043 0.000043 0.000043 0.000043
17 17 (0) 1 : 0.000047 0.999720 0.000047 0.000047 0.000047 0.000047 0.000047
18 18 (0) 2 : 0.000032 0.250905 0.000032 0.748936 0.000032 0.000032 0.000032
19 19 (0) 2 : 0.000041 0.356738 0.000041 0.643058 0.000041 0.000041 0.000041
20 20 (0) 3 : 0.000032 0.999807 0.000032 0.000032 0.000032 0.000032 0.000032
21 21 (0) 3 : 0.000034 0.999798 0.000034 0.000034 0.000034 0.000034 0.000034
22 22 (0) 2 : 0.000042 0.000042 0.000042 0.999750 0.000042 0.000042 0.000042
23 23 (0) 2 : 0.000032 0.000032 0.000032 0.999807 0.000032 0.000032 0.000032
24 24 (0) 2 : 0.000031 0.000031 0.000031 0.999814 0.000031 0.000031 0.000031
25 25 (0) 4 : 0.999776 0.000037 0.000037 0.000037 0.000037 0.000037 0.000037
26 26 (0) 4 : 0.999805 0.000033 0.000033 0.000033 0.000033 0.000033 0.000032
27 27 (0) 4 : 0.999712 0.000048 0.000048 0.000048 0.000048 0.000048 0.000048
28 28 (0) 4 : 0.999747 0.000042 0.000042 0.000042 0.000042 0.000042 0.000042
29 29 (0) 4 : 0.999703 0.000050 0.000050 0.000050 0.000050 0.000050 0.000049
30 30 (0) 4 : 0.844127 0.155597 0.000055 0.000055 0.000055 0.000055 0.000055
31 31 (0) 4 : 0.999729 0.000045 0.000045 0.000045 0.000045 0.000045 0.000045
32 32 (0) 4 : 0.999716 0.000047 0.000047 0.000047 0.000047 0.000047 0.000047
33 33 (0) 4 : 0.999758 0.000040 0.000040 0.000040 0.000040 0.000040 0.000040
34 34 (0) 4 : 0.999814 0.000031 0.000031 0.000031 0.000031 0.000031 0.000031
35 35 (0) 4 : 0.731006 0.268844 0.000030 0.000030 0.000030 0.000030 0.000030
36 36 (0) 4 : 0.000030 0.000030 0.000030 0.000030 0.000030 0.999820 0.000030
37 37 (0) 4 : 0.000030 0.000030 0.000030 0.000030 0.000030 0.999817 0.000030
38 38 (0) 4 : 0.999769 0.000039 0.000039 0.000039 0.000039 0.000039 0.000038
39 39 (0) 4 : 0.000032 0.000032 0.000032 0.000032 0.000032 0.999808 0.000032
40 40 (0) 4 : 0.000030 0.000030 0.000030 0.000030 0.000030 0.999821 0.000030
41 41 (0) 4 : 0.999744 0.000043 0.000043 0.000043 0.000043 0.000043 0.000043
42 42 (0) 4 : 0.999752 0.000041 0.000041 0.000041 0.000041 0.000041 0.000041
43 43 (0) 4 : 0.999742 0.000043 0.000043 0.000043 0.000043 0.000043 0.000043
44 44 (0) 4 : 0.999752 0.000041 0.000041 0.000041 0.000041 0.000041 0.000041
45 45 (0) 4 : 0.999749 0.000042 0.000042 0.000042 0.000042 0.000042 0.000042
46 46 (0) 4 : 0.841548 0.158244 0.000042 0.000042 0.000041 0.000042 0.000041
47 47 (0) 4 : 0.999741 0.000043 0.000043 0.000043 0.000043 0.000043 0.000043
48 48 (0) 4 : 0.999755 0.000041 0.000041 0.000041 0.000041 0.000041 0.000041
49 49 (0) 4 : 0.999760 0.000040 0.000040 0.000040 0.000040 0.000040 0.000040
50 50 (0) 4 : 0.999753 0.000041 0.000041 0.000041 0.000041 0.000041 0.000041
51 51 (0) 1 : 0.000027 0.999837 0.000027 0.000027 0.000027 0.000027 0.000027
52 52 (0) 1 : 0.000029 0.999828 0.000029 0.000029 0.000029 0.000029 0.000029
53 53 (0) 1 : 0.000046 0.839233 0.000046 0.000046 0.000046 0.160537 0.000046
54 54 (0) 1 : 0.000032 0.550706 0.000032 0.000032 0.000032 0.449135 0.000032
55 55 (0) 1 : 0.000049 0.786241 0.000049 0.000049 0.000049 0.213512 0.000049
56 56 (0) 1 : 0.000031 0.580209 0.000031 0.000031 0.000031 0.419636 0.000031
57 57 (0) 1 : 0.000030 0.664202 0.000030 0.000030 0.000030 0.335650 0.000029
58 58 (0) 1 : 0.000040 0.720817 0.000040 0.000040 0.000040 0.278983 0.000040
59 59 (0) 1 : 0.000039 0.999767 0.000039 0.000039 0.000039 0.000039 0.000039
60 60 (0) 1 : 0.000040 0.999760 0.000040 0.000040 0.000040 0.000040 0.000040
61 61 (0) 1 : 0.000028 0.999833 0.000028 0.000028 0.000028 0.000028 0.000028
62 62 (0) 1 : 0.000035 0.951564 0.000035 0.000035 0.000035 0.048258 0.000035
63 63 (0) 1 : 0.000037 0.946734 0.000037 0.000037 0.000037 0.053081 0.000037
64 64 (0) 1 : 0.000041 0.999752 0.000041 0.000041 0.000041 0.000041 0.000041
65 65 (0) 1 : 0.000041 0.999757 0.000041 0.000041 0.000041 0.000041 0.000040
66 66 (0) 1 : 0.000045 0.999730 0.000045 0.000045 0.000045 0.000045 0.000045
67 67 (0) 1 : 0.000040 0.999762 0.000040 0.000040 0.000040 0.000040 0.000040
68 68 (0) 1 : 0.000046 0.999724 0.000046 0.000046 0.000046 0.000046 0.000046
69 69 (0) 1 : 0.000049 0.999706 0.000049 0.000049 0.000049 0.000049 0.000049
70 70 (0) 1 : 0.000038 0.999775 0.000037 0.000037 0.000037 0.000037 0.000037
71 71 (0) 1 : 0.000044 0.999736 0.000044 0.000044 0.000044 0.000044 0.000044
72 72 (0) 1 : 0.000043 0.999743 0.000043 0.000043 0.000043 0.000043 0.000043
73 73 (0) 1 : 0.000040 0.999761 0.000040 0.000040 0.000040 0.000040 0.000040
74 74 (0) 1 : 0.000028 0.999830 0.000028 0.000028 0.000028 0.000028 0.000028
75 75 (0) 1 : 0.000028 0.999833 0.000028 0.000028 0.000028 0.000028 0.000028
76 76 (0) 1 : 0.000055 0.999670 0.000055 0.000055 0.000055 0.000055 0.000055
77 77 (0) 1 : 0.000043 0.999741 0.000043 0.000043 0.000043 0.000043 0.000043
78 78 (0) 1 : 0.000042 0.999745 0.000042 0.000042 0.000042 0.000042 0.000042
79 79 (0) 1 : 0.000035 0.798000 0.000035 0.000035 0.000035 0.201824 0.000035
80 80 (0) 1 : 0.000028 0.999833 0.000028 0.000028 0.000028 0.000028 0.000028
81 81 (0) 1 : 0.000028 0.999833 0.000028 0.000028 0.000028 0.000028 0.000028
82 82 (0) 1 : 0.000031 0.999813 0.000031 0.000031 0.000031 0.000031 0.000031
83 83 (0) 1 : 0.000041 0.999757 0.000041 0.000041 0.000041 0.000041 0.000040
84 84 (0) 1 : 0.000055 0.999668 0.000055 0.000055 0.000055 0.000055 0.000055
85 85 (0) 1 : 0.000028 0.999830 0.000028 0.000028 0.000028 0.000028 0.000028
86 86 (0) 1 : 0.000028 0.999833 0.000028 0.000028 0.000028 0.000028 0.000028
87 87 (0) 5 : 0.000043 0.866839 0.132945 0.000043 0.000043 0.000043 0.000043
88 88 (0) 5 : 0.000037 0.870509 0.129305 0.000037 0.000037 0.000037 0.000037
89 89 (0) 5 : 0.000029 0.891616 0.108238 0.000029 0.000029 0.000029 0.000029
90 90 (0) 5 : 0.737162 0.262623 0.000043 0.000043 0.000043 0.000043 0.000043
91 91 (0) 5 : 0.999755 0.000041 0.000041 0.000041 0.000041 0.000041 0.000041
92 92 (0) 5 : 0.000033 0.888134 0.111701 0.000033 0.000033 0.000033 0.000033
93 93 (0) 5 : 0.000046 0.827452 0.172318 0.000046 0.000046 0.000046 0.000046
94 94 (0) 5 : 0.000035 0.851666 0.148161 0.000034 0.000034 0.000034 0.000034
95 95 (0) 5 : 0.999734 0.000044 0.000044 0.000044 0.000044 0.000044 0.000044
96 96 (0) 5 : 0.000039 0.000039 0.999764 0.000039 0.000039 0.000039 0.000039
97 97 (0) 6 : 0.000039 0.999765 0.000039 0.000039 0.000039 0.000039 0.000039
98 98 (0) 6 : 0.000038 0.999774 0.000038 0.000038 0.000038 0.000038 0.000038
99 99 (0) 6 : 0.000038 0.999772 0.000038 0.000038 0.000038 0.000038 0.000038
100 100 (0) 6 : 0.000031 0.999816 0.000031 0.000031 0.000031 0.000031 0.000031
101 101 (0) 6 : 0.000031 0.999817 0.000031 0.000031 0.000031 0.000031 0.000031
102 102 (0) 6 : 0.000029 0.999827 0.000029 0.000029 0.000029 0.000029 0.000029
103 103 (0) 6 : 0.000039 0.999768 0.000039 0.000039 0.000039 0.000039 0.000039
104 104 (0) 6 : 0.000041 0.999756 0.000041 0.000041 0.000041 0.000041 0.000041
105 105 (0) 6 : 0.000040 0.999760 0.000040 0.000040 0.000040 0.000040 0.000040
106 106 (0) 6 : 0.000045 0.999729 0.000045 0.000045 0.000045 0.000045 0.000045
107 107 (0) 6 : 0.000040 0.999760 0.000040 0.000040 0.000040 0.000040 0.000040
108 108 (0) 6 : 0.000042 0.999746 0.000042 0.000042 0.000042 0.000042 0.000042
109 109 (0) 6 : 0.000042 0.000047 0.000041 0.000041 0.999745 0.000042 0.000041
110 110 (0) 2 : 0.000032 0.354090 0.000032 0.645751 0.000032 0.000032 0.000032
111 111 (0) 2 : 0.000041 0.000041 0.000041 0.999753 0.000041 0.000041 0.000041
112 112 (0) 2 : 0.000042 0.423446 0.000042 0.576346 0.000042 0.000042 0.000042
113 113 (0) 2 : 0.000038 0.374427 0.000038 0.625382 0.000038 0.000038 0.000038
114 114 (0) 2 : 0.000040 0.503503 0.000040 0.496298 0.000040 0.000040 0.000040
115 115 (0) 3 : 0.000028 0.999830 0.000028 0.000028 0.000028 0.000028 0.000028
1 1 (0) 1 : 0.000041 0.000041 0.000041 0.000041 0.000041 0.000041 0.999752
2 2 (0) 1 : 0.000039 0.000039 0.000040 0.000039 0.000039 0.000039 0.999763
3 3 (0) 1 : 0.000042 0.000042 0.000042 0.000042 0.000042 0.000042 0.999748
4 4 (0) 1 : 0.000042 0.000042 0.000042 0.000042 0.000042 0.000042 0.999746
5 5 (0) 1 : 0.000044 0.000044 0.000044 0.000044 0.000044 0.000044 0.999736
6 6 (0) 1 : 0.000042 0.000042 0.000043 0.000042 0.000042 0.000042 0.999746
7 7 (0) 1 : 0.000045 0.000045 0.000046 0.000046 0.000045 0.000046 0.999727
8 8 (0) 1 : 0.000032 0.000032 0.000032 0.000032 0.000032 0.000032 0.999807
9 9 (0) 1 : 0.000030 0.000030 0.000030 0.000030 0.000030 0.000030 0.999819
10 10 (0) 1 : 0.000035 0.000035 0.000035 0.000035 0.000035 0.000035 0.999788
11 11 (0) 1 : 0.000041 0.000041 0.000041 0.000041 0.000041 0.000041 0.999754
12 12 (0) 1 : 0.000034 0.000034 0.000034 0.000034 0.000034 0.000034 0.999798
13 13 (0) 1 : 0.000040 0.000040 0.000040 0.000040 0.000040 0.000040 0.999758
14 14 (0) 1 : 0.000041 0.000041 0.000041 0.000041 0.000041 0.000041 0.999756
15 15 (0) 1 : 0.000041 0.000041 0.000041 0.000041 0.000041 0.000041 0.999755
16 16 (0) 1 : 0.000043 0.000043 0.000043 0.000043 0.000043 0.000043 0.999741
17 17 (0) 1 : 0.000047 0.000047 0.000047 0.000047 0.000047 0.000047 0.999720
18 18 (0) 2 : 0.000032 0.000032 0.808539 0.000032 0.000032 0.000032 0.191303
19 19 (0) 2 : 0.000041 0.000041 0.739654 0.000041 0.000041 0.000041 0.260142
20 20 (0) 3 : 0.000032 0.000032 0.000629 0.000032 0.000032 0.000032 0.999210
21 21 (0) 3 : 0.000034 0.000034 0.000068 0.000034 0.000034 0.000034 0.999764
22 22 (0) 2 : 0.000042 0.000042 0.999750 0.000042 0.000042 0.000042 0.000042
23 23 (0) 2 : 0.000032 0.000032 0.999808 0.000032 0.000032 0.000032 0.000032
24 24 (0) 2 : 0.000031 0.000031 0.999814 0.000031 0.000031 0.000031 0.000031
25 25 (0) 4 : 0.000037 0.000037 0.000037 0.999776 0.000037 0.000037 0.000037
26 26 (0) 4 : 0.000032 0.000032 0.000033 0.999805 0.000032 0.000033 0.000033
27 27 (0) 4 : 0.000048 0.000048 0.000048 0.999712 0.000048 0.000048 0.000048
28 28 (0) 4 : 0.000042 0.000042 0.000042 0.999747 0.000042 0.000042 0.000042
29 29 (0) 4 : 0.000049 0.000049 0.000050 0.999703 0.000049 0.000050 0.000050
30 30 (0) 4 : 0.000055 0.000055 0.000055 0.917491 0.000055 0.000055 0.082233
31 31 (0) 4 : 0.000045 0.000045 0.000045 0.999729 0.000045 0.000045 0.000045
32 32 (0) 4 : 0.000047 0.000047 0.000047 0.999716 0.000047 0.000047 0.000047
33 33 (0) 4 : 0.000040 0.000040 0.000040 0.999758 0.000040 0.000040 0.000040
34 34 (0) 4 : 0.000031 0.000031 0.000031 0.999814 0.000031 0.000031 0.000031
35 35 (0) 4 : 0.000030 0.000030 0.000030 0.887340 0.000030 0.000030 0.112510
36 36 (0) 4 : 0.000030 0.000030 0.000030 0.999820 0.000030 0.000030 0.000030
37 37 (0) 4 : 0.000030 0.000030 0.000030 0.999817 0.000030 0.000030 0.000030
38 38 (0) 4 : 0.000038 0.000038 0.000039 0.999769 0.000038 0.000039 0.000039
39 39 (0) 4 : 0.000032 0.000032 0.000032 0.999808 0.000032 0.000032 0.000032
40 40 (0) 4 : 0.000030 0.000030 0.000030 0.999821 0.000030 0.000030 0.000030
41 41 (0) 4 : 0.000043 0.000043 0.000043 0.999744 0.000043 0.000043 0.000043
42 42 (0) 4 : 0.000041 0.000041 0.000041 0.999753 0.000041 0.000041 0.000041
43 43 (0) 4 : 0.000043 0.000043 0.000043 0.999742 0.000043 0.000043 0.000043
44 44 (0) 4 : 0.000041 0.000041 0.000041 0.999752 0.000041 0.000041 0.000041
45 45 (0) 4 : 0.000042 0.000042 0.000042 0.999749 0.000042 0.000042 0.000042
46 46 (0) 4 : 0.000041 0.000041 0.000042 0.953822 0.000041 0.000042 0.045971
47 47 (0) 4 : 0.000043 0.000043 0.000043 0.999742 0.000043 0.000043 0.000043
48 48 (0) 4 : 0.000041 0.000041 0.000041 0.910097 0.000041 0.000041 0.089699
49 49 (0) 4 : 0.000040 0.000040 0.000040 0.999761 0.000040 0.000040 0.000040
50 50 (0) 4 : 0.000041 0.000041 0.000041 0.999754 0.000041 0.000041 0.000041
51 51 (0) 1 : 0.000027 0.000027 0.000027 0.000027 0.000027 0.000027 0.999837
52 52 (0) 1 : 0.000029 0.000029 0.000029 0.000029 0.000029 0.000029 0.999828
53 53 (0) 1 : 0.000046 0.000046 0.000046 0.092207 0.000046 0.000046 0.907562
54 54 (0) 1 : 0.000032 0.000032 0.000032 0.563439 0.000032 0.000032 0.436402
55 55 (0) 1 : 0.000049 0.000049 0.000049 0.350577 0.000049 0.000049 0.649177
56 56 (0) 1 : 0.000031 0.000031 0.000031 0.577504 0.000031 0.000031 0.422341
57 57 (0) 1 : 0.000029 0.000029 0.000029 0.477079 0.000029 0.000030 0.522773
58 58 (0) 1 : 0.000040 0.000040 0.000040 0.429199 0.000040 0.000040 0.570602
59 59 (0) 1 : 0.000039 0.000039 0.000039 0.000039 0.000039 0.000039 0.999767
60 60 (0) 1 : 0.000040 0.000040 0.000040 0.000040 0.000040 0.000040 0.999760
61 61 (0) 1 : 0.000028 0.000028 0.000028 0.000028 0.000028 0.000028 0.999833
62 62 (0) 1 : 0.000035 0.000035 0.000036 0.094266 0.000035 0.000035 0.905556
63 63 (0) 1 : 0.000037 0.000037 0.000037 0.066408 0.000037 0.000037 0.933406
64 64 (0) 1 : 0.000041 0.000041 0.000041 0.000041 0.000041 0.000041 0.999752
65 65 (0) 1 : 0.000040 0.000040 0.000041 0.000041 0.000040 0.000041 0.999757
66 66 (0) 1 : 0.000045 0.000045 0.000045 0.000045 0.000045 0.000045 0.999730
67 67 (0) 1 : 0.000040 0.000040 0.000040 0.000040 0.000040 0.000040 0.999762
68 68 (0) 1 : 0.000046 0.000046 0.000046 0.000046 0.000046 0.000046 0.999724
69 69 (0) 1 : 0.000049 0.000049 0.000049 0.000049 0.000049 0.000049 0.999706
70 70 (0) 1 : 0.000037 0.000037 0.000038 0.000038 0.000037 0.000037 0.999775
71 71 (0) 1 : 0.000044 0.000044 0.000044 0.000044 0.000044 0.000044 0.999736
72 72 (0) 1 : 0.000043 0.000043 0.000043 0.000043 0.000043 0.000043 0.999743
73 73 (0) 1 : 0.000040 0.000040 0.000040 0.000040 0.000040 0.000040 0.999761
74 74 (0) 1 : 0.000028 0.000028 0.000028 0.000028 0.000028 0.000028 0.999830
75 75 (0) 1 : 0.000028 0.000028 0.000028 0.000028 0.000028 0.000028 0.999833
76 76 (0) 1 : 0.000055 0.000055 0.000055 0.000055 0.000055 0.000055 0.999670
77 77 (0) 1 : 0.000043 0.000043 0.000043 0.000043 0.000043 0.000043 0.999741
78 78 (0) 1 : 0.000042 0.000042 0.000043 0.000042 0.000042 0.000042 0.999745
79 79 (0) 1 : 0.000035 0.000035 0.000035 0.269640 0.000035 0.000035 0.730184
80 80 (0) 1 : 0.000028 0.000028 0.000028 0.000028 0.000028 0.000028 0.999833
81 81 (0) 1 : 0.000028 0.000028 0.000028 0.000028 0.000028 0.000028 0.999833
82 82 (0) 1 : 0.000031 0.000031 0.000031 0.000031 0.000031 0.000031 0.999813
83 83 (0) 1 : 0.000040 0.000040 0.000054 0.000041 0.000040 0.077883 0.921901
84 84 (0) 1 : 0.000055 0.000055 0.000055 0.000055 0.000055 0.000055 0.999668
85 85 (0) 1 : 0.000028 0.000028 0.000028 0.000028 0.000028 0.000028 0.999830
86 86 (0) 1 : 0.000028 0.000028 0.000028 0.000028 0.000028 0.000028 0.999833
87 87 (0) 5 : 0.000043 0.000043 0.000043 0.720730 0.000043 0.000043 0.279054
88 88 (0) 5 : 0.000037 0.000037 0.000037 0.673037 0.000037 0.000037 0.326776
89 89 (0) 5 : 0.000029 0.000029 0.000029 0.556739 0.000029 0.000029 0.443114
90 90 (0) 5 : 0.000043 0.000043 0.000043 0.862703 0.000043 0.000043 0.137082
91 91 (0) 5 : 0.000041 0.000041 0.000041 0.999755 0.000041 0.000041 0.000041
92 92 (0) 5 : 0.000033 0.000033 0.000033 0.618749 0.000033 0.000033 0.381086
93 93 (0) 5 : 0.000046 0.000046 0.000046 0.816586 0.000046 0.000046 0.183184
94 94 (0) 5 : 0.000034 0.000034 0.000035 0.770188 0.000034 0.000034 0.229640
95 95 (0) 5 : 0.000044 0.000044 0.000044 0.999734 0.000044 0.000044 0.000044
96 96 (0) 5 : 0.000039 0.000039 0.000039 0.891453 0.000039 0.000039 0.108350
97 97 (0) 6 : 0.000039 0.000039 0.000039 0.000039 0.000039 0.999765 0.000039
98 98 (0) 6 : 0.000038 0.000038 0.000038 0.000038 0.000038 0.246682 0.753130
99 99 (0) 6 : 0.000038 0.000038 0.000038 0.000038 0.000038 0.274667 0.725143
100 100 (0) 6 : 0.000031 0.000031 0.000031 0.000031 0.000031 0.000031 0.999816
101 101 (0) 6 : 0.000031 0.000031 0.000031 0.000031 0.000031 0.000031 0.999817
102 102 (0) 6 : 0.000029 0.000029 0.000029 0.000029 0.000029 0.015830 0.984026
103 103 (0) 6 : 0.000039 0.000039 0.000039 0.000039 0.000039 0.999768 0.000039
104 104 (0) 6 : 0.000041 0.000041 0.000041 0.000041 0.000041 0.999756 0.000041
105 105 (0) 6 : 0.000040 0.000040 0.000040 0.000040 0.000040 0.999760 0.000040
106 106 (0) 6 : 0.000045 0.000045 0.000045 0.000045 0.000045 0.999729 0.000045
107 107 (0) 6 : 0.000040 0.000040 0.000040 0.000040 0.000040 0.999760 0.000040
108 108 (0) 6 : 0.000042 0.000042 0.000042 0.000042 0.000042 0.999746 0.000042
109 109 (0) 6 : 0.000041 0.000041 0.000042 0.000041 0.000041 0.999751 0.000041
110 110 (0) 2 : 0.000032 0.000032 0.707887 0.000032 0.000032 0.000032 0.291953
111 111 (0) 2 : 0.000041 0.000041 0.999753 0.000041 0.000041 0.000041 0.000041
112 112 (0) 2 : 0.000042 0.000042 0.697906 0.000042 0.000042 0.000042 0.301886
113 113 (0) 2 : 0.000038 0.000038 0.719244 0.000038 0.000038 0.000038 0.280565
114 114 (0) 2 : 0.000040 0.000040 0.578515 0.000040 0.000040 0.000040 0.421286
115 115 (0) 3 : 0.000028 0.000028 0.020797 0.000028 0.000028 0.000028 0.979061
1 1 (0) 1 : 0.999752 0.000041 0.000041 0.000041 0.000041 0.000041 0.000041
2 2 (0) 1 : 0.232374 0.000039 0.000039 0.000039 0.000039 0.000039 0.767429
3 3 (0) 1 : 0.999748 0.000042 0.000042 0.000042 0.000042 0.000042 0.000042
4 4 (0) 1 : 0.999746 0.000042 0.000042 0.000042 0.000042 0.000042 0.000042
5 5 (0) 1 : 0.999736 0.000044 0.000044 0.000044 0.000044 0.000044 0.000044
6 6 (0) 1 : 0.999746 0.000042 0.000042 0.000042 0.000042 0.000042 0.000042
7 7 (0) 1 : 0.000046 0.000045 0.000045 0.000046 0.000046 0.000046 0.999727
8 8 (0) 1 : 0.000032 0.000032 0.000032 0.000032 0.000032 0.000032 0.999807
9 9 (0) 1 : 0.000030 0.000030 0.000030 0.000030 0.000030 0.000030 0.999819
10 10 (0) 1 : 0.000035 0.000035 0.000035 0.000035 0.000035 0.000035 0.999788
11 11 (0) 1 : 0.000041 0.000041 0.000041 0.000041 0.000041 0.000041 0.999754
12 12 (0) 1 : 0.000034 0.000034 0.000034 0.000034 0.000034 0.000034 0.999798
13 13 (0) 1 : 0.000040 0.000040 0.000040 0.000040 0.000040 0.000040 0.999758
14 14 (0) 1 : 0.000041 0.000041 0.000041 0.000041 0.000041 0.000041 0.999756
15 15 (0) 1 : 0.000041 0.000041 0.000041 0.000041 0.000041 0.000041 0.999755
16 16 (0) 1 : 0.000043 0.000043 0.000043 0.000043 0.000043 0.000043 0.999741
17 17 (0) 1 : 0.000047 0.000047 0.000047 0.000047 0.000047 0.000047 0.999720
18 18 (0) 2 : 0.000032 0.000032 0.000032 0.999810 0.000032 0.000032 0.000032
19 19 (0) 2 : 0.000041 0.000041 0.000041 0.999755 0.000041 0.000041 0.000041
20 20 (0) 3 : 0.000032 0.000032 0.000032 0.000032 0.000032 0.000032 0.999807
21 21 (0) 3 : 0.000034 0.000034 0.000034 0.000034 0.000034 0.000034 0.999798
22 22 (0) 2 : 0.000042 0.000042 0.000042 0.999750 0.000042 0.000042 0.000042
23 23 (0) 2 : 0.000032 0.000032 0.000032 0.999807 0.000032 0.000032 0.000032
24 24 (0) 2 : 0.000031 0.000031 0.000031 0.999814 0.000031 0.000031 0.000031
25 25 (0) 4 : 0.000037 0.000037 0.000037 0.000037 0.999776 0.000037 0.000037
26 26 (0) 4 : 0.000033 0.000032 0.000032 0.000033 0.999805 0.000033 0.000033
27 27 (0) 4 : 0.000048 0.000048 0.000048 0.000048 0.999712 0.000048 0.000048
28 28 (0) 4 : 0.000042 0.000042 0.000042 0.000042 0.999747 0.000042 0.000042
29 29 (0) 4 : 0.000050 0.000049 0.000049 0.000050 0.999703 0.000050 0.000050
30 30 (0) 4 : 0.000055 0.000055 0.000055 0.000055 0.999669 0.000055 0.000055
31 31 (0) 4 : 0.000045 0.000045 0.000045 0.000045 0.999729 0.000045 0.000045
32 32 (0) 4 : 0.000047 0.000047 0.000047 0.000047 0.999716 0.000047 0.000047
33 33 (0) 4 : 0.000040 0.000040 0.000040 0.000040 0.999758 0.000040 0.000040
34 34 (0) 4 : 0.000031 0.000031 0.000031 0.000031 0.999814 0.000031 0.000031
35 35 (0) 4 : 0.000030 0.000030 0.000030 0.000030 0.999821 0.000030 0.000030
36 36 (0) 4 : 0.000030 0.000030 0.000030 0.000030 0.999820 0.000030 0.000030
37 37 (0) 4 : 0.000030 0.000030 0.000030 0.000030 0.999817 0.000030 0.000030
38 38 (0) 4 : 0.000039 0.000038 0.000038 0.000039 0.999769 0.000039 0.000039
39 39 (0) 4 : 0.000032 0.000032 0.000032 0.000032 0.999808 0.000032 0.000032
40 40 (0) 4 : 0.000030 0.000030 0.000030 0.000030 0.999821 0.000030 0.000030
41 41 (0) 4 : 0.000043 0.000043 0.000043 0.000043 0.999744 0.000043 0.000043
42 42 (0) 4 : 0.000041 0.000041 0.000041 0.000041 0.999752 0.000041 0.000041
43 43 (0) 4 : 0.000043 0.000043 0.000043 0.000043 0.999742 0.000043 0.000043
44 44 (0) 4 : 0.000041 0.000041 0.000041 0.000041 0.999752 0.000041 0.000041
45 45 (0) 4 : 0.000042 0.000042 0.000042 0.000042 0.999749 0.000042 0.000042
46 46 (0) 4 : 0.000042 0.000041 0.000041 0.000042 0.952231 0.000042 0.047561
47 47 (0) 4 : 0.000043 0.000043 0.000043 0.000043 0.999741 0.000043 0.000043
48 48 (0) 4 : 0.000041 0.000041 0.000041 0.000041 0.999755 0.000041 0.000041
49 49 (0) 4 : 0.000040 0.000040 0.000040 0.000040 0.999760 0.000040 0.000040
50 50 (0) 4 : 0.000041 0.000041 0.000041 0.000041 0.999753 0.000041 0.000041
51 51 (0) 1 : 0.000027 0.000027 0.000027 0.000027 0.000027 0.000027 0.999837
52 52 (0) 1 : 0.000029 0.000029 0.000029 0.000029 0.000029 0.000029 0.999828
53 53 (0) 1 : 0.999723 0.000046 0.000046 0.000046 0.000046 0.000046 0.000046
54 54 (0) 1 : 0.999809 0.000032 0.000032 0.000032 0.000032 0.000032 0.000032
55 55 (0) 1 : 0.999704 0.000049 0.000049 0.000049 0.000049 0.000049 0.000049
56 56 (0) 1 : 0.999814 0.000031 0.000031 0.000031 0.000031 0.000031 0.000031
57 57 (0) 1 : 0.999823 0.000029 0.000029 0.000030 0.000030 0.000030 0.000030
58 58 (0) 1 : 0.999761 0.000040 0.000040 0.000040 0.000040 0.000040 0.000040
59 59 (0) 1 : 0.000039 0.000039 0.000039 0.000039 0.000039 0.000039 0.999767
60 60 (0) 1 : 0.000040 0.000040 0.000040 0.000040 0.000040 0.000040 0.999760
61 61 (0) 1 : 0.000028 0.000028 0.000028 0.000028 0.000028 0.000028 0.999833
62 62 (0) 1 : 0.279150 0.000035 0.000035 0.000035 0.000035 0.000035 0.720673
63 63 (0) 1 : 0.208142 0.000037 0.000037 0.000037 0.000037 0.000037 0.791672
64 64 (0) 1 : 0.000041 0.000041 0.000041 0.000041 0.000041 0.000041 0.999752
65 65 (0) 1 : 0.000041 0.000040 0.000040 0.000041 0.000041 0.000041 0.999757
66 66 (0) 1 : 0.000045 0.000045 0.000045 0.000045 0.000045 0.000045 0.999730
67 67 (0) 1 : 0.000040 0.000040 0.000040 0.000040 0.000040 0.000040 0.999762
68 68 (0) 1 : 0.000046 0.000046 0.000046 0.000046 0.000046 0.000046 0.999724
69 69 (0) 1 : 0.000049 0.000049 0.000049 0.000049 0.000049 0.000049 0.999706
70 70 (0) 1 : 0.000038 0.000037 0.000037 0.000037 0.000038 0.000037 0.999775
71 71 (0) 1 : 0.000044 0.000044 0.000044 0.000044 0.000044 0.000044 0.999736
72 72 (0) 1 : 0.000043 0.000043 0.000043 0.000043 0.000043 0.000043 0.999743
73 73 (0) 1 : 0.000040 0.000040 0.000040 0.000040 0.000040 0.000040 0.999761
74 74 (0) 1 : 0.000028 0.000028 0.000028 0.000028 0.000028 0.000028 0.999830
75 75 (0) 1 : 0.000028 0.000028 0.000028 0.000028 0.000028 0.000028 0.999833
76 76 (0) 1 : 0.000055 0.000055 0.000055 0.000055 0.000055 0.000055 0.999670
77 77 (0) 1 : 0.000043 0.000043 0.000043 0.000043 0.000043 0.000043 0.999741
78 78 (0) 1 : 0.000042 0.000042 0.000042 0.000042 0.000042 0.000042 0.999745
79 79 (0) 1 : 0.999788 0.000035 0.000035 0.000035 0.000035 0.000035 0.000035
80 80 (0) 1 : 0.000028 0.000028 0.000028 0.000028 0.000028 0.000028 0.999833
81 81 (0) 1 : 0.000028 0.000028 0.000028 0.000028 0.000028 0.000028 0.999833
82 82 (0) 1 : 0.000031 0.000031 0.000031 0.000031 0.000031 0.000031 0.999813
83 83 (0) 1 : 0.000041 0.000040 0.000040 0.000041 0.000041 0.082242 0.917556
84 84 (0) 1 : 0.350120 0.000055 0.000055 0.000055 0.000055 0.000055 0.649604
85 85 (0) 1 : 0.000028 0.000028 0.000028 0.000028 0.000028 0.000028 0.999830
86 86 (0) 1 : 0.000028 0.000028 0.000028 0.000028 0.000028 0.000028 0.999833
87 87 (0) 5 : 0.000043 0.000043 0.000043 0.000043 0.792671 0.000043 0.207113
88 88 (0) 5 : 0.000037 0.000037 0.000037 0.000037 0.751522 0.000037 0.248292
89 89 (0) 5 : 0.000029 0.000029 0.000029 0.000029 0.630163 0.000029 0.369691
90 90 (0) 5 : 0.000043 0.000043 0.000043 0.000043 0.999741 0.000043 0.000043
91 91 (0) 5 : 0.000041 0.000041 0.000041 0.000041 0.999755 0.000041 0.000041
92 92 (0) 5 : 0.000033 0.000033 0.000033 0.000033 0.682645 0.000033 0.317190
93 93 (0) 5 : 0.000046 0.000046 0.000046 0.000046 0.999724 0.000046 0.000046
94 94 (0) 5 : 0.000034 0.000034 0.000034 0.000034 0.858121 0.000034 0.141707
95 95 (0) 5 : 0.000044 0.000044 0.000044 0.000044 0.999734 0.000044 0.000044
96 96 (0) 5 : 0.000039 0.000039 0.000039 0.000039 0.999764 0.000039 0.000039
97 97 (0) 6 : 0.000039 0.000039 0.000039 0.000039 0.000039 0.999765 0.000039
98 98 (0) 6 : 0.000038 0.000038 0.000038 0.000038 0.000038 0.246335 0.753477
99 99 (0) 6 : 0.000038 0.000038 0.000038 0.000038 0.000038 0.290795 0.709015
100 100 (0) 6 : 0.000031 0.000031 0.000031 0.000031 0.000031 0.000031 0.999816
101 101 (0) 6 : 0.000031 0.000031 0.000031 0.000031 0.000031 0.000031 0.999817
102 102 (0) 6 : 0.000029 0.000029 0.000029 0.000029 0.000029 0.000029 0.999827
103 103 (0) 6 : 0.000039 0.000039 0.000039 0.000039 0.000039 0.999768 0.000039
104 104 (0) 6 : 0.000041 0.000041 0.000041 0.000041 0.000041 0.999756 0.000041
105 105 (0) 6 : 0.000040 0.000040 0.000040 0.000040 0.000040 0.999760 0.000040
106 106 (0) 6 : 0.000045 0.000045 0.000045 0.000045 0.000045 0.999729 0.000045
107 107 (0) 6 : 0.000040 0.000040 0.000040 0.000040 0.000040 0.999760 0.000040
108 108 (0) 6 : 0.000042 0.000042 0.000042 0.000042 0.000042 0.999746 0.000042
109 109 (0) 6 : 0.000041 0.000041 0.000041 0.000041 0.000041 0.999751 0.000041
110 110 (0) 2 : 0.000032 0.000032 0.000032 0.868495 0.000032 0.000032 0.131345
111 111 (0) 2 : 0.000041 0.000041 0.000041 0.999753 0.000041 0.000041 0.000041
112 112 (0) 2 : 0.000042 0.000042 0.000042 0.999750 0.000042 0.000042 0.000042
113 113 (0) 2 : 0.000038 0.000038 0.000038 0.999771 0.000038 0.000038 0.000038
114 114 (0) 2 : 0.000040 0.000040 0.000040 0.754242 0.000040 0.000040 0.245559
115 115 (0) 3 : 0.000028 0.000028 0.000028 0.000028 0.000028 0.000028 0.999830
