1 1 (0) 1 : 0.999764 0.000058 0.000059 0.000059 0.000059
2 2 (0) 1 : 0.999775 0.000056 0.000057 0.000057 0.000056
3 3 (0) 1 : 0.999760 0.000059 0.000060 0.000060 0.000060
4 4 (0) 1 : 0.999758 0.000060 0.000061 0.000061 0.000061
5 5 (0) 1 : 0.999748 0.000062 0.000063 0.000063 0.000063
6 6 (0) 1 : 0.999758 0.000060 0.000061 0.000061 0.000061
7 7 (0) 1 : 0.000065 0.000064 0.999740 0.000065 0.000065
8 8 (0) 1 : 0.000046 0.000045 0.999817 0.000046 0.000046
9 9 (0) 1 : 0.000043 0.000043 0.999828 0.000043 0.000043
10 10 (0) 1 : 0.000051 0.000050 0.999793 0.000051 0.000056
11 11 (0) 1 : 0.000059 0.000058 0.999766 0.000059 0.000059
12 12 (0) 1 : 0.000048 0.000048 0.999808 0.000048 0.000048
13 13 (0) 1 : 0.000058 0.000057 0.999770 0.000058 0.000058
14 14 (0) 1 : 0.000058 0.000057 0.999767 0.000058 0.000058
15 15 (0) 1 : 0.000059 0.000058 0.999767 0.000058 0.000058
16 16 (0) 1 : 0.000062 0.000061 0.999742 0.000074 0.000062
17 17 (0) 1 : 0.000067 0.000066 0.999733 0.000067 0.000067
18 18 (0) 2 : 0.000045 0.000045 0.000045 0.000045 0.999819
19 19 (0) 2 : 0.000059 0.000058 0.000059 0.000059 0.999767
20 20 (0) 3 : 0.999816 0.000046 0.000046 0.000046 0.000046
21 21 (0) 3 : 0.999807 0.000048 0.000048 0.000048 0.000048
22 22 (0) 2 : 0.000060 0.000059 0.000060 0.000060 0.999762
23 23 (0) 2 : 0.000046 0.000045 0.000046 0.000046 0.999817
24 24 (0) 2 : 0.000045 0.000044 0.000045 0.000045 0.999822
25 25 (0) 4 : 0.000053 0.000053 0.000053 0.999787 0.000053
26 26 (0) 4 : 0.000047 0.000046 0.000047 0.999814 0.000047
27 27 (0) 4 : 0.000069 0.000068 0.000069 0.999726 0.000069
28 28 (0) 4 : 0.000060 0.000060 0.000060 0.999759 0.000060
29 29 (0) 4 : 0.000071 0.000070 0.000071 0.999717 0.000071
30 30 (0) 4 : 0.055298 0.000078 0.000079 0.944465 0.000079
31 31 (0) 4 : 0.000065 0.000064 0.000065 0.999742 0.000065
32 32 (0) 4 : 0.000068 0.000067 0.000068 0.999730 0.000068
33 33 (0) 4 : 0.000085 0.000057 0.000058 0.999742 0.000058
34 34 (0) 4 : 0.000044 0.000044 0.000044 0.999823 0.000044
35 35 (0) 4 : 0.000043 0.000042 0.000043 0.999829 0.000043
36 36 (0) 4 : 0.000043 0.000042 0.000043 0.999829 0.000043
37 37 (0) 4 : 0.000044 0.000043 0.000044 0.999826 0.000044
38 38 (0) 4 : 0.000055 0.000054 0.000055 0.999780 0.000055
39 39 (0) 4 : 0.000046 0.000045 0.000046 0.999817 0.000046
40 40 (0) 4 : 0.000043 0.000042 0.000043 0.999829 0.000043
41 41 (0) 4 : 0.000061 0.000060 0.000061 0.999757 0.000061
42 42 (0) 4 : 0.000059 0.000058 0.000059 0.999764 0.000059
43 43 (0) 4 : 0.000062 0.000061 0.000062 0.999755 0.000062
44 44 (0) 4 : 0.000059 0.000059 0.000059 0.999764 0.000059
45 45 (0) 4 : 0.000060 0.000059 0.000060 0.999761 0.000060
46 46 (0) 4 : 0.000060 0.000059 0.000060 0.999763 0.000060
47 47 (0) 4 : 0.000062 0.000061 0.000062 0.999754 0.000062
48 48 (0) 4 : 0.000059 0.000058 0.000059 0.999767 0.000058
49 49 (0) 4 : 0.000081 0.000056 0.000057 0.999748 0.000057
50 50 (0) 4 : 0.000059 0.000058 0.000059 0.999765 0.000059
51 51 (0) 1 : 0.999845 0.000038 0.000039 0.000039 0.000039
52 52 (0) 1 : 0.999836 0.000041 0.000041 0.000041 0.000041
53 53 (0) 1 : 0.885060 0.000065 0.000066 0.114742 0.000066
54 54 (0) 1 : 0.223538 0.000045 0.165263 0.611108 0.000046
55 55 (0) 1 : 0.731031 0.000070 0.000071 0.268758 0.000071
56 56 (0) 1 : 0.399959 0.000044 0.000044 0.599908 0.000044
57 57 (0) 1 : 0.487087 0.000042 0.000042 0.512787 0.000042
58 58 (0) 1 : 0.621988 0.000056 0.000057 0.377841 0.000057
59 59 (0) 1 : 0.000056 0.000055 0.999778 0.000056 0.000056
60 60 (0) 1 : 0.110166 0.000056 0.889663 0.000057 0.000057
61 61 (0) 1 : 0.243822 0.000039 0.756058 0.000040 0.000040
62 62 (0) 1 : 0.000051 0.000050 0.999797 0.000051 0.000051
63 63 (0) 1 : 0.000053 0.000053 0.999787 0.000053 0.000053
64 64 (0) 1 : 0.000059 0.000058 0.999764 0.000059 0.000059
65 65 (0) 1 : 0.000058 0.000057 0.999769 0.000058 0.000058
66 66 (0) 1 : 0.000065 0.000064 0.999743 0.000065 0.000065
67 67 (0) 1 : 0.000057 0.000056 0.999773 0.000057 0.000057
68 68 (0) 1 : 0.000066 0.000065 0.999738 0.000066 0.000066
69 69 (0) 1 : 0.000070 0.000069 0.999720 0.000070 0.000070
70 70 (0) 1 : 0.000054 0.000053 0.999786 0.000054 0.000054
71 71 (0) 1 : 0.000063 0.000062 0.999748 0.000063 0.000063
72 72 (0) 1 : 0.000062 0.000061 0.999755 0.000061 0.000061
73 73 (0) 1 : 0.000057 0.000056 0.999772 0.000057 0.000057
74 74 (0) 1 : 0.012976 0.000040 0.986903 0.000041 0.000041
75 75 (0) 1 : 0.000040 0.000039 0.999841 0.000040 0.000040
76 76 (0) 1 : 0.000079 0.000078 0.999686 0.000079 0.000079
77 77 (0) 1 : 0.000062 0.000061 0.999753 0.000062 0.000062
78 78 (0) 1 : 0.000061 0.000060 0.999758 0.000061 0.000061
79 79 (0) 1 : 0.756145 0.000050 0.000051 0.243704 0.000051
80 80 (0) 1 : 0.999841 0.000039 0.000040 0.000040 0.000040
81 81 (0) 1 : 0.999841 0.000039 0.000040 0.000040 0.000040
82 82 (0) 1 : 0.999822 0.000044 0.000045 0.000045 0.000045
83 83 (0) 1 : 0.999768 0.000057 0.000058 0.000058 0.000058
84 84 (0) 1 : 0.999684 0.000078 0.000079 0.000079 0.000079
85 85 (0) 1 : 0.000041 0.000040 0.999838 0.000041 0.000041
86 86 (0) 1 : 0.999841 0.000039 0.000040 0.000040 0.000040
87 87 (0) 5 : 0.225566 0.000061 0.000062 0.774248 0.000062
88 88 (0) 5 : 0.264453 0.000053 0.000054 0.735387 0.000054
89 89 (0) 5 : 0.364829 0.000041 0.000042 0.635045 0.000042
90 90 (0) 5 : 0.107342 0.000061 0.000062 0.892473 0.000062
91 91 (0) 5 : 0.000059 0.000058 0.000059 0.999766 0.000059
92 92 (0) 5 : 0.296561 0.000047 0.000047 0.703298 0.000047
93 93 (0) 5 : 0.147966 0.000065 0.000066 0.851837 0.000066
94 94 (0) 5 : 0.170650 0.000049 0.000049 0.829203 0.000049
95 95 (0) 5 : 0.000064 0.000063 0.000064 0.999747 0.000063
96 96 (0) 5 : 0.080267 0.000056 0.000056 0.919565 0.000056
97 97 (0) 6 : 0.999776 0.000055 0.000056 0.000056 0.000056
98 98 (0) 6 : 0.999785 0.000053 0.000054 0.000054 0.000054
99 99 (0) 6 : 0.999783 0.000054 0.000054 0.000054 0.000054
100 100 (0) 6 : 0.999825 0.000043 0.000044 0.000044 0.000044
101 101 (0) 6 : 0.999825 0.000043 0.000044 0.000044 0.000044
102 102 (0) 6 : 0.999836 0.000041 0.000041 0.000041 0.000041
103 103 (0) 6 : 0.999779 0.000055 0.000055 0.000055 0.000055
104 104 (0) 6 : 0.999768 0.000057 0.000058 0.000058 0.000058
105 105 (0) 6 : 0.999771 0.000057 0.000057 0.000057 0.000057
106 106 (0) 6 : 0.999742 0.000064 0.000065 0.000065 0.000065
107 107 (0) 6 : 0.999771 0.000057 0.000057 0.000057 0.000057
108 108 (0) 6 : 0.999758 0.000060 0.000061 0.000061 0.000061
109 109 (0) 6 : 0.999763 0.000059 0.000059 0.000059 0.000059
110 110 (0) 2 : 0.000046 0.000045 0.000046 0.000046 0.999817
111 111 (0) 2 : 0.000059 0.000058 0.000059 0.000059 0.999765
112 112 (0) 2 : 0.000060 0.000059 0.000060 0.000060 0.999762
113 113 (0) 2 : 0.000055 0.000054 0.000055 0.000055 0.999781
114 114 (0) 2 : 0.000057 0.000056 0.000057 0.000057 0.999772
115 115 (0) 3 : 0.999838 0.000040 0.000041 0.000041 0.000041
