P1	Hybrid	P2	Zscore	Pvalue	Gamma	AAAA	AAAB	AABA	AABB	AABC	ABAA	ABAB	ABAC	ABBA	BAAA	ABBC	CABC	BACA	BCAA	ABCD
davidsonii	praeteritus_2_0471	fruticosus	-99999.9	1.0	-0.6321496754933795	65517822.484375	6664004.203125	4807661.265625	3596738.515625	2126866.28125	7379770.015625	2551926.265625	1696370.53125	2147258.890625	30190960.390625	3761082.53125	1499604.34375	4362657.59375	5897610.34375	985372.34375
davidsonii	praeteritus_96_0049	fruticosus	0.10641828711784156	0.4576251892991814	0.0056797026205525625	65032315.21875	6954376.96875	5703434.15625	4060286.96875	2447282.9375	7858682.59375	2512915.34375	2040474.625	2521754.15625	31522957.53125	4505896.125	1723542.625	4159730.5	6726382.9375	1205384.3125
davidsonii	praeteritus_96_0105	fruticosus	-99999.9	1.0	-0.23139094135618424	65781198.9375	7109097.6875	4787956.5	3773454.8125	2119768.8125	7854585.8125	2533149.0625	2005644.25	2300082.9375	31125763.75	4156127.9375	1490530.0625	4099652.25	6338512.9375	1067870.25
davidsonii	praeteritus_BWS_118_5	fruticosus	12.12695602649428	0.0	0.23035283475685878	66435743.84375	7895142.09375	5901926.78125	6407888.96875	4017961.3125	9879873.28125	2782964.96875	3175817.8125	3867892.65625	35303292.46875	7131753.6875	3214544.9375	4991198.6875	11266641.1875	2627799.3125
davidsonii	praeteritus_BWS_118_9	fruticosus	13.730621217572322	0.0	0.2502765203622857	66304516.65625	7775832.65625	5994543.34375	6375787.78125	4047953.5625	9610288.03125	2690610.71875	3077352.4375	3920815.34375	35383019.03125	7122949.5625	3307126.625	4872992.5	11158230.5	2605977.25
davidsonii	praeteritus_BWS_119_6	fruticosus	15.93905411810504	0.0	0.2758894160963603	67586725.015625	8845221.359375	5172515.609375	6700249.921875	4035352.59375	10646634.609375	2794388.109375	3698981.65625	4282539.171875	36825477.796875	8101048.40625	3297587.09375	4721150.71875	12069892.65625	2855266.28125
davidsonii	praeteritus_BWS_119_9	fruticosus	-99999.9	1.0	-0.5112544416680425	65557372.109375	6769752.078125	4800591.828125	3643678.203125	2111682.78125	7524643.515625	2521242.515625	1766636.28125	2141524.703125	30482227.078125	3784562.03125	1501363.34375	4269773.96875	6047502.84375	1023033.71875
davidsonii	praeteritus_BWS_120_2	fruticosus	-99999.9	1.0	4.504587576858748	65403706.515625	6606833.484375	4705529.859375	3195953.296875	1814191.59375	7264368.484375	2599156.859375	1653182.90625	1832070.359375	29528317.609375	3228092.28125	1163845.28125	4264919.15625	5172486.59375	747370.71875
davidsonii	praeteritus_BWS_120_3	fruticosus	-99999.9	1.0	2.971797564534819	65194368.375	6775337.125	4965110.3125	3261792.8125	1889216.625	7346740.625	2740054.4375	1765633.6875	1953715.6875	29385917.625	3473518.1875	1264657.75	4538906.0	5328548.5625	851203.1875
davidsonii	praeteritus_BWS_121_3	fruticosus	-99999.9	1.0	-13.883533135518796	62478047.484375	4822141.328125	7238982.578125	3187036.953125	2364459.90625	5923503.640625	2407050.515625	854268.78125	1679470.078125	28244313.203125	2478727.40625	1415630.71875	4488861.46875	4417550.46875	554765.46875
davidsonii	praeteritus_BWS_121_4	fruticosus	-99999.9	1.0	-2.7301043801668348	65389183.953125	6422858.546875	4768517.546875	3429056.609375	1960955.09375	7230653.671875	2530927.671875	1601246.65625	1873577.234375	29794553.734375	3202991.53125	1342217.34375	4246776.59375	5560378.78125	818467.03125
davidsonii	praeteritus_BWS_122_1	fruticosus	-99999.9	1.0	5.061834047238136	64257272.765625	5913273.296875	5621683.046875	3130742.984375	2021119.90625	6537250.734375	2540446.796875	1279697.40625	1804823.109375	28814777.359375	2927095.96875	1363300.84375	4473776.03125	4793098.65625	701543.09375
davidsonii	praeteritus_BWS_122_3	fruticosus	-99999.9	1.0	-5.9264721487708885	64611287.59375	5901750.90625	5435099.03125	3332866.78125	2169663.4375	6785377.96875	2533280.03125	1372345.75	1849132.53125	29182765.09375	3061744.875	1418209.875	4464561.0	5151908.0625	801803.0625
davidsonii	menziesii_BWS_103_2	fruticosus	2.8416757459980237	0.002243919139249595	0.26098741787160595	57865654.828125	6349502.359375	12788979.421875	3868144.296875	3226845.34375	5981719.046875	3184353.921875	1790599.09375	3425839.234375	29026125.609375	5473371.96875	2678486.21875	5913940.21875	5822070.46875	1364531.96875
davidsonii	menziesii_BWS_103_9	fruticosus	11.379405481584282	0.0	0.41629723159329324	63029983.546875	7490768.515625	8133341.078125	4287946.265625	3161353.84375	6944605.390625	2804362.765625	2102921.28125	3862455.578125	31655269.390625	6574602.96875	2768750.65625	5179167.46875	7071701.90625	1704710.34375
davidsonii	menziesii_BWS_104_5	fruticosus	21.11160771833808	0.0	0.4394315435105762	67619179.09375	10152804.84375	5080069.03125	5794410.15625	3512983.875	9279363.46875	2821261.78125	3515093.0625	5151923.03125	36472053.53125	9348399.5	3670107.625	4903771.8125	10830106.75	2805409.4375
davidsonii	menziesii_OSTL_4	fruticosus	-0.5013211384304587	0.6919274367404349	0.051547063343912417	64272227.125	7160876.9375	5317584.875	1779285.0	1293738.0625	4959273.25	2525446.5	1015995.9375	2484893.6875	28026656.0	3896384.5	1424872.5625	4450889.0	2668283.625	456347.9375
davidsonii	menziesii_UWTL_1	fruticosus	-0.929796476474909	0.8237617822785936	0.07703296763423692	65561567.640625	8143547.109375	4341316.484375	1791084.796875	1059256.21875	5540115.421875	2708307.109375	1536287.46875	2631753.609375	28593067.671875	4295739.71875	1458447.34375	4448011.84375	3093576.71875	610513.84375
davidsonii	menziesii_UWTL_2	fruticosus	15.372644992498659	0.0	0.4446000387657799	66252645.75	9128087.125	5538966.9375	4676569.125	2891148.8125	8227446.4375	2737937.75	2746105.9375	4289820.4375	33920420.8125	7699249.125	2814232.4375	4734639.25	8458589.125	2043503.9375
davidsonii	menziesii_UWTL_22_SHL_19.68	fruticosus	-7.510114540822256	0.9999999999999702	0.4610499920746695	60888564.828125	6182584.921875	8773522.984375	2429355.609375	2048530.40625	4950513.921875	3110665.421875	1080017.90625	2527832.359375	26528328.546875	3771405.59375	1815741.65625	5721454.71875	3398641.09375	634164.03125
davidsonii	menziesii_UWTL_5	fruticosus	14.577248361532673	0.0	0.48947581164364423	65767229.984375	8768732.703125	5714868.453125	4230175.328125	2775271.53125	7434443.765625	2628126.015625	2475575.03125	4164124.515625	33254432.640625	7249524.15625	2815810.28125	4608532.40625	7509475.78125	1869777.40625
davidsonii	menziesii_UWTL_7	fruticosus	-5.274442813839013	0.9999999332842278	0.2472126413797586	63911368.515625	7146749.671875	5636590.609375	1576553.109375	1196753.59375	4903321.234375	2731836.484375	1054948.09375	2352445.609375	27192839.484375	3659800.96875	1304708.03125	4753371.65625	2300480.40625	387088.53125
davidsonii	menziesii_UWTL_8	fruticosus	3.469692097207305	0.0002605741756158686	0.6078345002980732	65452470.578125	7889133.921875	4936498.734375	2872259.171875	1793555.84375	6286885.984375	2600326.859375	1696165.65625	3021806.671875	30183873.421875	5062798.90625	1876811.03125	4480063.65625	4903331.59375	1005116.96875
davidsonii	P_fruticosus_Pop8_18.0826	fruticosus	9.130260190822971	0.0	0.21321288961701473	60276853.328125	7185718.984375	12324778.921875	6868369.671875	5011522.34375	9295760.921875	3586364.296875	3333216.21875	4475760.984375	33548391.359375	7897846.59375	3942374.34375	6693905.84375	11560870.21875	2912550.96875
davidsonii	P_fruticosus_Pop8_18.0827	fruticosus	7.741235614636845	4.884981308350689e-15	0.19581483025215984	57296104.125	6587435.125	15153744.0	6809361.6875	5179931.5625	8535499.25	3693640.4375	3119323.3125	4452302.0625	32599789.9375	7509436.75	4235029.0625	7062391.5	11232537.75	2860222.4375
davidsonii	serratus_2_047	fruticosus	18.001117753751423	0.0	0.3137933767087489	67626258.71875	9208430.34375	5188465.84375	6573044.09375	3955824.0	10385368.34375	2786788.65625	3685593.4375	4518194.09375	36987708.84375	8445051.5	3478303.0	4743102.9375	12005801.75	2912097.4375
davidsonii	P_fruticosus_Pop7_18.0822	fruticosus	11.340333418623812	0.0	0.25792996814290375	61320216.484375	7570100.203125	11155813.578125	6418308.390625	4662098.34375	9067662.953125	3312237.453125	3352399.15625	4391850.890625	34054734.828125	7757317.34375	3835638.34375	6047462.40625	10921625.59375	2827798.03125
davidsonii	P_fruticosus_Pop7_18.0825	fruticosus	-99999.9	1.0	2.378078296997124	62195609.25	6488799.375	8206432.1875	3441701.9375	2581436.0	6942975.3125	3060793.0	1943197.3125	2403478.1875	28899240.625	4126748.3125	1809584.5625	5281059.1875	5369720.125	1152931.625
davidsonii	P_fruticosus_Popnew1_19.008	fruticosus	-99999.9	1.0	-0.6127522028411211	59574151.96875	6070489.96875	11101047.34375	4130997.34375	3221982.625	6860071.90625	3173711.28125	1930588.375	2809998.15625	29130309.71875	4647353.1875	2395553.875	5816076.1875	6403039.0625	1444605.0
davidsonii	P_fruticosus_Popnew2_19.0081	fruticosus	9.076463470311344	0.0	0.2349365300825141	61716078.21875	7730982.96875	10628416.09375	6240655.96875	4517550.5	9122868.46875	3435753.59375	3428752.75	4297086.09375	33607638.03125	7659106.1875	3697213.875	6190832.3125	10678208.0625	2791460.875
davidsonii	P_fruticosus_Popnew2_19.0082	fruticosus	11.830246237076004	0.0	0.2719502322709529	63141282.75	8306190.875	9441472.5	6308472.4375	4365647.9375	9616087.9375	3290512.125	3559658.3125	4417818.3125	34635750.8125	8074545.75	3591100.0	5822758.5625	11030304.8125	2854345.875
davidsonii	scouleri_OSTL_17	fruticosus	12.747713093468175	0.0	0.3024477811714913	67047921.9375	9037778.8125	4997172.875	5308426.75	3077013.875	9491668.625	2703204.625	3168810.5	3832788.375	34957937.75	7197840.875	2737118.1875	4482180.5625	9739008.4375	2294965.8125
davidsonii	scouleri_OSTL_19	fruticosus	-99999.9	1.0	-0.38821625308399793	60789270.484375	6279643.015625	9926771.578125	4170081.203125	3237459.71875	6931716.890625	3202782.703125	1979137.65625	2932276.578125	29287471.578125	4902637.59375	2458126.46875	5889344.90625	6538950.09375	1519942.53125
davidsonii	scouleri_OSTL_20	fruticosus	-4.68233427122169	0.9999985802551183	0.7059163279034608	64482380.828125	7209359.921875	5393934.109375	2402087.421875	1431561.46875	6672059.484375	2735021.109375	1678940.90625	1935849.484375	28697661.109375	3412999.15625	1070623.09375	4376981.84375	3924270.40625	640501.65625
davidsonii	scouleri_OSTL_21	fruticosus	-99999.9	1.0	-0.6365782439326974	65611549.875	7808149.0	4933066.25	3241072.875	1869446.25	7581776.8125	2689320.875	2064064.1875	2474706.4375	30530942.625	4546753.5625	1501599.125	4396653.875	5649120.5625	1126117.6875
davidsonii	scouleri_OSTL_22	fruticosus	-99999.9	1.0	-0.6802152556313731	64177822.96875	7137436.84375	6214243.53125	3262909.90625	2113032.5	7042042.09375	2697057.09375	1854357.5	2467978.28125	29984266.21875	4315118.9375	1642504.375	4538280.1875	5368074.8125	1046875.75
scouleri	P_fruticosus_Pop8_18.0826	fruticosus	18.317168774925086	0.0	0.6523135201873922	23856609.859375	3154288.140625	3881825.265625	1780120.515625	1341516.21875	2807018.015625	1087798.765625	930341.71875	2386701.265625	14946830.578125	4055229.65625	1457683.59375	1992054.03125	2969922.78125	767300.59375
scouleri	P_fruticosus_Pop8_18.0827	fruticosus	16.679233756739233	0.0	0.6655232398958224	22718056.9375	2958074.25	4970588.0	1777792.3125	1373622.25	2516428.0625	1150553.375	817831.625	2398598.5	14528739.5625	3935972.5	1573860.0	2197247.375	2904104.875	736848.375
scouleri	serratus_2_047	fruticosus	22.868027128688055	0.0	0.610200157129939	26246573.0	3822529.4375	1612452.375	1775030.875	1042875.8125	3703446.0	891016.1875	1173658.625	2274869.75	16151268.75	4251249.3125	1040885.375	1361078.1875	3260037.875	771613.4375
scouleri	P_fruticosus_Pop8_18.0826	davidsonii	7.687090189041841	7.549516567451064e-15	0.8679787311122104	11378601.96875	1902150.34375	2148796.53125	719035.59375	645577.5625	1334434.71875	584768.15625	526154.8125	1467514.40625	6650603.59375	2461096.9375	904484.125	1087254.25	1238905.625	450319.375
scouleri	P_fruticosus_Pop8_18.0827	davidsonii	6.1813692300818825	3.190250286166929e-10	0.8867135728408174	10857853.234375	1763634.578125	2641639.140625	720537.640625	693083.65625	1180857.515625	610930.140625	478649.78125	1468848.078125	6449708.703125	2392881.65625	969604.78125	1177871.78125	1186565.90625	441934.40625
scouleri	serratus_2_047	davidsonii	17.3389761107412	0.0	0.7593859523729138	12669541.109375	2098962.140625	904327.140625	748078.890625	564247.21875	1819393.078125	454988.453125	599475.96875	1379991.640625	7259333.453125	2536530.15625	653729.78125	756989.59375	1379872.46875	452152.90625
scouleri	praeteritus_2_0471	fruticosus	-5.061071332144005	0.9999997911966909	0.7394757486617816	24932523.25	2387645.375	2102994.4375	1181233.5625	660520.875	3198059.25	1339870.3125	729697.5625	889593.5	12346902.9375	1579720.6875	519280.5625	2268835.8125	1990773.0	332257.875
scouleri	praeteritus_96_0049	fruticosus	-99999.9	1.0	1.2726348510845624	24885844.671875	2560342.515625	2285636.640625	1298986.765625	731195.40625	3225678.890625	1262649.328125	810411.34375	1093029.453125	12955814.765625	1920089.09375	651876.84375	2100374.09375	2222001.15625	399347.03125
scouleri	praeteritus_96_0105	fruticosus	-2.476137932651499	0.9933593773415068	0.8346486728707154	25084956.171875	2538721.890625	2049716.078125	1281843.828125	667196.28125	3337982.828125	1366344.515625	859242.84375	939807.953125	12618533.515625	1663187.96875	590374.21875	2248242.46875	2240205.15625	388638.28125
scouleri	praeteritus_BWS_118_5	fruticosus	19.39371773064063	0.0	0.5274977816295248	25676604.546875	3240181.640625	2030460.265625	1842739.265625	1118011.78125	3656834.640625	1018348.078125	1028266.34375	1938691.953125	15219368.015625	3594182.84375	982584.34375	1710039.34375	3237703.28125	713265.65625
scouleri	praeteritus_BWS_118_9	fruticosus	20.31512764875769	0.0	0.5364137035631704	25595818.953125	3212226.671875	2091357.796875	1819350.234375	1113246.59375	3579974.546875	970300.421875	975163.90625	1952732.296875	15263708.171875	3604619.15625	988525.15625	1649612.65625	3182591.34375	700711.09375
scouleri	praeteritus_BWS_119_6	fruticosus	21.40519982815697	0.0	0.5327466493162795	26050501.515625	3600759.609375	1814770.609375	1951521.546875	1126658.96875	4016455.796875	1020626.421875	1232628.90625	2082001.921875	15819279.171875	3979868.53125	963185.65625	1591260.78125	3527386.46875	794065.09375
scouleri	praeteritus_BWS_119_9	fruticosus	-3.96262185268311	0.999962918089206	0.7742698242589529	24983326.953125	2424898.921875	2065367.171875	1213432.796875	656891.40625	3221109.609375	1341259.421875	759620.34375	902805.421875	12431477.171875	1586554.53125	550953.84375	2257559.78125	2075187.46875	347670.15625
scouleri	praeteritus_BWS_120_2	fruticosus	-10.83781122508384	1.0	0.7072102133781635	24821151.640625	2260704.859375	2166188.859375	1146987.859375	617199.28125	3253413.109375	1479018.046875	789246.34375	677025.796875	11842471.046875	1180893.15625	468974.09375	2464197.15625	1941316.59375	308472.15625
scouleri	praeteritus_BWS_120_3	fruticosus	-12.05834623870575	1.0	0.6608375929565574	24834508.828125	2386435.234375	2161046.796875	1125618.484375	597166.90625	3181745.734375	1485881.859375	783440.84375	783930.296875	11871310.109375	1357159.78125	515606.34375	2494753.40625	1929373.59375	318810.78125
scouleri	praeteritus_BWS_121_3	fruticosus	-8.88892628596899	1.0	0.6998340779088965	23932034.140625	1701884.984375	2879934.796875	1066736.546875	711793.28125	2481058.546875	1328170.859375	366252.21875	718639.171875	11423968.296875	971648.15625	659924.34375	2485259.40625	1586680.71875	207096.53125
scouleri	praeteritus_BWS_121_4	fruticosus	-6.91804050261711	0.9999999999976961	0.7470868812199452	24858187.71875	2261050.09375	2124471.15625	1161991.28125	614587.0	3177934.53125	1378606.59375	711409.5625	738740.78125	12079880.40625	1268310.0	496828.3125	2332572.375	1966647.0625	300865.125
scouleri	praeteritus_BWS_122_1	fruticosus	-11.452180861798466	1.0	0.6726553736168149	24441728.671875	2048265.078125	2437221.828125	1063083.703125	651590.71875	2895537.703125	1396532.140625	600834.65625	711334.140625	11672590.765625	1139606.09375	532890.15625	2441480.34375	1693761.40625	263333.59375
scouleri	praeteritus_BWS_122_3	fruticosus	-8.24979983667589	1.0	0.7259291818897913	24562138.125	2051280.8125	2385647.0625	1151569.3125	701075.9375	3011504.375	1406432.5625	629455.375	731378.3125	11795524.0625	1205618.9375	540947.125	2463593.1875	1854099.625	295492.1875
scouleri	praeteritus_2_0471	davidsonii	-1.1752395723441993	0.8800504974741364	-0.27675401079506196	12060795.796875	1328512.015625	1082395.390625	476641.078125	337566.46875	1591444.828125	583455.515625	370755.84375	606609.015625	5599236.390625	1023501.53125	387146.71875	1005273.15625	821819.65625	214893.59375
scouleri	praeteritus_96_0049	davidsonii	-1.5558483102827674	0.9401279032743468	1.2182640709528398	12015980.203125	1436640.609375	1196210.109375	524202.984375	364227.09375	1592131.484375	552982.234375	420710.46875	713616.671875	5889587.546875	1197427.46875	462431.03125	930161.90625	925542.53125	250490.65625
scouleri	praeteritus_96_0105	davidsonii	-1.530576067177603	0.9370628790482252	-0.8801187530304146	12134903.8125	1399981.9375	1053685.375	517479.125	345316.75	1651769.6875	592365.3125	439347.25	627420.9375	5736538.8125	1056758.75	426753.1875	987699.9375	927916.5625	247647.5625
scouleri	praeteritus_BWS_118_5	davidsonii	10.133309843372421	0.0	0.802254913365449	12301901.59375	1905567.03125	1203834.09375	719119.09375	585078.1875	1736596.71875	547323.09375	574059.3125	1244302.15625	6751558.65625	2247553.5625	670801.1875	964306.8125	1293649.1875	448828.3125
scouleri	praeteritus_BWS_118_9	davidsonii	11.907584259502567	0.0	0.7845876445899939	12282760.421875	1869129.515625	1211569.453125	715969.390625	590143.71875	1704477.765625	516301.578125	543227.71875	1243543.515625	6787475.890625	2240147.15625	669294.09375	922556.15625	1273012.53125	439924.09375
scouleri	praeteritus_BWS_119_6	davidsonii	14.141008577183438	0.0	0.7559266881564283	12503467.484375	2063718.890625	1078336.328125	791189.578125	590412.96875	1929182.890625	543805.640625	662862.84375	1309985.765625	7056455.828125	2431263.28125	649999.78125	899462.71875	1462117.46875	479849.53125
scouleri	praeteritus_BWS_119_9	davidsonii	-1.3933653028150408	0.9182452679040327	-0.3877252974282254	12076291.484375	1356904.765625	1073919.265625	485886.953125	334477.78125	1605362.140625	588154.328125	381198.28125	616727.453125	5624621.390625	1041339.90625	398160.40625	1015352.53125	853961.03125	225588.28125
scouleri	praeteritus_BWS_120_2	davidsonii	-10.126146940653264	1.0	0.4583482682710505	12001353.390625	1264868.796875	1110779.546875	457014.609375	302733.40625	1627565.296875	632401.609375	391087.15625	483988.296875	5381196.546875	797911.96875	353311.71875	1069256.15625	802937.90625	201046.59375
scouleri	praeteritus_BWS_120_3	davidsonii	-7.0161335109565	0.999999999998852	0.35865630602209114	12023684.75	1306184.0	1089618.4375	445579.4375	301027.125	1588602.4375	624857.6875	391522.375	524600.5625	5417931.8125	859930.625	379561.5625	1061878.3125	790126.8125	209039.0625
scouleri	praeteritus_BWS_121_3	davidsonii	-3.7487532299207156	0.9999111146954383	0.24517246858104477	11521845.15625	1038387.84375	1509336.34375	403815.78125	329019.375	1212532.46875	572468.40625	219597.375	517689.03125	5182812.90625	688972.3125	483109.5	1074004.6875	623706.4375	153548.375
scouleri	praeteritus_BWS_121_4	davidsonii	-4.7587970748402935	0.9999990250459034	0.30953670952368634	12021154.9375	1271086.4375	1098450.0625	457108.6875	325968.375	1568552.125	612185.75	371088.25	542664.25	5444355.75	889313.375	385626.375	1054780.0	786715.0	207599.625
scouleri	praeteritus_BWS_122_1	davidsonii	-6.593404218371885	0.9999999999783955	0.3522125473645518	11820667.90625	1154739.90625	1239976.96875	423067.15625	319880.8125	1452873.40625	592251.34375	300154.9375	500263.15625	5305402.46875	772716.8125	386426.5625	1054449.0625	692448.3125	175820.1875
scouleri	praeteritus_BWS_122_3	davidsonii	-6.050213486510493	0.9999999992740487	0.3508428338597139	11850628.921875	1189867.453125	1245979.078125	451974.203125	339404.34375	1494413.390625	612090.765625	327307.46875	525554.328125	5337268.390625	829718.15625	403255.53125	1088723.84375	753175.09375	198032.03125
scouleri	menziesii_BWS_103_2	fruticosus	-0.18437369844007884	0.5731398366468008	-0.025550816724502604	22358085.90625	2332587.28125	4759975.84375	1164765.09375	1004812.875	2239943.96875	1459930.15625	687519.9375	1467283.96875	12056431.46875	2233789.875	1165225.0625	2682388.625	1780321.5625	474964.375
scouleri	menziesii_BWS_103_9	fruticosus	0.35355142025765846	0.36183760774974383	0.9571171790531754	24115563.0	2730010.0625	3194462.8125	1345940.75	1039251.875	2847389.5625	1332904.1875	866201.4375	1623871.9375	13142150.8125	2775762.4375	1021550.9375	2336066.4375	2198338.625	563850.125
scouleri	menziesii_BWS_104_5	fruticosus	15.36909833873828	0.0	0.6480675581834716	25779231.984375	3867011.078125	2089496.453125	1747397.390625	1115532.59375	3802957.078125	1171389.453125	1351240.15625	2232081.828125	15472544.640625	4226807.46875	1073882.40625	1814361.71875	3208782.15625	850874.59375
scouleri	menziesii_OSTL_4	fruticosus	-30.50850014284614	1.0	0.5151705066373377	24097593.15625	2225106.46875	2734520.65625	796220.96875	612303.0	2703169.78125	1644907.90625	741525.9375	743109.46875	10951593.03125	1185146.875	566318.6875	2796277.5	1238297.3125	278958.25
scouleri	menziesii_UWTL_1	fruticosus	-29.618597277580914	1.0	0.47220013339060213	24625049.3125	2682717.0625	2307555.5625	735423.6875	451711.875	2875531.6875	1649592.75	871212.4375	831724.5	11267082.1875	1419764.6875	539618.6875	2701385.9375	1309426.375	308165.25
scouleri	menziesii_UWTL_2	fruticosus	5.393174170950186	3.4690055827901745e-08	0.7089225539906582	25240833.546875	3343593.828125	2316528.140625	1488131.265625	953766.21875	3459868.328125	1302453.890625	1134928.40625	1754673.328125	14060416.203125	3237121.09375	947455.65625	2123232.46875	2684317.90625	684580.71875
scouleri	menziesii_UWTL_22_SHL_19.68	fruticosus	-26.774414925937634	1.0	0.4966860846802039	23059155.40625	2045600.34375	3739372.90625	870772.03125	725751.0625	2377878.34375	1692299.40625	588595.25	881590.21875	10613902.03125	1285665.25	761290.625	3051277.5	1290467.9375	294380.6875
scouleri	menziesii_UWTL_5	fruticosus	1.574394394732997	0.057698156893809305	0.8891981224610158	25018286.421875	3217746.578125	2420490.828125	1319204.890625	896283.78125	3188541.015625	1264064.765625	1017332.96875	1706570.765625	13791790.140625	3086371.59375	915440.71875	2086874.84375	2329129.28125	604851.40625
scouleri	menziesii_UWTL_7	fruticosus	-37.468750537297346	1.0	0.5096190135899273	23977789.90625	2260466.46875	2839243.40625	723916.28125	528161.6875	2663317.15625	1729915.34375	710417.875	684450.15625	10562038.84375	1069716.375	545337.875	2978368.0	1160615.8125	259589.8125
scouleri	menziesii_UWTL_8	fruticosus	-12.735968725000555	1.0	0.47018282506753856	24643616.875	2674650.25	2422471.25	1008276.1875	671503.6875	3052774.375	1460288.75	869753.5	1059153.125	12178923.4375	1888253.8125	619792.875	2423383.1875	1722727.125	400483.5625
scouleri	menziesii_BWS_103_2	davidsonii	0.8980378535617837	0.18458265455545209	0.9419012440333095	10896091.203125	1196519.296875	2280544.609375	591635.734375	460822.90625	1220910.171875	576432.796875	289527.03125	822903.921875	5632824.609375	1211464.21875	643416.34375	1076472.03125	923290.53125	218447.59375
scouleri	menziesii_BWS_103_9	davidsonii	10.509595277235203	0.0	0.6948391619614112	11768587.015625	1379449.734375	1501254.859375	673028.859375	484116.28125	1540157.609375	503317.359375	354209.03125	889743.734375	6155352.921875	1488041.84375	549611.53125	915411.09375	1111056.59375	268307.53125
scouleri	menziesii_BWS_104_5	davidsonii	21.983690652556415	0.0	0.652778960111234	12645302.9375	1886484.5	905528.625	868984.6875	603613.25	2021198.25	462123.3125	570406.0	1227026.6875	7168656.25	2320373.375	553347.75	779559.625	1543984.125	430556.625
scouleri	menziesii_OSTL_4	davidsonii	-2.631004758531629	0.9957433186182006	0.836607329266605	11922728.65625	924650.53125	1067696.90625	479698.65625	285434.25	1574375.34375	518291.21875	204451.5	320688.59375	5312192.53125	486232.6875	238263.25	918860.6875	744110.5625	93021.625
scouleri	menziesii_UWTL_1	davidsonii	-3.187847108425584	0.9992832537141457	0.7752503821491673	12247171.5625	1086827.8125	795417.5625	480165.75	247669.8125	1672420.5625	525451.0	258719.8125	369244.25	5455095.625	618841.5	215496.8125	889879.75	791216.0	104393.1875
scouleri	menziesii_UWTL_2	davidsonii	15.094356665056527	0.0	0.6398787272584603	12368283.34375	1632983.15625	1022790.78125	758246.71875	481145.0	1860540.84375	496365.15625	464538.75	961687.40625	6563542.65625	1753622.9375	492508.375	851372.5625	1340666.1875	330061.125
scouleri	menziesii_UWTL_22_SHL_19.68	davidsonii	-9.286648509503433	1.0	0.5229718311814966	11331152.28125	941396.28125	1665866.65625	477619.03125	341128.25	1337171.15625	617176.15625	198447.375	464177.96875	5036357.90625	638380.0625	402690.9375	1146608.5	711321.375	120300.0625
scouleri	menziesii_UWTL_5	davidsonii	15.483420168516414	0.0	0.6409915618146992	12303404.578125	1517882.796875	1020040.359375	698895.046875	453817.21875	1755573.484375	441001.671875	385699.46875	901457.359375	6501324.796875	1618638.96875	455502.71875	772293.34375	1199153.84375	281569.34375
scouleri	menziesii_UWTL_7	davidsonii	-7.530047337118071	0.9999999999999745	0.7233377987242401	11880846.0	924650.4375	1099540.5625	453524.75	251669.25	1545093.125	555663.4375	201069.25	288620.1875	5141953.875	411269.25	239785.375	986950.625	711405.25	82407.625
scouleri	menziesii_UWTL_8	davidsonii	2.811212644887272	0.0024678191230216306	0.4787985290343759	12152656.5	1208309.9375	980077.4375	557522.75	345047.875	1697259.4375	507509.625	306804.75	553453.875	5768270.3125	968666.375	303936.75	877139.875	919790.0	174076.5
