1 1 (0) 1 : 0.000349 0.999651
2 2 (0) 1 : 0.000324 0.999676
3 3 (0) 1 : 0.000507 0.999493
4 4 (0) 1 : 0.000377 0.999623
5 5 (0) 1 : 0.000371 0.999629
6 6 (0) 1 : 0.000390 0.999610
7 7 (0) 1 : 0.000357 0.999643
8 8 (0) 1 : 0.000118 0.999882
9 9 (0) 1 : 0.000219 0.999781
10 10 (0) 1 : 0.000273 0.999727
11 11 (0) 1 : 0.000368 0.999632
12 12 (0) 1 : 0.000252 0.999748
13 13 (0) 1 : 0.000322 0.999678
14 14 (0) 1 : 0.000317 0.999683
15 15 (0) 1 : 0.000332 0.999668
16 16 (0) 1 : 0.000346 0.999654
17 17 (0) 1 : 0.000371 0.999629
18 18 (0) 2 : 0.000452 0.999548
19 19 (0) 2 : 0.000727 0.999273
20 20 (0) 3 : 0.000263 0.999737
21 21 (0) 3 : 0.000273 0.999727
22 22 (0) 2 : 0.000508 0.999492
23 23 (0) 2 : 0.000704 0.999296
24 24 (0) 2 : 0.000490 0.999510
25 25 (0) 4 : 0.894136 0.105864
26 26 (0) 4 : 0.999664 0.000336
27 27 (0) 4 : 0.999431 0.000569
28 28 (0) 4 : 0.999612 0.000388
29 29 (0) 4 : 0.999321 0.000679
30 30 (0) 4 : 0.867641 0.132359
31 31 (0) 4 : 0.999567 0.000433
32 32 (0) 4 : 0.991085 0.008915
33 33 (0) 4 : 0.999596 0.000404
34 34 (0) 4 : 0.996047 0.003953
35 35 (0) 4 : 0.847733 0.152267
36 36 (0) 4 : 0.999740 0.000260
37 37 (0) 4 : 0.999716 0.000284
38 38 (0) 4 : 0.999668 0.000332
39 39 (0) 4 : 0.999692 0.000308
40 40 (0) 4 : 0.999740 0.000260
41 41 (0) 4 : 0.999556 0.000444
42 42 (0) 4 : 0.999590 0.000410
43 43 (0) 4 : 0.999563 0.000437
44 44 (0) 4 : 0.999491 0.000509
45 45 (0) 4 : 0.999630 0.000370
46 46 (0) 4 : 0.955547 0.044453
47 47 (0) 4 : 0.999566 0.000434
48 48 (0) 4 : 0.812137 0.187863
49 49 (0) 4 : 0.999637 0.000363
50 50 (0) 4 : 0.999624 0.000376
51 51 (0) 1 : 0.000241 0.999759
52 52 (0) 1 : 0.000250 0.999750
53 53 (0) 1 : 0.092234 0.907766
54 54 (0) 1 : 0.547343 0.452657
55 55 (0) 1 : 0.316946 0.683054
56 56 (0) 1 : 0.558502 0.441498
57 57 (0) 1 : 0.510027 0.489973
58 58 (0) 1 : 0.427911 0.572089
59 59 (0) 1 : 0.006283 0.993717
60 60 (0) 1 : 0.000347 0.999653
61 61 (0) 1 : 0.000210 0.999790
62 62 (0) 1 : 0.150688 0.849312
63 63 (0) 1 : 0.102134 0.897866
64 64 (0) 1 : 0.000348 0.999652
65 65 (0) 1 : 0.000326 0.999674
66 66 (0) 1 : 0.000359 0.999641
67 67 (0) 1 : 0.000324 0.999676
68 68 (0) 1 : 0.000390 0.999610
69 69 (0) 1 : 0.000420 0.999580
70 70 (0) 1 : 0.000290 0.999710
71 71 (0) 1 : 0.000349 0.999651
72 72 (0) 1 : 0.000372 0.999628
73 73 (0) 1 : 0.000332 0.999668
74 74 (0) 1 : 0.000218 0.999782
75 75 (0) 1 : 0.000210 0.999790
76 76 (0) 1 : 0.000472 0.999528
77 77 (0) 1 : 0.000367 0.999633
78 78 (0) 1 : 0.000344 0.999656
79 79 (0) 1 : 0.306531 0.693469
80 80 (0) 1 : 0.000207 0.999793
81 81 (0) 1 : 0.000257 0.999743
82 82 (0) 1 : 0.000248 0.999752
83 83 (0) 1 : 0.000507 0.999493
84 84 (0) 1 : 0.000736 0.999264
85 85 (0) 1 : 0.000212 0.999788
86 86 (0) 1 : 0.000218 0.999782
87 87 (0) 5 : 0.425955 0.574045
88 88 (0) 5 : 0.592911 0.407089
89 89 (0) 5 : 0.460446 0.539554
90 90 (0) 5 : 0.848393 0.151607
91 91 (0) 5 : 0.870804 0.129196
92 92 (0) 5 : 0.552924 0.447076
93 93 (0) 5 : 0.727948 0.272052
94 94 (0) 5 : 0.733820 0.266180
95 95 (0) 5 : 0.849332 0.150668
96 96 (0) 5 : 0.829203 0.170797
97 97 (0) 6 : 0.000331 0.999669
98 98 (0) 6 : 0.000310 0.999690
99 99 (0) 6 : 0.000300 0.999700
100 100 (0) 6 : 0.000234 0.999766
101 101 (0) 6 : 0.000240 0.999760
102 102 (0) 6 : 0.000215 0.999785
103 103 (0) 6 : 0.000321 0.999679
104 104 (0) 6 : 0.000351 0.999649
105 105 (0) 6 : 0.000538 0.999462
106 106 (0) 6 : 0.000416 0.999584
107 107 (0) 6 : 0.000373 0.999627
108 108 (0) 6 : 0.000360 0.999640
109 109 (0) 6 : 0.000711 0.999289
110 110 (0) 2 : 0.039494 0.960506
111 111 (0) 2 : 0.000469 0.999531
112 112 (0) 2 : 0.000525 0.999475
113 113 (0) 2 : 0.000672 0.999328
114 114 (0) 2 : 0.003597 0.996403
115 115 (0) 3 : 0.000232 0.999768
1 1 (0) 1 : 0.000351 0.999649
2 2 (0) 1 : 0.000333 0.999667
3 3 (0) 1 : 0.000599 0.999401
4 4 (0) 1 : 0.000392 0.999608
5 5 (0) 1 : 0.000387 0.999613
6 6 (0) 1 : 0.000428 0.999572
7 7 (0) 1 : 0.000357 0.999643
8 8 (0) 1 : 0.000233 0.999767
9 9 (0) 1 : 0.000222 0.999778
10 10 (0) 1 : 0.000281 0.999719
11 11 (0) 1 : 0.000370 0.999630
12 12 (0) 1 : 0.000254 0.999746
13 13 (0) 1 : 0.000327 0.999673
14 14 (0) 1 : 0.000319 0.999681
15 15 (0) 1 : 0.000332 0.999668
16 16 (0) 1 : 0.000350 0.999650
17 17 (0) 1 : 0.000382 0.999618
18 18 (0) 2 : 0.632441 0.367559
19 19 (0) 2 : 0.574381 0.425619
20 20 (0) 3 : 0.000323 0.999677
21 21 (0) 3 : 0.000363 0.999637
22 22 (0) 2 : 0.569544 0.430456
23 23 (0) 2 : 0.659727 0.340273
24 24 (0) 2 : 0.607178 0.392822
25 25 (0) 4 : 0.894759 0.105241
26 26 (0) 4 : 0.999694 0.000306
27 27 (0) 4 : 0.999451 0.000549
28 28 (0) 4 : 0.999621 0.000379
29 29 (0) 4 : 0.999409 0.000591
30 30 (0) 4 : 0.918197 0.081803
31 31 (0) 4 : 0.999592 0.000408
32 32 (0) 4 : 0.998145 0.001855
33 33 (0) 4 : 0.999618 0.000382
34 34 (0) 4 : 0.998949 0.001051
35 35 (0) 4 : 0.899034 0.100966
36 36 (0) 4 : 0.999730 0.000270
37 37 (0) 4 : 0.999706 0.000294
38 38 (0) 4 : 0.999663 0.000337
39 39 (0) 4 : 0.999688 0.000312
40 40 (0) 4 : 0.999896 0.000104
41 41 (0) 4 : 0.999571 0.000429
42 42 (0) 4 : 0.999599 0.000401
43 43 (0) 4 : 0.999570 0.000430
44 44 (0) 4 : 0.999485 0.000515
45 45 (0) 4 : 0.999642 0.000358
46 46 (0) 4 : 0.999394 0.000606
47 47 (0) 4 : 0.999599 0.000401
48 48 (0) 4 : 0.839250 0.160750
49 49 (0) 4 : 0.999642 0.000358
50 50 (0) 4 : 0.999634 0.000366
51 51 (0) 1 : 0.000263 0.999737
52 52 (0) 1 : 0.000255 0.999745
53 53 (0) 1 : 0.164196 0.835804
54 54 (0) 1 : 0.599170 0.400830
55 55 (0) 1 : 0.373526 0.626474
56 56 (0) 1 : 0.600313 0.399687
57 57 (0) 1 : 0.559250 0.440750
58 58 (0) 1 : 0.467643 0.532357
59 59 (0) 1 : 0.019092 0.980908
60 60 (0) 1 : 0.000349 0.999651
61 61 (0) 1 : 0.000216 0.999784
62 62 (0) 1 : 0.186804 0.813196
63 63 (0) 1 : 0.124222 0.875778
64 64 (0) 1 : 0.000350 0.999650
65 65 (0) 1 : 0.000330 0.999670
66 66 (0) 1 : 0.000362 0.999638
67 67 (0) 1 : 0.000331 0.999669
68 68 (0) 1 : 0.000400 0.999600
69 69 (0) 1 : 0.000428 0.999572
70 70 (0) 1 : 0.000293 0.999707
71 71 (0) 1 : 0.000348 0.999652
72 72 (0) 1 : 0.000374 0.999626
73 73 (0) 1 : 0.000339 0.999661
74 74 (0) 1 : 0.000217 0.999783
75 75 (0) 1 : 0.000210 0.999790
76 76 (0) 1 : 0.000471 0.999529
77 77 (0) 1 : 0.000373 0.999627
78 78 (0) 1 : 0.000355 0.999645
79 79 (0) 1 : 0.364651 0.635349
80 80 (0) 1 : 0.000215 0.999785
81 81 (0) 1 : 0.000339 0.999661
82 82 (0) 1 : 0.000269 0.999731
83 83 (0) 1 : 0.001779 0.998221
84 84 (0) 1 : 0.000837 0.999163
85 85 (0) 1 : 0.000218 0.999782
86 86 (0) 1 : 0.000232 0.999768
87 87 (0) 5 : 0.485366 0.514634
88 88 (0) 5 : 0.661537 0.338463
89 89 (0) 5 : 0.522637 0.477363
90 90 (0) 5 : 0.908374 0.091626
91 91 (0) 5 : 0.940929 0.059071
92 92 (0) 5 : 0.610630 0.389370
93 93 (0) 5 : 0.768499 0.231501
94 94 (0) 5 : 0.802687 0.197313
95 95 (0) 5 : 0.927687 0.072313
96 96 (0) 5 : 0.869548 0.130452
97 97 (0) 6 : 0.000335 0.999665
98 98 (0) 6 : 0.000314 0.999686
99 99 (0) 6 : 0.000308 0.999692
100 100 (0) 6 : 0.000229 0.999771
101 101 (0) 6 : 0.000237 0.999763
102 102 (0) 6 : 0.000214 0.999786
103 103 (0) 6 : 0.000324 0.999676
104 104 (0) 6 : 0.000358 0.999642
105 105 (0) 6 : 0.000423 0.999577
106 106 (0) 6 : 0.000410 0.999590
107 107 (0) 6 : 0.000360 0.999640
108 108 (0) 6 : 0.000365 0.999635
109 109 (0) 6 : 0.000479 0.999521
110 110 (0) 2 : 0.582703 0.417297
111 111 (0) 2 : 0.493150 0.506850
112 112 (0) 2 : 0.497152 0.502848
113 113 (0) 2 : 0.583037 0.416963
114 114 (0) 2 : 0.519604 0.480396
115 115 (0) 3 : 0.000279 0.999721
1 1 (0) 1 : 0.000351 0.999649
2 2 (0) 1 : 0.000333 0.999667
3 3 (0) 1 : 0.000598 0.999402
4 4 (0) 1 : 0.000392 0.999608
5 5 (0) 1 : 0.000387 0.999613
6 6 (0) 1 : 0.000428 0.999572
7 7 (0) 1 : 0.000357 0.999643
8 8 (0) 1 : 0.000123 0.999877
9 9 (0) 1 : 0.000222 0.999778
10 10 (0) 1 : 0.000281 0.999719
11 11 (0) 1 : 0.000370 0.999630
12 12 (0) 1 : 0.000254 0.999746
13 13 (0) 1 : 0.000327 0.999673
14 14 (0) 1 : 0.000319 0.999681
15 15 (0) 1 : 0.000332 0.999668
16 16 (0) 1 : 0.000350 0.999650
17 17 (0) 1 : 0.000382 0.999618
18 18 (0) 2 : 0.631805 0.368195
19 19 (0) 2 : 0.573787 0.426213
20 20 (0) 3 : 0.000323 0.999677
21 21 (0) 3 : 0.000362 0.999638
22 22 (0) 2 : 0.568967 0.431033
23 23 (0) 2 : 0.659030 0.340970
24 24 (0) 2 : 0.606527 0.393473
25 25 (0) 4 : 0.893863 0.106137
26 26 (0) 4 : 0.999693 0.000307
27 27 (0) 4 : 0.999451 0.000549
28 28 (0) 4 : 0.999621 0.000379
29 29 (0) 4 : 0.999409 0.000591
30 30 (0) 4 : 0.917578 0.082422
31 31 (0) 4 : 0.999592 0.000408
32 32 (0) 4 : 0.997944 0.002056
33 33 (0) 4 : 0.999618 0.000382
34 34 (0) 4 : 0.998896 0.001104
35 35 (0) 4 : 0.898146 0.101854
36 36 (0) 4 : 0.999730 0.000270
37 37 (0) 4 : 0.999706 0.000294
38 38 (0) 4 : 0.999662 0.000338
39 39 (0) 4 : 0.999688 0.000312
40 40 (0) 4 : 0.999731 0.000269
41 41 (0) 4 : 0.999571 0.000429
42 42 (0) 4 : 0.999599 0.000401
43 43 (0) 4 : 0.999569 0.000431
44 44 (0) 4 : 0.999485 0.000515
45 45 (0) 4 : 0.999642 0.000358
46 46 (0) 4 : 0.999391 0.000609
47 47 (0) 4 : 0.999599 0.000401
48 48 (0) 4 : 0.838769 0.161231
49 49 (0) 4 : 0.999642 0.000358
50 50 (0) 4 : 0.999634 0.000366
51 51 (0) 1 : 0.000263 0.999737
52 52 (0) 1 : 0.000255 0.999745
53 53 (0) 1 : 0.163778 0.836222
54 54 (0) 1 : 0.598710 0.401290
55 55 (0) 1 : 0.373093 0.626907
56 56 (0) 1 : 0.599922 0.400078
57 57 (0) 1 : 0.558888 0.441112
58 58 (0) 1 : 0.467280 0.532720
59 59 (0) 1 : 0.018846 0.981154
60 60 (0) 1 : 0.000349 0.999651
61 61 (0) 1 : 0.000216 0.999784
62 62 (0) 1 : 0.186676 0.813324
63 63 (0) 1 : 0.124161 0.875839
64 64 (0) 1 : 0.000350 0.999650
65 65 (0) 1 : 0.000330 0.999670
66 66 (0) 1 : 0.000362 0.999638
67 67 (0) 1 : 0.000331 0.999669
68 68 (0) 1 : 0.000400 0.999600
69 69 (0) 1 : 0.000428 0.999572
70 70 (0) 1 : 0.000293 0.999707
71 71 (0) 1 : 0.000348 0.999652
72 72 (0) 1 : 0.000374 0.999626
73 73 (0) 1 : 0.000339 0.999661
74 74 (0) 1 : 0.000217 0.999783
75 75 (0) 1 : 0.000210 0.999790
76 76 (0) 1 : 0.000470 0.999530
77 77 (0) 1 : 0.000373 0.999627
78 78 (0) 1 : 0.000355 0.999645
79 79 (0) 1 : 0.364323 0.635677
80 80 (0) 1 : 0.000215 0.999785
81 81 (0) 1 : 0.000339 0.999661
82 82 (0) 1 : 0.000269 0.999731
83 83 (0) 1 : 0.001605 0.998395
84 84 (0) 1 : 0.000835 0.999165
85 85 (0) 1 : 0.000218 0.999782
86 86 (0) 1 : 0.000232 0.999768
87 87 (0) 5 : 0.484796 0.515204
88 88 (0) 5 : 0.660859 0.339141
89 89 (0) 5 : 0.522026 0.477974
90 90 (0) 5 : 0.906866 0.093134
91 91 (0) 5 : 0.939197 0.060803
92 92 (0) 5 : 0.609986 0.390014
93 93 (0) 5 : 0.767742 0.232258
94 94 (0) 5 : 0.801611 0.198389
95 95 (0) 5 : 0.926824 0.073176
96 96 (0) 5 : 0.868881 0.131119
97 97 (0) 6 : 0.000335 0.999665
98 98 (0) 6 : 0.000314 0.999686
99 99 (0) 6 : 0.000308 0.999692
100 100 (0) 6 : 0.000229 0.999771
101 101 (0) 6 : 0.000237 0.999763
102 102 (0) 6 : 0.000214 0.999786
103 103 (0) 6 : 0.000324 0.999676
104 104 (0) 6 : 0.000358 0.999642
105 105 (0) 6 : 0.000423 0.999577
106 106 (0) 6 : 0.000410 0.999590
107 107 (0) 6 : 0.000360 0.999640
108 108 (0) 6 : 0.000365 0.999635
109 109 (0) 6 : 0.000479 0.999521
110 110 (0) 2 : 0.582112 0.417888
111 111 (0) 2 : 0.492597 0.507403
112 112 (0) 2 : 0.496548 0.503452
113 113 (0) 2 : 0.582414 0.417586
114 114 (0) 2 : 0.519008 0.480992
115 115 (0) 3 : 0.000279 0.999721
1 1 (0) 1 : 0.000349 0.999651
2 2 (0) 1 : 0.000324 0.999676
3 3 (0) 1 : 0.000507 0.999493
4 4 (0) 1 : 0.000377 0.999623
5 5 (0) 1 : 0.000371 0.999629
6 6 (0) 1 : 0.000390 0.999610
7 7 (0) 1 : 0.000357 0.999643
8 8 (0) 1 : 0.000231 0.999769
9 9 (0) 1 : 0.000219 0.999781
10 10 (0) 1 : 0.000273 0.999727
11 11 (0) 1 : 0.000368 0.999632
12 12 (0) 1 : 0.000252 0.999748
13 13 (0) 1 : 0.000322 0.999678
14 14 (0) 1 : 0.000317 0.999683
15 15 (0) 1 : 0.000332 0.999668
16 16 (0) 1 : 0.000346 0.999654
17 17 (0) 1 : 0.000372 0.999628
18 18 (0) 2 : 0.000449 0.999551
19 19 (0) 2 : 0.000721 0.999279
20 20 (0) 3 : 0.000263 0.999737
21 21 (0) 3 : 0.000273 0.999727
22 22 (0) 2 : 0.000507 0.999493
23 23 (0) 2 : 0.000681 0.999319
24 24 (0) 2 : 0.000486 0.999514
25 25 (0) 4 : 0.895458 0.104542
26 26 (0) 4 : 0.999664 0.000336
27 27 (0) 4 : 0.999432 0.000568
28 28 (0) 4 : 0.999612 0.000388
29 29 (0) 4 : 0.999323 0.000677
30 30 (0) 4 : 0.867827 0.132173
31 31 (0) 4 : 0.999567 0.000433
32 32 (0) 4 : 0.993297 0.006703
33 33 (0) 4 : 0.999596 0.000404
34 34 (0) 4 : 0.997308 0.002692
35 35 (0) 4 : 0.848604 0.151396
36 36 (0) 4 : 0.999741 0.000259
37 37 (0) 4 : 0.999716 0.000284
38 38 (0) 4 : 0.999668 0.000332
39 39 (0) 4 : 0.999692 0.000308
40 40 (0) 4 : 0.999740 0.000260
41 41 (0) 4 : 0.999556 0.000444
42 42 (0) 4 : 0.999590 0.000410
43 43 (0) 4 : 0.999563 0.000437
44 44 (0) 4 : 0.999491 0.000509
45 45 (0) 4 : 0.999630 0.000370
46 46 (0) 4 : 0.955867 0.044133
47 47 (0) 4 : 0.999566 0.000434
48 48 (0) 4 : 0.812487 0.187513
49 49 (0) 4 : 0.999637 0.000363
50 50 (0) 4 : 0.999624 0.000376
51 51 (0) 1 : 0.000241 0.999759
52 52 (0) 1 : 0.000250 0.999750
53 53 (0) 1 : 0.092096 0.907904
54 54 (0) 1 : 0.547367 0.452633
55 55 (0) 1 : 0.316979 0.683021
56 56 (0) 1 : 0.558586 0.441414
57 57 (0) 1 : 0.510025 0.489975
58 58 (0) 1 : 0.427953 0.572047
59 59 (0) 1 : 0.006873 0.993127
60 60 (0) 1 : 0.000347 0.999653
61 61 (0) 1 : 0.000210 0.999790
62 62 (0) 1 : 0.150682 0.849318
63 63 (0) 1 : 0.102145 0.897855
64 64 (0) 1 : 0.000348 0.999652
65 65 (0) 1 : 0.000326 0.999674
66 66 (0) 1 : 0.000359 0.999641
67 67 (0) 1 : 0.000324 0.999676
68 68 (0) 1 : 0.000390 0.999610
69 69 (0) 1 : 0.000421 0.999579
70 70 (0) 1 : 0.000290 0.999710
71 71 (0) 1 : 0.000349 0.999651
72 72 (0) 1 : 0.000372 0.999628
73 73 (0) 1 : 0.000332 0.999668
74 74 (0) 1 : 0.000218 0.999782
75 75 (0) 1 : 0.000210 0.999790
76 76 (0) 1 : 0.000472 0.999528
77 77 (0) 1 : 0.000367 0.999633
78 78 (0) 1 : 0.000344 0.999656
79 79 (0) 1 : 0.306650 0.693350
80 80 (0) 1 : 0.000207 0.999793
81 81 (0) 1 : 0.000257 0.999743
82 82 (0) 1 : 0.000248 0.999752
83 83 (0) 1 : 0.000506 0.999494
84 84 (0) 1 : 0.000736 0.999264
85 85 (0) 1 : 0.000212 0.999788
86 86 (0) 1 : 0.000218 0.999782
87 87 (0) 5 : 0.426231 0.573769
88 88 (0) 5 : 0.593272 0.406728
89 89 (0) 5 : 0.460783 0.539217
90 90 (0) 5 : 0.848692 0.151308
91 91 (0) 5 : 0.871113 0.128887
92 92 (0) 5 : 0.553241 0.446759
93 93 (0) 5 : 0.728293 0.271707
94 94 (0) 5 : 0.734284 0.265716
95 95 (0) 5 : 0.849647 0.150353
96 96 (0) 5 : 0.829460 0.170540
97 97 (0) 6 : 0.000331 0.999669
98 98 (0) 6 : 0.000310 0.999690
99 99 (0) 6 : 0.000300 0.999700
100 100 (0) 6 : 0.000164 0.999836
101 101 (0) 6 : 0.000240 0.999760
102 102 (0) 6 : 0.000215 0.999785
103 103 (0) 6 : 0.000321 0.999679
104 104 (0) 6 : 0.000351 0.999649
105 105 (0) 6 : 0.000538 0.999462
106 106 (0) 6 : 0.000416 0.999584
107 107 (0) 6 : 0.000373 0.999627
108 108 (0) 6 : 0.000361 0.999639
109 109 (0) 6 : 0.000724 0.999276
110 110 (0) 2 : 0.035868 0.964132
111 111 (0) 2 : 0.000468 0.999532
112 112 (0) 2 : 0.000525 0.999475
113 113 (0) 2 : 0.000665 0.999335
114 114 (0) 2 : 0.002016 0.997984
115 115 (0) 3 : 0.000232 0.999768
1 1 (0) 1 : 0.000349 0.999651
2 2 (0) 1 : 0.000324 0.999676
3 3 (0) 1 : 0.000507 0.999493
4 4 (0) 1 : 0.000377 0.999623
5 5 (0) 1 : 0.000371 0.999629
6 6 (0) 1 : 0.000390 0.999610
7 7 (0) 1 : 0.000357 0.999643
8 8 (0) 1 : 0.000231 0.999769
9 9 (0) 1 : 0.000219 0.999781
10 10 (0) 1 : 0.000273 0.999727
11 11 (0) 1 : 0.000368 0.999632
12 12 (0) 1 : 0.000252 0.999748
13 13 (0) 1 : 0.000322 0.999678
14 14 (0) 1 : 0.000317 0.999683
15 15 (0) 1 : 0.000332 0.999668
16 16 (0) 1 : 0.000346 0.999654
17 17 (0) 1 : 0.000372 0.999628
18 18 (0) 2 : 0.000452 0.999548
19 19 (0) 2 : 0.000729 0.999271
20 20 (0) 3 : 0.000263 0.999737
21 21 (0) 3 : 0.000273 0.999727
22 22 (0) 2 : 0.000508 0.999492
23 23 (0) 2 : 0.000699 0.999301
24 24 (0) 2 : 0.000489 0.999511
25 25 (0) 4 : 0.895578 0.104422
26 26 (0) 4 : 0.999664 0.000336
27 27 (0) 4 : 0.999432 0.000568
28 28 (0) 4 : 0.999613 0.000387
29 29 (0) 4 : 0.999324 0.000676
30 30 (0) 4 : 0.867952 0.132048
31 31 (0) 4 : 0.999567 0.000433
32 32 (0) 4 : 0.994111 0.005889
33 33 (0) 4 : 0.999596 0.000404
34 34 (0) 4 : 0.996633 0.003367
35 35 (0) 4 : 0.848703 0.151297
36 36 (0) 4 : 0.999741 0.000259
37 37 (0) 4 : 0.999716 0.000284
38 38 (0) 4 : 0.999668 0.000332
39 39 (0) 4 : 0.999692 0.000308
40 40 (0) 4 : 0.999740 0.000260
41 41 (0) 4 : 0.999557 0.000443
42 42 (0) 4 : 0.999590 0.000410
43 43 (0) 4 : 0.999563 0.000437
44 44 (0) 4 : 0.999491 0.000509
45 45 (0) 4 : 0.999630 0.000370
46 46 (0) 4 : 0.956210 0.043790
47 47 (0) 4 : 0.999567 0.000433
48 48 (0) 4 : 0.812595 0.187405
49 49 (0) 4 : 0.999637 0.000363
50 50 (0) 4 : 0.999624 0.000376
51 51 (0) 1 : 0.000241 0.999759
52 52 (0) 1 : 0.000250 0.999750
53 53 (0) 1 : 0.092349 0.907651
54 54 (0) 1 : 0.547589 0.452411
55 55 (0) 1 : 0.317198 0.682802
56 56 (0) 1 : 0.558791 0.441209
57 57 (0) 1 : 0.510251 0.489749
58 58 (0) 1 : 0.428155 0.571845
59 59 (0) 1 : 0.007744 0.992256
60 60 (0) 1 : 0.000347 0.999653
61 61 (0) 1 : 0.000210 0.999790
62 62 (0) 1 : 0.150748 0.849252
63 63 (0) 1 : 0.102169 0.897831
64 64 (0) 1 : 0.000348 0.999652
65 65 (0) 1 : 0.000326 0.999674
66 66 (0) 1 : 0.000359 0.999641
67 67 (0) 1 : 0.000324 0.999676
68 68 (0) 1 : 0.000390 0.999610
69 69 (0) 1 : 0.000421 0.999579
70 70 (0) 1 : 0.000290 0.999710
71 71 (0) 1 : 0.000349 0.999651
72 72 (0) 1 : 0.000372 0.999628
73 73 (0) 1 : 0.000332 0.999668
74 74 (0) 1 : 0.000218 0.999782
75 75 (0) 1 : 0.000170 0.999830
76 76 (0) 1 : 0.000472 0.999528
77 77 (0) 1 : 0.000367 0.999633
78 78 (0) 1 : 0.000344 0.999656
79 79 (0) 1 : 0.306784 0.693216
80 80 (0) 1 : 0.000207 0.999793
81 81 (0) 1 : 0.000257 0.999743
82 82 (0) 1 : 0.000248 0.999752
83 83 (0) 1 : 0.000507 0.999493
84 84 (0) 1 : 0.000736 0.999264
85 85 (0) 1 : 0.000212 0.999788
86 86 (0) 1 : 0.000218 0.999782
87 87 (0) 5 : 0.426396 0.573604
88 88 (0) 5 : 0.593460 0.406540
89 89 (0) 5 : 0.460865 0.539135
90 90 (0) 5 : 0.848881 0.151119
91 91 (0) 5 : 0.871327 0.128673
92 92 (0) 5 : 0.553380 0.446620
93 93 (0) 5 : 0.728446 0.271554
94 94 (0) 5 : 0.734437 0.265563
95 95 (0) 5 : 0.849931 0.150069
96 96 (0) 5 : 0.829657 0.170343
97 97 (0) 6 : 0.000331 0.999669
98 98 (0) 6 : 0.000310 0.999690
99 99 (0) 6 : 0.000300 0.999700
100 100 (0) 6 : 0.000234 0.999766
101 101 (0) 6 : 0.000240 0.999760
102 102 (0) 6 : 0.000215 0.999785
103 103 (0) 6 : 0.000321 0.999679
104 104 (0) 6 : 0.000351 0.999649
105 105 (0) 6 : 0.000538 0.999462
106 106 (0) 6 : 0.000416 0.999584
107 107 (0) 6 : 0.000373 0.999627
108 108 (0) 6 : 0.000361 0.999639
109 109 (0) 6 : 0.000814 0.999186
110 110 (0) 2 : 0.038780 0.961220
111 111 (0) 2 : 0.000469 0.999531
112 112 (0) 2 : 0.000525 0.999475
113 113 (0) 2 : 0.000671 0.999329
114 114 (0) 2 : 0.003084 0.996916
115 115 (0) 3 : 0.000232 0.999768
