1 1 (0) 1 : 0.999769 0.000077 0.000077 0.000077
2 2 (0) 1 : 0.999779 0.000073 0.000073 0.000074
3 3 (0) 1 : 0.999765 0.000078 0.000078 0.000079
4 4 (0) 1 : 0.999764 0.000079 0.000079 0.000079
5 5 (0) 1 : 0.999755 0.000082 0.000082 0.000082
6 6 (0) 1 : 0.999763 0.000079 0.000079 0.000079
7 7 (0) 1 : 0.999746 0.000085 0.000085 0.000085
8 8 (0) 1 : 0.999822 0.000059 0.000060 0.000060
9 9 (0) 1 : 0.999832 0.000056 0.000056 0.000056
10 10 (0) 1 : 0.999803 0.000065 0.000066 0.000066
11 11 (0) 1 : 0.999771 0.000076 0.000076 0.000077
12 12 (0) 1 : 0.999813 0.000062 0.000062 0.000063
13 13 (0) 1 : 0.999775 0.000075 0.000075 0.000075
14 14 (0) 1 : 0.999773 0.000076 0.000076 0.000076
15 15 (0) 1 : 0.999772 0.000076 0.000076 0.000076
16 16 (0) 1 : 0.999759 0.000080 0.000080 0.000080
17 17 (0) 1 : 0.999739 0.000087 0.000087 0.000087
18 18 (0) 2 : 0.000060 0.000058 0.999823 0.000059
19 19 (0) 2 : 0.000077 0.000076 0.999771 0.000076
20 20 (0) 3 : 0.936996 0.000059 0.062884 0.000060
21 21 (0) 3 : 0.948601 0.000062 0.051275 0.000063
22 22 (0) 2 : 0.000078 0.000077 0.999768 0.000078
23 23 (0) 2 : 0.000060 0.000059 0.999821 0.000060
24 24 (0) 2 : 0.000058 0.000057 0.999827 0.000058
25 25 (0) 4 : 0.000070 0.000069 0.000069 0.999792
26 26 (0) 4 : 0.000061 0.000061 0.000060 0.999818
27 27 (0) 4 : 0.000090 0.000089 0.000089 0.999732
28 28 (0) 4 : 0.000079 0.000078 0.000078 0.999764
29 29 (0) 4 : 0.000093 0.000092 0.000092 0.999723
30 30 (0) 4 : 0.133500 0.000103 0.000103 0.866294
31 31 (0) 4 : 0.000084 0.000084 0.000084 0.999748
32 32 (0) 4 : 0.000089 0.000088 0.000088 0.999736
33 33 (0) 4 : 0.000075 0.000075 0.000075 0.999775
34 34 (0) 4 : 0.006469 0.000057 0.000058 0.993416
35 35 (0) 4 : 0.144373 0.000055 0.000056 0.855516
36 36 (0) 4 : 0.000056 0.000055 0.000056 0.999833
37 37 (0) 4 : 0.000057 0.000056 0.000056 0.999831
38 38 (0) 4 : 0.000072 0.000072 0.000072 0.999785
39 39 (0) 4 : 0.000060 0.000059 0.000059 0.999822
40 40 (0) 4 : 0.000056 0.000055 0.000055 0.999834
41 41 (0) 4 : 0.000080 0.000079 0.000079 0.999762
42 42 (0) 4 : 0.000077 0.000077 0.000077 0.999770
43 43 (0) 4 : 0.000080 0.000080 0.000080 0.999760
44 44 (0) 4 : 0.000078 0.000077 0.000077 0.999768
45 45 (0) 4 : 0.000078 0.000078 0.000078 0.999766
46 46 (0) 4 : 0.000078 0.000078 0.000078 0.999766
47 47 (0) 4 : 0.000081 0.000080 0.000080 0.999759
48 48 (0) 4 : 0.146568 0.000075 0.000076 0.853281
49 49 (0) 4 : 0.000075 0.000074 0.000074 0.999777
50 50 (0) 4 : 0.000077 0.000076 0.000076 0.999771
51 51 (0) 1 : 0.999848 0.000050 0.000051 0.000051
52 52 (0) 1 : 0.999840 0.000053 0.000053 0.000054
53 53 (0) 1 : 0.926967 0.000086 0.072860 0.000087
54 54 (0) 1 : 0.880937 0.000059 0.118942 0.000061
55 55 (0) 1 : 0.683414 0.000092 0.000092 0.316402
56 56 (0) 1 : 0.534141 0.000057 0.000058 0.465744
57 57 (0) 1 : 0.610611 0.000054 0.000055 0.389280
58 58 (0) 1 : 0.664397 0.000074 0.000075 0.335454
59 59 (0) 1 : 0.999783 0.000072 0.000073 0.000073
60 60 (0) 1 : 0.999777 0.000074 0.000074 0.000075
61 61 (0) 1 : 0.999845 0.000051 0.000052 0.000052
62 62 (0) 1 : 0.999801 0.000066 0.000066 0.000067
63 63 (0) 1 : 0.999792 0.000069 0.000069 0.000070
64 64 (0) 1 : 0.999769 0.000077 0.000077 0.000077
65 65 (0) 1 : 0.999774 0.000075 0.000075 0.000076
66 66 (0) 1 : 0.999749 0.000083 0.000084 0.000084
67 67 (0) 1 : 0.999778 0.000074 0.000074 0.000074
68 68 (0) 1 : 0.999743 0.000086 0.000086 0.000086
69 69 (0) 1 : 0.999725 0.000092 0.000092 0.000092
70 70 (0) 1 : 0.999791 0.000070 0.000070 0.000070
71 71 (0) 1 : 0.999755 0.000081 0.000082 0.000082
72 72 (0) 1 : 0.999760 0.000080 0.000080 0.000080
73 73 (0) 1 : 0.999777 0.000074 0.000074 0.000075
74 74 (0) 1 : 0.999843 0.000052 0.000053 0.000053
75 75 (0) 1 : 0.999845 0.000051 0.000052 0.000052
76 76 (0) 1 : 0.999693 0.000102 0.000102 0.000103
77 77 (0) 1 : 0.999758 0.000080 0.000080 0.000081
78 78 (0) 1 : 0.999762 0.000079 0.000079 0.000079
79 79 (0) 1 : 0.807970 0.000066 0.000066 0.191898
80 80 (0) 1 : 0.999845 0.000051 0.000052 0.000052
81 81 (0) 1 : 0.999844 0.000051 0.000052 0.000052
82 82 (0) 1 : 0.999826 0.000058 0.000058 0.000058
83 83 (0) 1 : 0.951980 0.047868 0.000076 0.000076
84 84 (0) 1 : 0.999691 0.000102 0.000103 0.000103
85 85 (0) 1 : 0.999842 0.000052 0.000053 0.000053
86 86 (0) 1 : 0.999845 0.000051 0.000052 0.000052
87 87 (0) 5 : 0.500499 0.000080 0.000081 0.499340
88 88 (0) 5 : 0.363398 0.000069 0.000070 0.636463
89 89 (0) 5 : 0.531430 0.000054 0.000055 0.468461
90 90 (0) 5 : 0.159142 0.000080 0.000080 0.840698
91 91 (0) 5 : 0.081972 0.000076 0.000076 0.917876
92 92 (0) 5 : 0.398049 0.000061 0.000062 0.601828
93 93 (0) 5 : 0.293318 0.000085 0.000086 0.706511
94 94 (0) 5 : 0.235516 0.000064 0.000065 0.764356
95 95 (0) 5 : 0.083668 0.000083 0.000083 0.916166
96 96 (0) 5 : 0.233098 0.000073 0.000073 0.766756
97 97 (0) 6 : 0.779851 0.220003 0.000073 0.000073
98 98 (0) 6 : 0.814513 0.185346 0.000070 0.000070
99 99 (0) 6 : 0.835030 0.164829 0.000071 0.000071
100 100 (0) 6 : 0.999829 0.000057 0.000057 0.000057
101 101 (0) 6 : 0.999830 0.000057 0.000057 0.000057
102 102 (0) 6 : 0.999839 0.000054 0.000053 0.000054
103 103 (0) 6 : 0.860580 0.139276 0.000072 0.000072
104 104 (0) 6 : 0.000077 0.999771 0.000076 0.000076
105 105 (0) 6 : 0.000075 0.999776 0.000074 0.000075
106 106 (0) 6 : 0.000085 0.999747 0.000084 0.000084
107 107 (0) 6 : 0.000076 0.999775 0.000075 0.000075
108 108 (0) 6 : 0.000080 0.999762 0.000079 0.000079
109 109 (0) 6 : 0.000078 0.999767 0.000077 0.000078
110 110 (0) 2 : 0.000060 0.000059 0.999821 0.000060
111 111 (0) 2 : 0.000077 0.000076 0.999770 0.000077
112 112 (0) 2 : 0.000078 0.000077 0.999766 0.000078
113 113 (0) 2 : 0.000072 0.000071 0.999786 0.000071
114 114 (0) 2 : 0.000075 0.000074 0.999777 0.000074
115 115 (0) 3 : 0.875756 0.000052 0.124139 0.000053
1 1 (0) 1 : 0.999768 0.000077 0.000077 0.000077
2 2 (0) 1 : 0.999779 0.000074 0.000074 0.000074
3 3 (0) 1 : 0.999764 0.000079 0.000078 0.000079
4 4 (0) 1 : 0.999763 0.000079 0.000079 0.000079
5 5 (0) 1 : 0.999754 0.000082 0.000082 0.000082
6 6 (0) 1 : 0.999763 0.000079 0.000079 0.000079
7 7 (0) 1 : 0.999746 0.000085 0.000085 0.000085
8 8 (0) 1 : 0.999821 0.000060 0.000060 0.000059
9 9 (0) 1 : 0.999832 0.000056 0.000056 0.000056
10 10 (0) 1 : 0.999803 0.000066 0.000066 0.000066
11 11 (0) 1 : 0.999770 0.000077 0.000076 0.000077
12 12 (0) 1 : 0.999813 0.000063 0.000062 0.000062
13 13 (0) 1 : 0.999774 0.000075 0.000075 0.000075
14 14 (0) 1 : 0.999772 0.000076 0.000076 0.000076
15 15 (0) 1 : 0.999771 0.000076 0.000076 0.000076
16 16 (0) 1 : 0.999759 0.000080 0.000080 0.000080
17 17 (0) 1 : 0.999739 0.000087 0.000087 0.000087
18 18 (0) 2 : 0.000060 0.000059 0.999823 0.000058
19 19 (0) 2 : 0.000077 0.000076 0.999771 0.000076
20 20 (0) 3 : 0.950344 0.000060 0.049536 0.000059
21 21 (0) 3 : 0.963256 0.000063 0.036620 0.000062
22 22 (0) 2 : 0.000078 0.000078 0.999768 0.000077
23 23 (0) 2 : 0.000060 0.000060 0.999821 0.000059
24 24 (0) 2 : 0.000058 0.000058 0.999826 0.000057
25 25 (0) 4 : 0.127770 0.872092 0.000069 0.000069
26 26 (0) 4 : 0.000061 0.999818 0.000060 0.000061
27 27 (0) 4 : 0.000090 0.999731 0.000089 0.000089
28 28 (0) 4 : 0.000079 0.999764 0.000079 0.000078
29 29 (0) 4 : 0.000093 0.999723 0.000092 0.000092
30 30 (0) 4 : 0.127711 0.872082 0.000103 0.000103
31 31 (0) 4 : 0.000085 0.999747 0.000084 0.000084
32 32 (0) 4 : 0.000089 0.999735 0.000088 0.000088
33 33 (0) 4 : 0.000076 0.999775 0.000075 0.000075
34 34 (0) 4 : 0.118812 0.881072 0.000058 0.000057
35 35 (0) 4 : 0.223484 0.776405 0.000056 0.000055
36 36 (0) 4 : 0.000056 0.999833 0.000056 0.000055
37 37 (0) 4 : 0.000057 0.999831 0.000056 0.000056
38 38 (0) 4 : 0.000072 0.999784 0.000072 0.000072
39 39 (0) 4 : 0.000060 0.999822 0.000059 0.000059
40 40 (0) 4 : 0.000056 0.999834 0.000055 0.000055
41 41 (0) 4 : 0.000080 0.999762 0.000079 0.000079
42 42 (0) 4 : 0.000077 0.999769 0.000077 0.000077
43 43 (0) 4 : 0.000081 0.999760 0.000080 0.000080
44 44 (0) 4 : 0.000078 0.999768 0.000077 0.000077
45 45 (0) 4 : 0.000078 0.999766 0.000078 0.000078
46 46 (0) 4 : 0.000078 0.999766 0.000078 0.000078
47 47 (0) 4 : 0.000081 0.999759 0.000080 0.000080
48 48 (0) 4 : 0.191018 0.808831 0.000076 0.000076
49 49 (0) 4 : 0.000075 0.999777 0.000074 0.000074
50 50 (0) 4 : 0.000077 0.999771 0.000076 0.000076
51 51 (0) 1 : 0.999848 0.000051 0.000051 0.000050
52 52 (0) 1 : 0.999840 0.000054 0.000053 0.000053
53 53 (0) 1 : 0.888802 0.111025 0.000087 0.000086
54 54 (0) 1 : 0.476135 0.523747 0.000060 0.000059
55 55 (0) 1 : 0.637871 0.361945 0.000092 0.000092
56 56 (0) 1 : 0.462449 0.537436 0.000058 0.000057
57 57 (0) 1 : 0.527327 0.472563 0.000055 0.000055
58 58 (0) 1 : 0.598261 0.401591 0.000075 0.000074
59 59 (0) 1 : 0.999783 0.000073 0.000073 0.000072
60 60 (0) 1 : 0.999777 0.000075 0.000074 0.000074
61 61 (0) 1 : 0.999845 0.000052 0.000052 0.000051
62 62 (0) 1 : 0.809824 0.190044 0.000066 0.000066
63 63 (0) 1 : 0.882495 0.117366 0.000069 0.000069
64 64 (0) 1 : 0.999769 0.000077 0.000077 0.000077
65 65 (0) 1 : 0.999774 0.000076 0.000075 0.000076
66 66 (0) 1 : 0.999749 0.000084 0.000084 0.000084
67 67 (0) 1 : 0.999777 0.000074 0.000074 0.000074
68 68 (0) 1 : 0.999742 0.000086 0.000086 0.000086
69 69 (0) 1 : 0.999725 0.000092 0.000092 0.000092
70 70 (0) 1 : 0.999790 0.000070 0.000070 0.000070
71 71 (0) 1 : 0.999754 0.000082 0.000082 0.000082
72 72 (0) 1 : 0.999760 0.000080 0.000080 0.000080
73 73 (0) 1 : 0.999776 0.000075 0.000074 0.000074
74 74 (0) 1 : 0.999842 0.000053 0.000053 0.000052
75 75 (0) 1 : 0.999844 0.000052 0.000052 0.000052
76 76 (0) 1 : 0.999692 0.000103 0.000102 0.000103
77 77 (0) 1 : 0.999758 0.000081 0.000081 0.000081
78 78 (0) 1 : 0.999762 0.000079 0.000079 0.000079
79 79 (0) 1 : 0.737963 0.261905 0.000066 0.000066
80 80 (0) 1 : 0.999845 0.000052 0.000052 0.000051
81 81 (0) 1 : 0.999844 0.000052 0.000052 0.000052
82 82 (0) 1 : 0.999826 0.000058 0.000058 0.000058
83 83 (0) 1 : 0.900863 0.000076 0.000076 0.098985
84 84 (0) 1 : 0.999691 0.000103 0.000103 0.000103
85 85 (0) 1 : 0.999842 0.000053 0.000053 0.000053
86 86 (0) 1 : 0.999844 0.000052 0.000052 0.000052
87 87 (0) 5 : 0.521107 0.478732 0.000081 0.000080
88 88 (0) 5 : 0.394676 0.605186 0.000070 0.000069
89 89 (0) 5 : 0.559379 0.440512 0.000055 0.000054
90 90 (0) 5 : 0.158776 0.841064 0.000080 0.000080
91 91 (0) 5 : 0.075883 0.923965 0.000076 0.000076
92 92 (0) 5 : 0.416017 0.583860 0.000062 0.000061
93 93 (0) 5 : 0.303898 0.695931 0.000086 0.000085
94 94 (0) 5 : 0.303431 0.696441 0.000065 0.000064
95 95 (0) 5 : 0.075276 0.924558 0.000083 0.000083
96 96 (0) 5 : 0.234302 0.765552 0.000073 0.000073
97 97 (0) 6 : 0.000074 0.000073 0.000073 0.999780
98 98 (0) 6 : 0.665368 0.000071 0.000070 0.334492
99 99 (0) 6 : 0.689440 0.000071 0.000071 0.310419
100 100 (0) 6 : 0.999828 0.000057 0.000057 0.000058
101 101 (0) 6 : 0.999829 0.000057 0.000057 0.000057
102 102 (0) 6 : 0.999838 0.000054 0.000054 0.000054
103 103 (0) 6 : 0.000073 0.000072 0.000072 0.999783
104 104 (0) 6 : 0.000077 0.000076 0.000076 0.999771
105 105 (0) 6 : 0.000075 0.000075 0.000074 0.999776
106 106 (0) 6 : 0.000085 0.000084 0.000084 0.999747
107 107 (0) 6 : 0.000076 0.000075 0.000075 0.999775
108 108 (0) 6 : 0.000080 0.000079 0.000079 0.999763
109 109 (0) 6 : 0.000078 0.000077 0.000077 0.999768
110 110 (0) 2 : 0.210708 0.000060 0.789173 0.000059
111 111 (0) 2 : 0.000077 0.000077 0.999770 0.000076
112 112 (0) 2 : 0.000078 0.000078 0.999766 0.000078
113 113 (0) 2 : 0.000072 0.000071 0.999786 0.000071
114 114 (0) 2 : 0.000075 0.000074 0.999777 0.000074
115 115 (0) 3 : 0.895659 0.000053 0.104235 0.000052
