1 1 (0) 1 : 0.044093 0.955786 0.000120
2 2 (0) 1 : 0.000116 0.999770 0.000114
3 3 (0) 1 : 0.036486 0.963390 0.000124
4 4 (0) 1 : 0.000124 0.999754 0.000122
5 5 (0) 1 : 0.000129 0.999744 0.000127
6 6 (0) 1 : 0.000125 0.999752 0.000123
7 7 (0) 1 : 0.000132 0.999737 0.000131
8 8 (0) 1 : 0.000092 0.999816 0.000092
9 9 (0) 1 : 0.000088 0.999826 0.000086
10 10 (0) 1 : 0.000102 0.999796 0.000102
11 11 (0) 1 : 0.000119 0.999762 0.000119
12 12 (0) 1 : 0.000097 0.999807 0.000096
13 13 (0) 1 : 0.000117 0.999767 0.000116
14 14 (0) 1 : 0.000118 0.999765 0.000117
15 15 (0) 1 : 0.000118 0.999765 0.000117
16 16 (0) 1 : 0.000125 0.999751 0.000124
17 17 (0) 1 : 0.000136 0.999730 0.000134
18 18 (0) 2 : 0.000086 0.999822 0.000093
19 19 (0) 2 : 0.000116 0.999764 0.000120
20 20 (0) 3 : 0.000093 0.999814 0.000093
21 21 (0) 3 : 0.000081 0.999822 0.000096
22 22 (0) 2 : 0.000119 0.999760 0.000121
23 23 (0) 2 : 0.000089 0.999817 0.000094
24 24 (0) 2 : 0.000084 0.999825 0.000091
25 25 (0) 4 : 0.000107 0.000111 0.999782
26 26 (0) 4 : 0.000093 0.000095 0.999813
27 27 (0) 4 : 0.000136 0.000140 0.999724
28 28 (0) 4 : 0.000120 0.000122 0.999758
29 29 (0) 4 : 0.000141 0.000144 0.999715
30 30 (0) 4 : 0.000160 0.104784 0.895055
31 31 (0) 4 : 0.000128 0.000131 0.999741
32 32 (0) 4 : 0.000136 0.000139 0.999725
33 33 (0) 4 : 0.000114 0.000117 0.999769
34 34 (0) 4 : 0.000089 0.000092 0.999818
35 35 (0) 4 : 0.000085 0.097901 0.902014
36 36 (0) 4 : 0.000087 0.000087 0.999827
37 37 (0) 4 : 0.000087 0.000088 0.999825
38 38 (0) 4 : 0.000110 0.000111 0.999778
39 39 (0) 4 : 0.000091 0.000093 0.999817
40 40 (0) 4 : 0.000087 0.000087 0.999826
41 41 (0) 4 : 0.000121 0.000123 0.999756
42 42 (0) 4 : 0.000118 0.000120 0.999763
43 43 (0) 4 : 0.000124 0.000126 0.999751
44 44 (0) 4 : 0.000119 0.000121 0.999760
45 45 (0) 4 : 0.000119 0.000121 0.999759
46 46 (0) 4 : 0.000120 0.091883 0.907997
47 47 (0) 4 : 0.000123 0.000125 0.999752
48 48 (0) 4 : 0.000120 0.000123 0.999756
49 49 (0) 4 : 0.000114 0.000115 0.999771
50 50 (0) 4 : 0.000117 0.000119 0.999765
51 51 (0) 1 : 0.000078 0.999844 0.000078
52 52 (0) 1 : 0.000084 0.999833 0.000083
53 53 (0) 1 : 0.000134 0.854875 0.144990
54 54 (0) 1 : 0.000092 0.459136 0.540773
55 55 (0) 1 : 0.000144 0.812446 0.187410
56 56 (0) 1 : 0.000089 0.461355 0.538556
57 57 (0) 1 : 0.000085 0.508456 0.491459
58 58 (0) 1 : 0.000116 0.604444 0.395440
59 59 (0) 1 : 0.000113 0.999772 0.000115
60 60 (0) 1 : 0.000115 0.999770 0.000115
61 61 (0) 1 : 0.000080 0.999841 0.000079
62 62 (0) 1 : 0.000102 0.913434 0.086464
63 63 (0) 1 : 0.000108 0.999781 0.000111
64 64 (0) 1 : 0.000120 0.999762 0.000118
65 65 (0) 1 : 0.000118 0.999765 0.000117
66 66 (0) 1 : 0.000130 0.999741 0.000129
67 67 (0) 1 : 0.000116 0.999770 0.000115
68 68 (0) 1 : 0.000132 0.999735 0.000133
69 69 (0) 1 : 0.000142 0.999716 0.000142
70 70 (0) 1 : 0.000108 0.999784 0.000108
71 71 (0) 1 : 0.000127 0.999746 0.000127
72 72 (0) 1 : 0.000125 0.999752 0.000123
73 73 (0) 1 : 0.000115 0.999770 0.000115
74 74 (0) 1 : 0.000081 0.999838 0.000081
75 75 (0) 1 : 0.000080 0.999841 0.000079
76 76 (0) 1 : 0.000159 0.999682 0.000159
77 77 (0) 1 : 0.000125 0.999751 0.000124
78 78 (0) 1 : 0.000123 0.999754 0.000122
79 79 (0) 1 : 0.000102 0.804366 0.195531
80 80 (0) 1 : 0.000080 0.999840 0.000080
81 81 (0) 1 : 0.000081 0.999839 0.000080
82 82 (0) 1 : 0.000090 0.999820 0.000090
83 83 (0) 1 : 0.137399 0.862483 0.000118
84 84 (0) 1 : 0.000162 0.971942 0.027897
85 85 (0) 1 : 0.000082 0.999837 0.000081
86 86 (0) 1 : 0.000081 0.999839 0.000080
87 87 (0) 5 : 0.000124 0.384808 0.615068
88 88 (0) 5 : 0.000107 0.264690 0.735203
89 89 (0) 5 : 0.000084 0.391548 0.608367
90 90 (0) 5 : 0.000125 0.000128 0.999747
91 91 (0) 5 : 0.000118 0.000121 0.999761
92 92 (0) 5 : 0.000095 0.288550 0.711355
93 93 (0) 5 : 0.000136 0.000139 0.999725
94 94 (0) 5 : 0.000099 0.242263 0.757638
95 95 (0) 5 : 0.000129 0.000131 0.999740
96 96 (0) 5 : 0.000115 0.000118 0.999767
97 97 (0) 6 : 0.999771 0.000116 0.000113
98 98 (0) 6 : 0.999780 0.000111 0.000108
99 99 (0) 6 : 0.999778 0.000112 0.000109
100 100 (0) 6 : 0.999820 0.000092 0.000088
101 101 (0) 6 : 0.999818 0.000093 0.000089
102 102 (0) 6 : 0.999830 0.000086 0.000083
103 103 (0) 6 : 0.999775 0.000114 0.000111
104 104 (0) 6 : 0.999762 0.000120 0.000118
105 105 (0) 6 : 0.999768 0.000117 0.000115
106 106 (0) 6 : 0.999738 0.000132 0.000129
107 107 (0) 6 : 0.999766 0.000118 0.000116
108 108 (0) 6 : 0.999754 0.000125 0.000122
109 109 (0) 6 : 0.999760 0.000121 0.000119
110 110 (0) 2 : 0.000091 0.999815 0.000094
111 111 (0) 2 : 0.000117 0.999764 0.000120
112 112 (0) 2 : 0.000119 0.999759 0.000122
113 113 (0) 2 : 0.000092 0.999796 0.000112
114 114 (0) 2 : 0.000114 0.999770 0.000116
115 115 (0) 3 : 0.000081 0.999837 0.000082
1 1 (0) 1 : 0.000121 0.999759 0.000120
2 2 (0) 1 : 0.000114 0.999772 0.000114
3 3 (0) 1 : 0.000120 0.999756 0.000124
4 4 (0) 1 : 0.000123 0.999755 0.000122
5 5 (0) 1 : 0.000127 0.999746 0.000127
6 6 (0) 1 : 0.000123 0.999754 0.000123
7 7 (0) 1 : 0.000131 0.999738 0.000131
8 8 (0) 1 : 0.000091 0.999818 0.000091
9 9 (0) 1 : 0.000084 0.999829 0.000086
10 10 (0) 1 : 0.000100 0.999798 0.000102
11 11 (0) 1 : 0.000118 0.999763 0.000119
12 12 (0) 1 : 0.000103 0.999802 0.000096
13 13 (0) 1 : 0.000117 0.999768 0.000116
14 14 (0) 1 : 0.000117 0.999766 0.000117
15 15 (0) 1 : 0.000116 0.999767 0.000117
16 16 (0) 1 : 0.000125 0.999752 0.000124
17 17 (0) 1 : 0.000135 0.999731 0.000134
18 18 (0) 2 : 0.000097 0.999810 0.000093
19 19 (0) 2 : 0.000115 0.999765 0.000120
20 20 (0) 3 : 0.000101 0.999806 0.000093
21 21 (0) 3 : 0.000111 0.999793 0.000096
22 22 (0) 2 : 0.000118 0.999760 0.000121
23 23 (0) 2 : 0.000098 0.999808 0.000094
24 24 (0) 2 : 0.000096 0.999813 0.000091
25 25 (0) 4 : 0.000105 0.000112 0.999783
26 26 (0) 4 : 0.000094 0.000095 0.999811
27 27 (0) 4 : 0.000136 0.000140 0.999724
28 28 (0) 4 : 0.000119 0.000122 0.999759
29 29 (0) 4 : 0.000141 0.000144 0.999715
30 30 (0) 4 : 0.000160 0.131394 0.868447
31 31 (0) 4 : 0.000128 0.000131 0.999741
32 32 (0) 4 : 0.000136 0.000140 0.999724
33 33 (0) 4 : 0.000114 0.000117 0.999769
34 34 (0) 4 : 0.000092 0.126801 0.873107
35 35 (0) 4 : 0.000095 0.187915 0.811990
36 36 (0) 4 : 0.000099 0.000087 0.999814
37 37 (0) 4 : 0.000097 0.000088 0.999815
38 38 (0) 4 : 0.000110 0.000112 0.999779
39 39 (0) 4 : 0.000095 0.000093 0.999812
40 40 (0) 4 : 0.000101 0.000087 0.999812
41 41 (0) 4 : 0.000121 0.000123 0.999756
42 42 (0) 4 : 0.000117 0.000120 0.999763
43 43 (0) 4 : 0.000123 0.000126 0.999751
44 44 (0) 4 : 0.000119 0.000122 0.999760
45 45 (0) 4 : 0.000119 0.000121 0.999760
46 46 (0) 4 : 0.000120 0.108059 0.891821
47 47 (0) 4 : 0.000122 0.000125 0.999752
48 48 (0) 4 : 0.000116 0.167989 0.831895
49 49 (0) 4 : 0.000114 0.000115 0.999771
50 50 (0) 4 : 0.000116 0.000119 0.999765
51 51 (0) 1 : 0.000063 0.999859 0.000078
52 52 (0) 1 : 0.000068 0.999849 0.000083
53 53 (0) 1 : 0.000134 0.846935 0.152932
54 54 (0) 1 : 0.000090 0.465022 0.534888
55 55 (0) 1 : 0.000143 0.809955 0.189902
56 56 (0) 1 : 0.000072 0.469412 0.530516
57 57 (0) 1 : 0.000083 0.515817 0.484100
58 58 (0) 1 : 0.000114 0.610432 0.389453
59 59 (0) 1 : 0.000112 0.999773 0.000115
60 60 (0) 1 : 0.000113 0.999772 0.000114
61 61 (0) 1 : 0.000089 0.999832 0.000079
62 62 (0) 1 : 0.000102 0.888539 0.111359
63 63 (0) 1 : 0.000107 0.924050 0.075843
64 64 (0) 1 : 0.000119 0.999763 0.000118
65 65 (0) 1 : 0.000117 0.999766 0.000117
66 66 (0) 1 : 0.000128 0.999743 0.000129
67 67 (0) 1 : 0.000115 0.999770 0.000115
68 68 (0) 1 : 0.000131 0.999736 0.000133
69 69 (0) 1 : 0.000142 0.999716 0.000142
70 70 (0) 1 : 0.000106 0.999786 0.000108
71 71 (0) 1 : 0.000125 0.999748 0.000127
72 72 (0) 1 : 0.000124 0.999753 0.000123
73 73 (0) 1 : 0.000114 0.999771 0.000115
74 74 (0) 1 : 0.000090 0.999830 0.000081
75 75 (0) 1 : 0.000087 0.999834 0.000079
76 76 (0) 1 : 0.000159 0.999683 0.000159
77 77 (0) 1 : 0.000124 0.999752 0.000124
78 78 (0) 1 : 0.000123 0.999755 0.000122
79 79 (0) 1 : 0.000102 0.788402 0.211496
80 80 (0) 1 : 0.000065 0.999855 0.000080
81 81 (0) 1 : 0.000065 0.999855 0.000080
82 82 (0) 1 : 0.000088 0.999822 0.000090
83 83 (0) 1 : 0.101187 0.898695 0.000118
84 84 (0) 1 : 0.000158 0.999680 0.000162
85 85 (0) 1 : 0.000084 0.999835 0.000081
86 86 (0) 1 : 0.000080 0.999841 0.000080
87 87 (0) 5 : 0.000122 0.448132 0.551746
88 88 (0) 5 : 0.000106 0.330440 0.669454
89 89 (0) 5 : 0.000085 0.458184 0.541731
90 90 (0) 5 : 0.000123 0.110255 0.889622
91 91 (0) 5 : 0.000118 0.000122 0.999761
92 92 (0) 5 : 0.000093 0.351516 0.648391
93 93 (0) 5 : 0.000133 0.187523 0.812345
94 94 (0) 5 : 0.000097 0.302333 0.697570
95 95 (0) 5 : 0.000129 0.000132 0.999740
96 96 (0) 5 : 0.000112 0.156662 0.843226
97 97 (0) 6 : 0.999770 0.000117 0.000114
98 98 (0) 6 : 0.999777 0.000113 0.000109
99 99 (0) 6 : 0.999776 0.000114 0.000110
100 100 (0) 6 : 0.024722 0.975191 0.000088
101 101 (0) 6 : 0.000090 0.999823 0.000088
102 102 (0) 6 : 0.008167 0.991751 0.000083
103 103 (0) 6 : 0.999773 0.000115 0.000112
104 104 (0) 6 : 0.999761 0.000121 0.000118
105 105 (0) 6 : 0.999767 0.000118 0.000115
106 106 (0) 6 : 0.999737 0.000133 0.000130
107 107 (0) 6 : 0.999765 0.000119 0.000116
108 108 (0) 6 : 0.999752 0.000125 0.000122
109 109 (0) 6 : 0.999759 0.000122 0.000120
110 110 (0) 2 : 0.000090 0.999816 0.000094
111 111 (0) 2 : 0.000116 0.999765 0.000120
112 112 (0) 2 : 0.000119 0.999759 0.000122
113 113 (0) 2 : 0.000108 0.999780 0.000112
114 114 (0) 2 : 0.000114 0.999770 0.000116
115 115 (0) 3 : 0.000083 0.999836 0.000081
