1 1 (0) 1 : 0.000048 0.999759 0.000048 0.000048 0.000048 0.000048
2 2 (0) 1 : 0.000046 0.999769 0.000046 0.000046 0.000046 0.000046
3 3 (0) 1 : 0.000049 0.999754 0.000049 0.000049 0.000049 0.000049
4 4 (0) 1 : 0.000049 0.999753 0.000049 0.000049 0.000049 0.000049
5 5 (0) 1 : 0.000052 0.999741 0.000052 0.000052 0.000052 0.000052
6 6 (0) 1 : 0.000050 0.999752 0.000049 0.000050 0.000049 0.000050
7 7 (0) 1 : 0.000053 0.999733 0.000053 0.000053 0.000053 0.000054
8 8 (0) 1 : 0.000038 0.999812 0.000037 0.000038 0.000037 0.000038
9 9 (0) 1 : 0.000035 0.999823 0.000035 0.000035 0.000035 0.000035
10 10 (0) 1 : 0.000041 0.999794 0.000041 0.000041 0.000041 0.000041
11 11 (0) 1 : 0.000048 0.999758 0.000048 0.000048 0.000048 0.000048
12 12 (0) 1 : 0.000040 0.999803 0.000039 0.000040 0.000039 0.000040
13 13 (0) 1 : 0.000047 0.999763 0.000047 0.000047 0.000047 0.000047
14 14 (0) 1 : 0.000048 0.999761 0.000048 0.000048 0.000048 0.000048
15 15 (0) 1 : 0.000048 0.999761 0.000048 0.000048 0.000048 0.000048
16 16 (0) 1 : 0.000050 0.999748 0.000050 0.000051 0.000050 0.000051
17 17 (0) 1 : 0.000055 0.999726 0.000055 0.000055 0.000055 0.000055
18 18 (0) 2 : 0.000037 0.000037 0.000037 0.000037 0.000037 0.999814
19 19 (0) 2 : 0.000048 0.000048 0.000048 0.000048 0.000048 0.999761
20 20 (0) 3 : 0.000038 0.999811 0.000038 0.000038 0.000038 0.000038
21 21 (0) 3 : 0.000039 0.999803 0.000039 0.000040 0.000039 0.000040
22 22 (0) 2 : 0.000049 0.000049 0.000048 0.000049 0.000048 0.999757
23 23 (0) 2 : 0.000038 0.000038 0.000037 0.000038 0.000037 0.999812
24 24 (0) 2 : 0.000036 0.000036 0.000036 0.000036 0.000036 0.999818
25 25 (0) 4 : 0.999782 0.000044 0.000043 0.000044 0.000043 0.000044
26 26 (0) 4 : 0.999809 0.000038 0.000038 0.000038 0.000038 0.000038
27 27 (0) 4 : 0.999719 0.000057 0.000056 0.000056 0.000056 0.000056
28 28 (0) 4 : 0.999753 0.000050 0.000049 0.000049 0.000049 0.000049
29 29 (0) 4 : 0.999710 0.000058 0.000058 0.000058 0.000058 0.000058
30 30 (0) 4 : 0.865673 0.134067 0.000065 0.000065 0.000065 0.000065
31 31 (0) 4 : 0.999736 0.000053 0.000053 0.000053 0.000053 0.000053
32 32 (0) 4 : 0.999723 0.000056 0.000055 0.000055 0.000055 0.000056
33 33 (0) 4 : 0.999763 0.000048 0.000047 0.000047 0.000047 0.000047
34 34 (0) 4 : 0.999818 0.000037 0.000036 0.000036 0.000036 0.000036
35 35 (0) 4 : 0.999825 0.000035 0.000035 0.000035 0.000035 0.000035
36 36 (0) 4 : 0.000035 0.000035 0.000035 0.999824 0.000035 0.000035
37 37 (0) 4 : 0.000036 0.000036 0.000036 0.999822 0.000036 0.000036
38 38 (0) 4 : 0.999775 0.000045 0.000045 0.000045 0.000045 0.000045
39 39 (0) 4 : 0.000038 0.000038 0.000037 0.999813 0.000037 0.000037
40 40 (0) 4 : 0.000035 0.000035 0.000035 0.999825 0.000035 0.000035
41 41 (0) 4 : 0.999751 0.000050 0.000050 0.000050 0.000050 0.000050
42 42 (0) 4 : 0.999759 0.000048 0.000048 0.000048 0.000048 0.000048
43 43 (0) 4 : 0.999748 0.000051 0.000050 0.000051 0.000050 0.000051
44 44 (0) 4 : 0.999757 0.000049 0.000048 0.000049 0.000048 0.000049
45 45 (0) 4 : 0.999754 0.000049 0.000049 0.000049 0.000049 0.000049
46 46 (0) 4 : 0.985985 0.013817 0.000048 0.000049 0.000048 0.000052
47 47 (0) 4 : 0.999747 0.000051 0.000050 0.000051 0.000050 0.000051
48 48 (0) 4 : 0.916857 0.082951 0.000048 0.000048 0.000048 0.000048
49 49 (0) 4 : 0.999766 0.000047 0.000047 0.000047 0.000047 0.000047
50 50 (0) 4 : 0.999760 0.000048 0.000048 0.000048 0.000048 0.000048
51 51 (0) 1 : 0.000032 0.999841 0.000032 0.000032 0.000032 0.000032
52 52 (0) 1 : 0.000034 0.999832 0.000034 0.000034 0.000034 0.000034
53 53 (0) 1 : 0.000054 0.782191 0.000054 0.217594 0.000054 0.000054
54 54 (0) 1 : 0.000037 0.465811 0.000037 0.534040 0.000037 0.000037
55 55 (0) 1 : 0.000058 0.700481 0.000058 0.299288 0.000058 0.000058
56 56 (0) 1 : 0.000036 0.498393 0.000036 0.501462 0.000036 0.000036
57 57 (0) 1 : 0.000034 0.553041 0.000034 0.446822 0.000034 0.000035
58 58 (0) 1 : 0.000047 0.643586 0.000046 0.356229 0.000046 0.000047
59 59 (0) 1 : 0.000045 0.999773 0.000045 0.000045 0.000045 0.000045
60 60 (0) 1 : 0.000047 0.999766 0.000047 0.000047 0.000047 0.000047
61 61 (0) 1 : 0.000033 0.999837 0.000033 0.000033 0.000033 0.000033
62 62 (0) 1 : 0.000041 0.868870 0.000041 0.130965 0.000041 0.000042
63 63 (0) 1 : 0.000044 0.904850 0.000043 0.094976 0.000043 0.000044
64 64 (0) 1 : 0.000049 0.999758 0.000048 0.000049 0.000048 0.000049
65 65 (0) 1 : 0.000048 0.999762 0.000047 0.000048 0.000047 0.000048
66 66 (0) 1 : 0.000053 0.999736 0.000053 0.000053 0.000053 0.000053
67 67 (0) 1 : 0.000047 0.999767 0.000046 0.000047 0.000046 0.000047
68 68 (0) 1 : 0.000054 0.999731 0.000054 0.000054 0.000054 0.000054
69 69 (0) 1 : 0.000058 0.999712 0.000057 0.000058 0.000057 0.000058
70 70 (0) 1 : 0.000044 0.999780 0.000044 0.000044 0.000044 0.000044
71 71 (0) 1 : 0.000051 0.999743 0.000051 0.000051 0.000051 0.000051
72 72 (0) 1 : 0.000050 0.999749 0.000050 0.000050 0.000050 0.000050
73 73 (0) 1 : 0.000047 0.999766 0.000047 0.000047 0.000047 0.000047
74 74 (0) 1 : 0.000033 0.999834 0.000033 0.000033 0.000033 0.000033
75 75 (0) 1 : 0.000033 0.999837 0.000033 0.000033 0.000033 0.000033
76 76 (0) 1 : 0.000065 0.999678 0.000064 0.000065 0.000064 0.000065
77 77 (0) 1 : 0.000051 0.999747 0.000051 0.000051 0.000051 0.000051
78 78 (0) 1 : 0.000050 0.999751 0.000050 0.000050 0.000050 0.000050
79 79 (0) 1 : 0.000042 0.700265 0.000041 0.299569 0.000041 0.000042
80 80 (0) 1 : 0.000033 0.999837 0.000033 0.000033 0.000033 0.000033
81 81 (0) 1 : 0.000033 0.999837 0.000033 0.000033 0.000033 0.000033
82 82 (0) 1 : 0.000037 0.999817 0.000037 0.000037 0.000037 0.000037
83 83 (0) 1 : 0.000048 0.999763 0.000047 0.000048 0.000047 0.000047
84 84 (0) 1 : 0.000065 0.999677 0.000064 0.000065 0.000064 0.000065
85 85 (0) 1 : 0.000033 0.999834 0.000033 0.000033 0.000033 0.000033
86 86 (0) 1 : 0.000033 0.999837 0.000033 0.000033 0.000033 0.000033
87 87 (0) 5 : 0.494273 0.505525 0.000050 0.000051 0.000050 0.000051
88 88 (0) 5 : 0.722616 0.277209 0.000044 0.000044 0.000044 0.000044
89 89 (0) 5 : 0.573639 0.426224 0.000034 0.000034 0.000034 0.000034
90 90 (0) 5 : 0.911261 0.088537 0.000050 0.000051 0.000050 0.000051
91 91 (0) 5 : 0.926634 0.073174 0.000048 0.000048 0.000048 0.000049
92 92 (0) 5 : 0.656193 0.343652 0.000039 0.000039 0.000039 0.000039
93 93 (0) 5 : 0.763411 0.236373 0.000054 0.000054 0.000054 0.000054
94 94 (0) 5 : 0.958147 0.041691 0.000040 0.000040 0.000040 0.000041
95 95 (0) 5 : 0.898595 0.101197 0.000052 0.000052 0.000052 0.000053
96 96 (0) 5 : 0.865905 0.133911 0.000046 0.000046 0.000046 0.000046
97 97 (0) 6 : 0.000046 0.999772 0.000046 0.000046 0.000046 0.000045
98 98 (0) 6 : 0.000044 0.999780 0.000044 0.000044 0.000044 0.000044
99 99 (0) 6 : 0.000044 0.999779 0.000044 0.000044 0.000044 0.000044
100 100 (0) 6 : 0.000036 0.999821 0.000036 0.000036 0.000036 0.000036
101 101 (0) 6 : 0.000036 0.999821 0.000036 0.000036 0.000036 0.000036
102 102 (0) 6 : 0.000034 0.999832 0.000034 0.000034 0.000034 0.000034
103 103 (0) 6 : 0.000045 0.999775 0.000045 0.000045 0.000045 0.000045
104 104 (0) 6 : 0.000048 0.999762 0.000048 0.000048 0.000048 0.000048
105 105 (0) 6 : 0.000047 0.000047 0.000047 0.000047 0.000047 0.999766
106 106 (0) 6 : 0.000053 0.999737 0.000053 0.000053 0.000053 0.000052
107 107 (0) 6 : 0.000047 0.999766 0.000047 0.000047 0.000047 0.000047
108 108 (0) 6 : 0.000050 0.999752 0.000049 0.000050 0.000049 0.000050
109 109 (0) 6 : 0.000049 0.000049 0.000048 0.000049 0.000048 0.999757
110 110 (0) 2 : 0.000037 0.000037 0.000037 0.000037 0.000037 0.999814
111 111 (0) 2 : 0.000048 0.000048 0.000048 0.000048 0.000048 0.999760
112 112 (0) 2 : 0.000049 0.000049 0.000049 0.000049 0.000049 0.999756
113 113 (0) 2 : 0.000045 0.000045 0.000045 0.000045 0.000045 0.999777
114 114 (0) 2 : 0.000047 0.000047 0.000046 0.000047 0.000046 0.999767
115 115 (0) 3 : 0.000033 0.999834 0.000033 0.000033 0.000033 0.000033
1 1 (0) 1 : 0.000048 0.000048 0.000048 0.000048 0.999759 0.000048
2 2 (0) 1 : 0.000046 0.000046 0.000046 0.000046 0.999754 0.000062
3 3 (0) 1 : 0.000049 0.000049 0.000049 0.000049 0.969772 0.030031
4 4 (0) 1 : 0.000049 0.000049 0.000049 0.000049 0.999754 0.000049
5 5 (0) 1 : 0.000052 0.000052 0.000052 0.000052 0.999741 0.000052
6 6 (0) 1 : 0.000050 0.000050 0.000049 0.000049 0.999752 0.000050
7 7 (0) 1 : 0.000054 0.000054 0.000053 0.000053 0.999733 0.000054
8 8 (0) 1 : 0.000038 0.000038 0.000037 0.000037 0.999812 0.000038
9 9 (0) 1 : 0.000035 0.000035 0.000035 0.000035 0.999823 0.000035
10 10 (0) 1 : 0.000041 0.000041 0.000041 0.000041 0.999794 0.000041
11 11 (0) 1 : 0.000048 0.000048 0.000048 0.000048 0.999758 0.000048
12 12 (0) 1 : 0.000040 0.000040 0.000039 0.000039 0.999803 0.000040
13 13 (0) 1 : 0.000047 0.000047 0.000047 0.000047 0.999763 0.000047
14 14 (0) 1 : 0.000048 0.000048 0.000048 0.000048 0.999761 0.000048
15 15 (0) 1 : 0.000048 0.000048 0.000048 0.000048 0.999761 0.000048
16 16 (0) 1 : 0.000051 0.000051 0.000050 0.000050 0.999748 0.000051
17 17 (0) 1 : 0.000055 0.000055 0.000055 0.000055 0.999726 0.000055
18 18 (0) 2 : 0.999814 0.000037 0.000037 0.000037 0.000037 0.000037
19 19 (0) 2 : 0.999761 0.000048 0.000048 0.000048 0.000048 0.000048
20 20 (0) 3 : 0.000038 0.000038 0.000038 0.000038 0.999811 0.000038
21 21 (0) 3 : 0.000040 0.000040 0.000039 0.000039 0.999803 0.000040
22 22 (0) 2 : 0.999757 0.000049 0.000048 0.000048 0.000049 0.000049
23 23 (0) 2 : 0.999812 0.000038 0.000037 0.000037 0.000038 0.000038
24 24 (0) 2 : 0.999818 0.000036 0.000036 0.000036 0.000036 0.000036
25 25 (0) 4 : 0.000044 0.999782 0.000043 0.000043 0.000044 0.000044
26 26 (0) 4 : 0.000038 0.999809 0.000038 0.000038 0.000038 0.000038
27 27 (0) 4 : 0.000056 0.999719 0.000056 0.000056 0.000056 0.000056
28 28 (0) 4 : 0.000049 0.999754 0.000049 0.000049 0.000049 0.000049
29 29 (0) 4 : 0.000058 0.999710 0.000058 0.000058 0.000058 0.000058
30 30 (0) 4 : 0.000065 0.947287 0.000065 0.000065 0.052453 0.000065
31 31 (0) 4 : 0.000053 0.999736 0.000053 0.000053 0.000053 0.000053
32 32 (0) 4 : 0.000055 0.999724 0.000055 0.000055 0.000055 0.000055
33 33 (0) 4 : 0.000047 0.999764 0.000047 0.000047 0.000047 0.000047
34 34 (0) 4 : 0.000036 0.999819 0.000036 0.000036 0.000036 0.000036
35 35 (0) 4 : 0.000035 0.999825 0.000035 0.000035 0.000035 0.000035
36 36 (0) 4 : 0.000035 0.999824 0.000035 0.000035 0.000035 0.000035
37 37 (0) 4 : 0.000036 0.999822 0.000036 0.000036 0.000036 0.000036
38 38 (0) 4 : 0.000045 0.999775 0.000045 0.000045 0.000045 0.000045
39 39 (0) 4 : 0.000037 0.999813 0.000037 0.000037 0.000037 0.000037
40 40 (0) 4 : 0.000035 0.999825 0.000035 0.000035 0.000035 0.000035
41 41 (0) 4 : 0.000050 0.999751 0.000050 0.000050 0.000050 0.000050
42 42 (0) 4 : 0.000048 0.999759 0.000048 0.000048 0.000048 0.000048
43 43 (0) 4 : 0.000051 0.999748 0.000050 0.000050 0.000051 0.000051
44 44 (0) 4 : 0.000049 0.999757 0.000048 0.000048 0.000049 0.000049
45 45 (0) 4 : 0.000049 0.999754 0.000049 0.000049 0.000049 0.000049
46 46 (0) 4 : 0.000049 0.999757 0.000048 0.000048 0.000049 0.000049
47 47 (0) 4 : 0.000051 0.999748 0.000050 0.000050 0.000051 0.000051
48 48 (0) 4 : 0.000048 0.999760 0.000048 0.000048 0.000048 0.000048
49 49 (0) 4 : 0.000047 0.999766 0.000047 0.000047 0.000047 0.000047
50 50 (0) 4 : 0.000048 0.999760 0.000048 0.000048 0.000048 0.000048
51 51 (0) 1 : 0.000032 0.000032 0.000032 0.000032 0.999841 0.000032
52 52 (0) 1 : 0.000034 0.000034 0.000034 0.000034 0.999832 0.000034
53 53 (0) 1 : 0.000054 0.000054 0.000054 0.000054 0.999731 0.000054
54 54 (0) 1 : 0.000037 0.600107 0.000037 0.000037 0.399744 0.000037
55 55 (0) 1 : 0.000058 0.365406 0.000058 0.000058 0.634363 0.000058
56 56 (0) 1 : 0.000036 0.620607 0.000036 0.000036 0.379249 0.000036
57 57 (0) 1 : 0.000035 0.564739 0.000034 0.000034 0.435123 0.000035
58 58 (0) 1 : 0.000047 0.463505 0.000046 0.000046 0.536309 0.000047
59 59 (0) 1 : 0.000045 0.000045 0.000045 0.000045 0.999773 0.000045
60 60 (0) 1 : 0.000047 0.000047 0.000047 0.000047 0.999766 0.000047
61 61 (0) 1 : 0.000033 0.000033 0.000033 0.000033 0.999836 0.000033
62 62 (0) 1 : 0.000042 0.167827 0.000041 0.000041 0.832007 0.000042
63 63 (0) 1 : 0.000044 0.084926 0.000043 0.000043 0.914900 0.000044
64 64 (0) 1 : 0.000049 0.000049 0.000048 0.000048 0.999758 0.000049
65 65 (0) 1 : 0.000048 0.000048 0.000047 0.000047 0.999762 0.000048
66 66 (0) 1 : 0.000053 0.000053 0.000053 0.000053 0.999736 0.000053
67 67 (0) 1 : 0.000047 0.000047 0.000046 0.000046 0.999767 0.000047
68 68 (0) 1 : 0.000054 0.000054 0.000054 0.000054 0.999731 0.000054
69 69 (0) 1 : 0.000058 0.000058 0.000057 0.000057 0.999712 0.000058
70 70 (0) 1 : 0.000044 0.000044 0.000044 0.000044 0.999780 0.000044
71 71 (0) 1 : 0.000051 0.000051 0.000051 0.000051 0.999743 0.000052
72 72 (0) 1 : 0.000050 0.000050 0.000050 0.000050 0.999748 0.000050
73 73 (0) 1 : 0.000047 0.000047 0.000047 0.000047 0.999766 0.000047
74 74 (0) 1 : 0.000033 0.000033 0.000033 0.000033 0.999834 0.000033
75 75 (0) 1 : 0.000033 0.000033 0.000033 0.000033 0.999837 0.000033
76 76 (0) 1 : 0.000065 0.000065 0.000064 0.000064 0.999678 0.000065
77 77 (0) 1 : 0.000051 0.000051 0.000051 0.000051 0.999747 0.000051
78 78 (0) 1 : 0.000050 0.000050 0.000050 0.000050 0.999751 0.000050
79 79 (0) 1 : 0.000042 0.345213 0.000041 0.000041 0.654621 0.000042
80 80 (0) 1 : 0.000033 0.000033 0.000033 0.000033 0.999837 0.000033
81 81 (0) 1 : 0.000033 0.000033 0.000033 0.000033 0.999837 0.000033
82 82 (0) 1 : 0.000037 0.000037 0.000037 0.000037 0.999817 0.000037
83 83 (0) 1 : 0.000047 0.000047 0.000047 0.000047 0.838993 0.160817
84 84 (0) 1 : 0.000065 0.000065 0.000064 0.000064 0.999677 0.000065
85 85 (0) 1 : 0.000033 0.000033 0.000033 0.000033 0.999834 0.000033
86 86 (0) 1 : 0.000033 0.000033 0.000033 0.000033 0.999836 0.000033
87 87 (0) 5 : 0.000051 0.588697 0.000050 0.000050 0.411100 0.000051
88 88 (0) 5 : 0.000044 0.999781 0.000044 0.000044 0.000044 0.000044
89 89 (0) 5 : 0.000034 0.999828 0.000034 0.000034 0.000034 0.000034
90 90 (0) 5 : 0.000051 0.999747 0.000050 0.000050 0.000051 0.000051
91 91 (0) 5 : 0.000048 0.999760 0.000048 0.000048 0.000048 0.000048
92 92 (0) 5 : 0.000039 0.999806 0.000039 0.000039 0.000039 0.000039
93 93 (0) 5 : 0.000054 0.999730 0.000054 0.000054 0.000054 0.000054
94 94 (0) 5 : 0.000040 0.999799 0.000040 0.000040 0.000040 0.000040
95 95 (0) 5 : 0.000052 0.999740 0.000052 0.000052 0.000052 0.000052
96 96 (0) 5 : 0.000046 0.999769 0.000046 0.000046 0.000046 0.000046
97 97 (0) 6 : 0.000046 0.000046 0.000046 0.000046 0.000046 0.999771
98 98 (0) 6 : 0.000044 0.000044 0.000044 0.000044 0.000044 0.999780
99 99 (0) 6 : 0.000044 0.000044 0.000044 0.000044 0.000044 0.999779
100 100 (0) 6 : 0.000036 0.000036 0.000036 0.000036 0.000036 0.999821
101 101 (0) 6 : 0.000036 0.000036 0.000036 0.000036 0.000036 0.999821
102 102 (0) 6 : 0.000034 0.000034 0.000034 0.000034 0.000034 0.999832
103 103 (0) 6 : 0.000045 0.000045 0.000045 0.000045 0.000045 0.999775
104 104 (0) 6 : 0.000048 0.000048 0.000047 0.000047 0.000048 0.999762
105 105 (0) 6 : 0.000047 0.000047 0.000047 0.000047 0.000047 0.999766
106 106 (0) 6 : 0.000053 0.000053 0.000052 0.000052 0.000053 0.999737
107 107 (0) 6 : 0.000047 0.000047 0.000047 0.000047 0.000047 0.999765
108 108 (0) 6 : 0.000050 0.000050 0.000049 0.000049 0.000050 0.999752
109 109 (0) 6 : 0.000049 0.000049 0.000048 0.000048 0.000049 0.999757
110 110 (0) 2 : 0.824780 0.000037 0.000037 0.000037 0.175071 0.000037
111 111 (0) 2 : 0.814999 0.000048 0.000048 0.000048 0.184809 0.000048
112 112 (0) 2 : 0.879548 0.000049 0.000049 0.000049 0.120257 0.000049
113 113 (0) 2 : 0.999777 0.000045 0.000045 0.000045 0.000045 0.000045
114 114 (0) 2 : 0.999767 0.000047 0.000046 0.000046 0.000047 0.000047
115 115 (0) 3 : 0.000033 0.000033 0.000033 0.000033 0.999834 0.000033
1 1 (0) 1 : 0.999758 0.000048 0.000048 0.000048 0.000048 0.000048
2 2 (0) 1 : 0.999769 0.000046 0.000046 0.000046 0.000046 0.000046
3 3 (0) 1 : 0.999753 0.000049 0.000049 0.000049 0.000049 0.000049
4 4 (0) 1 : 0.999753 0.000049 0.000049 0.000049 0.000049 0.000049
5 5 (0) 1 : 0.999741 0.000052 0.000052 0.000052 0.000052 0.000052
6 6 (0) 1 : 0.999752 0.000050 0.000049 0.000049 0.000050 0.000050
7 7 (0) 1 : 0.999733 0.000053 0.000053 0.000053 0.000054 0.000053
8 8 (0) 1 : 0.999812 0.000038 0.000037 0.000037 0.000038 0.000038
9 9 (0) 1 : 0.999823 0.000035 0.000035 0.000035 0.000035 0.000035
10 10 (0) 1 : 0.999794 0.000041 0.000041 0.000041 0.000041 0.000041
11 11 (0) 1 : 0.999758 0.000048 0.000048 0.000048 0.000048 0.000048
12 12 (0) 1 : 0.999803 0.000040 0.000039 0.000039 0.000040 0.000040
13 13 (0) 1 : 0.999763 0.000047 0.000047 0.000047 0.000047 0.000047
14 14 (0) 1 : 0.999761 0.000048 0.000048 0.000048 0.000048 0.000048
15 15 (0) 1 : 0.999761 0.000048 0.000048 0.000048 0.000048 0.000048
16 16 (0) 1 : 0.999748 0.000051 0.000050 0.000050 0.000051 0.000051
17 17 (0) 1 : 0.999726 0.000055 0.000055 0.000055 0.000055 0.000055
18 18 (0) 2 : 0.000037 0.999814 0.000037 0.000037 0.000037 0.000037
19 19 (0) 2 : 0.000048 0.999761 0.000048 0.000048 0.000048 0.000048
20 20 (0) 3 : 0.999811 0.000038 0.000038 0.000038 0.000038 0.000038
21 21 (0) 3 : 0.999803 0.000040 0.000039 0.000039 0.000040 0.000040
22 22 (0) 2 : 0.000049 0.999757 0.000048 0.000048 0.000049 0.000049
23 23 (0) 2 : 0.000038 0.999812 0.000037 0.000037 0.000038 0.000038
24 24 (0) 2 : 0.000036 0.999818 0.000036 0.000036 0.000036 0.000036
25 25 (0) 4 : 0.000044 0.000044 0.000043 0.000043 0.000044 0.999782
26 26 (0) 4 : 0.000038 0.000038 0.000038 0.000038 0.000038 0.999809
27 27 (0) 4 : 0.000056 0.000056 0.000056 0.000056 0.999719 0.000056
28 28 (0) 4 : 0.000049 0.000049 0.000049 0.000049 0.999754 0.000049
29 29 (0) 4 : 0.000058 0.000058 0.000058 0.000058 0.999710 0.000058
30 30 (0) 4 : 0.135038 0.000065 0.000065 0.000065 0.864703 0.000065
31 31 (0) 4 : 0.000053 0.000053 0.000053 0.000053 0.999736 0.000053
32 32 (0) 4 : 0.000055 0.000055 0.000055 0.000055 0.999724 0.000055
33 33 (0) 4 : 0.000047 0.000047 0.000047 0.000047 0.999764 0.000047
34 34 (0) 4 : 0.000036 0.000036 0.000036 0.000036 0.999819 0.000036
35 35 (0) 4 : 0.260506 0.000035 0.000035 0.000035 0.739354 0.000035
36 36 (0) 4 : 0.000035 0.000035 0.000035 0.000035 0.999824 0.000035
37 37 (0) 4 : 0.000036 0.000036 0.000036 0.000036 0.999822 0.000036
38 38 (0) 4 : 0.000045 0.000045 0.000045 0.000045 0.999775 0.000045
39 39 (0) 4 : 0.000037 0.000037 0.000037 0.000037 0.999813 0.000037
40 40 (0) 4 : 0.000035 0.000035 0.000035 0.000035 0.999825 0.000035
41 41 (0) 4 : 0.000050 0.000050 0.000050 0.000050 0.999751 0.000050
42 42 (0) 4 : 0.000048 0.000048 0.000048 0.000048 0.999759 0.000048
43 43 (0) 4 : 0.000051 0.000051 0.000050 0.000050 0.999748 0.000051
44 44 (0) 4 : 0.000049 0.000049 0.000048 0.000048 0.999757 0.000049
45 45 (0) 4 : 0.000049 0.000049 0.000049 0.000049 0.999754 0.000049
46 46 (0) 4 : 0.000049 0.000049 0.000048 0.000048 0.999758 0.000049
47 47 (0) 4 : 0.000051 0.000051 0.000050 0.000050 0.999747 0.000051
48 48 (0) 4 : 0.000048 0.000048 0.000048 0.000048 0.000048 0.999760
49 49 (0) 4 : 0.000047 0.000047 0.000047 0.000047 0.999766 0.000047
50 50 (0) 4 : 0.000048 0.000048 0.000048 0.000048 0.999760 0.000048
51 51 (0) 1 : 0.999841 0.000032 0.000032 0.000032 0.000032 0.000032
52 52 (0) 1 : 0.999832 0.000034 0.000034 0.000034 0.000034 0.000034
53 53 (0) 1 : 0.784555 0.131051 0.000054 0.000054 0.084233 0.000054
54 54 (0) 1 : 0.466023 0.000037 0.000037 0.000037 0.533828 0.000037
55 55 (0) 1 : 0.673072 0.000058 0.000058 0.000058 0.326697 0.000058
56 56 (0) 1 : 0.463214 0.000036 0.000036 0.000036 0.536641 0.000036
57 57 (0) 1 : 0.495725 0.000035 0.000034 0.000034 0.504137 0.000035
58 58 (0) 1 : 0.570001 0.000047 0.000046 0.000046 0.429813 0.000047
59 59 (0) 1 : 0.969781 0.000045 0.000045 0.000045 0.030038 0.000045
60 60 (0) 1 : 0.999766 0.000047 0.000047 0.000047 0.000047 0.000047
61 61 (0) 1 : 0.999837 0.000033 0.000033 0.000033 0.000033 0.000033
62 62 (0) 1 : 0.822389 0.000042 0.000041 0.000041 0.177446 0.000042
63 63 (0) 1 : 0.879330 0.000044 0.000043 0.000043 0.120496 0.000044
64 64 (0) 1 : 0.999758 0.000049 0.000048 0.000048 0.000049 0.000049
65 65 (0) 1 : 0.999762 0.000048 0.000047 0.000047 0.000048 0.000048
66 66 (0) 1 : 0.999736 0.000053 0.000053 0.000053 0.000053 0.000053
67 67 (0) 1 : 0.999767 0.000047 0.000046 0.000046 0.000047 0.000047
68 68 (0) 1 : 0.999731 0.000054 0.000054 0.000054 0.000054 0.000054
69 69 (0) 1 : 0.999712 0.000058 0.000057 0.000057 0.000058 0.000058
70 70 (0) 1 : 0.999780 0.000044 0.000044 0.000044 0.000044 0.000044
71 71 (0) 1 : 0.999743 0.000051 0.000051 0.000051 0.000051 0.000051
72 72 (0) 1 : 0.999749 0.000050 0.000050 0.000050 0.000050 0.000050
73 73 (0) 1 : 0.999766 0.000047 0.000047 0.000047 0.000047 0.000047
74 74 (0) 1 : 0.999834 0.000033 0.000033 0.000033 0.000033 0.000033
75 75 (0) 1 : 0.999837 0.000033 0.000033 0.000033 0.000033 0.000033
76 76 (0) 1 : 0.999678 0.000065 0.000064 0.000064 0.000065 0.000065
77 77 (0) 1 : 0.999747 0.000051 0.000051 0.000051 0.000051 0.000051
78 78 (0) 1 : 0.999751 0.000050 0.000050 0.000050 0.000050 0.000050
79 79 (0) 1 : 0.658597 0.000042 0.000041 0.000041 0.341236 0.000042
80 80 (0) 1 : 0.999837 0.000033 0.000033 0.000033 0.000033 0.000033
81 81 (0) 1 : 0.999837 0.000033 0.000033 0.000033 0.000033 0.000033
82 82 (0) 1 : 0.999817 0.000037 0.000037 0.000037 0.000037 0.000037
83 83 (0) 1 : 0.999763 0.000047 0.000047 0.000047 0.000047 0.000047
84 84 (0) 1 : 0.999677 0.000065 0.000064 0.000064 0.000065 0.000065
85 85 (0) 1 : 0.999834 0.000033 0.000033 0.000033 0.000033 0.000033
86 86 (0) 1 : 0.999836 0.000033 0.000033 0.000033 0.000033 0.000033
87 87 (0) 5 : 0.594863 0.000051 0.000050 0.000050 0.000051 0.404934
88 88 (0) 5 : 0.373670 0.000044 0.000044 0.000044 0.000044 0.626155
89 89 (0) 5 : 0.558302 0.000034 0.000034 0.000034 0.000034 0.441561
90 90 (0) 5 : 0.000051 0.000051 0.000050 0.000050 0.000051 0.999748
91 91 (0) 5 : 0.000048 0.000048 0.000048 0.000048 0.000048 0.999760
92 92 (0) 5 : 0.471173 0.000039 0.000039 0.000039 0.000039 0.528671
93 93 (0) 5 : 0.283258 0.000054 0.000054 0.000054 0.000054 0.716527
94 94 (0) 5 : 0.000040 0.000040 0.000040 0.000040 0.000040 0.999799
95 95 (0) 5 : 0.000052 0.000052 0.000052 0.000052 0.000052 0.999741
96 96 (0) 5 : 0.210636 0.000046 0.000046 0.000046 0.000046 0.789180
97 97 (0) 6 : 0.999771 0.000046 0.000046 0.000046 0.000046 0.000046
98 98 (0) 6 : 0.999780 0.000044 0.000044 0.000044 0.000044 0.000044
99 99 (0) 6 : 0.999779 0.000044 0.000044 0.000044 0.000044 0.000044
100 100 (0) 6 : 0.999821 0.000036 0.000036 0.000036 0.000036 0.000036
101 101 (0) 6 : 0.999821 0.000036 0.000036 0.000036 0.000036 0.000036
102 102 (0) 6 : 0.999832 0.000034 0.000034 0.000034 0.000034 0.000034
103 103 (0) 6 : 0.999775 0.000045 0.000045 0.000045 0.000045 0.000045
104 104 (0) 6 : 0.999762 0.000048 0.000047 0.000047 0.000048 0.000048
105 105 (0) 6 : 0.999766 0.000047 0.000047 0.000047 0.000047 0.000047
106 106 (0) 6 : 0.999737 0.000053 0.000053 0.000053 0.000053 0.000053
107 107 (0) 6 : 0.999765 0.000047 0.000047 0.000047 0.000047 0.000047
108 108 (0) 6 : 0.999752 0.000050 0.000049 0.000049 0.000050 0.000050
109 109 (0) 6 : 0.999757 0.000049 0.000048 0.000048 0.000049 0.000049
110 110 (0) 2 : 0.182444 0.817407 0.000037 0.000037 0.000037 0.000037
111 111 (0) 2 : 0.240537 0.759271 0.000048 0.000048 0.000048 0.000048
112 112 (0) 2 : 0.191913 0.807893 0.000049 0.000049 0.000049 0.000049
113 113 (0) 2 : 0.000045 0.999777 0.000045 0.000045 0.000045 0.000045
114 114 (0) 2 : 0.000047 0.999767 0.000046 0.000046 0.000047 0.000047
115 115 (0) 3 : 0.999834 0.000033 0.000033 0.000033 0.000033 0.000033
1 1 (0) 1 : 0.000048 0.000048 0.000048 0.999758 0.000048 0.000048
2 2 (0) 1 : 0.000046 0.000046 0.000046 0.999769 0.000046 0.000046
3 3 (0) 1 : 0.000049 0.000049 0.000049 0.999754 0.000049 0.000049
4 4 (0) 1 : 0.000049 0.000049 0.000049 0.999753 0.000049 0.000049
5 5 (0) 1 : 0.000052 0.000052 0.000052 0.999741 0.000052 0.000052
6 6 (0) 1 : 0.000050 0.000049 0.000050 0.999752 0.000049 0.000050
7 7 (0) 1 : 0.999733 0.000053 0.000053 0.000054 0.000053 0.000054
8 8 (0) 1 : 0.999812 0.000037 0.000038 0.000038 0.000037 0.000038
9 9 (0) 1 : 0.999823 0.000035 0.000035 0.000035 0.000035 0.000035
10 10 (0) 1 : 0.999794 0.000041 0.000041 0.000041 0.000041 0.000041
11 11 (0) 1 : 0.999758 0.000048 0.000048 0.000048 0.000048 0.000048
12 12 (0) 1 : 0.999803 0.000039 0.000040 0.000040 0.000039 0.000040
13 13 (0) 1 : 0.999763 0.000047 0.000047 0.000047 0.000047 0.000047
14 14 (0) 1 : 0.999761 0.000048 0.000048 0.000048 0.000048 0.000048
15 15 (0) 1 : 0.999761 0.000048 0.000048 0.000048 0.000048 0.000048
16 16 (0) 1 : 0.999748 0.000050 0.000051 0.000051 0.000050 0.000051
17 17 (0) 1 : 0.999726 0.000055 0.000055 0.000055 0.000055 0.000055
18 18 (0) 2 : 0.000037 0.000037 0.999814 0.000037 0.000037 0.000037
19 19 (0) 2 : 0.000048 0.000048 0.999761 0.000048 0.000048 0.000048
20 20 (0) 3 : 0.000038 0.000038 0.000038 0.999811 0.000038 0.000038
21 21 (0) 3 : 0.000040 0.000039 0.000040 0.999803 0.000039 0.000040
22 22 (0) 2 : 0.000049 0.000048 0.999757 0.000049 0.000048 0.000049
23 23 (0) 2 : 0.000038 0.000037 0.999812 0.000038 0.000037 0.000038
24 24 (0) 2 : 0.000036 0.000036 0.999818 0.000036 0.000036 0.000036
25 25 (0) 4 : 0.000044 0.000043 0.000044 0.000044 0.000043 0.999782
26 26 (0) 4 : 0.000038 0.000038 0.000038 0.000038 0.000038 0.999809
27 27 (0) 4 : 0.000056 0.000056 0.000056 0.000056 0.000056 0.999719
28 28 (0) 4 : 0.000049 0.000049 0.000049 0.000049 0.000049 0.999754
29 29 (0) 4 : 0.000058 0.000058 0.000058 0.000058 0.000058 0.999710
30 30 (0) 4 : 0.000065 0.000065 0.000065 0.098279 0.000065 0.901462
31 31 (0) 4 : 0.000053 0.000053 0.000053 0.000053 0.000053 0.999736
32 32 (0) 4 : 0.000055 0.000055 0.000055 0.000055 0.000055 0.999724
33 33 (0) 4 : 0.000047 0.000047 0.000047 0.000047 0.000047 0.999764
34 34 (0) 4 : 0.000036 0.000036 0.000036 0.000036 0.000036 0.999819
35 35 (0) 4 : 0.000035 0.000035 0.000035 0.055725 0.000035 0.944136
36 36 (0) 4 : 0.000035 0.000035 0.000035 0.000035 0.000035 0.999824
37 37 (0) 4 : 0.000036 0.000036 0.000036 0.000036 0.000036 0.999822
38 38 (0) 4 : 0.000045 0.000045 0.000045 0.000045 0.000045 0.999775
39 39 (0) 4 : 0.000037 0.000037 0.000037 0.000037 0.000037 0.999813
40 40 (0) 4 : 0.000035 0.000035 0.000035 0.000035 0.000035 0.999825
41 41 (0) 4 : 0.000050 0.000050 0.000050 0.000050 0.000050 0.999751
42 42 (0) 4 : 0.000048 0.000048 0.000048 0.000048 0.000048 0.999759
43 43 (0) 4 : 0.000051 0.000050 0.000051 0.000051 0.000050 0.999748
44 44 (0) 4 : 0.000049 0.000048 0.000049 0.000049 0.000048 0.999757
45 45 (0) 4 : 0.000049 0.000049 0.000049 0.000049 0.000049 0.999754
46 46 (0) 4 : 0.000049 0.000048 0.000049 0.000049 0.000048 0.999757
47 47 (0) 4 : 0.000051 0.000050 0.000051 0.000051 0.000050 0.999748
48 48 (0) 4 : 0.000048 0.000048 0.000048 0.140772 0.000048 0.859036
49 49 (0) 4 : 0.000047 0.000047 0.000047 0.000047 0.000047 0.999766
50 50 (0) 4 : 0.000048 0.000048 0.000048 0.000048 0.000048 0.999760
51 51 (0) 1 : 0.000032 0.000032 0.000032 0.999841 0.000032 0.000032
52 52 (0) 1 : 0.000034 0.000034 0.000034 0.999832 0.000034 0.000034
53 53 (0) 1 : 0.000054 0.000054 0.000054 0.937693 0.000054 0.062091
54 54 (0) 1 : 0.009022 0.000037 0.000037 0.414705 0.000037 0.576161
55 55 (0) 1 : 0.000058 0.000058 0.000058 0.737973 0.000058 0.261796
56 56 (0) 1 : 0.000036 0.000036 0.000036 0.416692 0.000036 0.583163
57 57 (0) 1 : 0.000035 0.000034 0.000035 0.450602 0.000034 0.549260
58 58 (0) 1 : 0.000047 0.000046 0.000047 0.591681 0.000046 0.408133
59 59 (0) 1 : 0.737920 0.000045 0.000045 0.233997 0.000045 0.027947
60 60 (0) 1 : 0.999766 0.000047 0.000047 0.000047 0.000047 0.000047
61 61 (0) 1 : 0.694720 0.000033 0.000033 0.305149 0.000033 0.000033
62 62 (0) 1 : 0.855283 0.000041 0.000042 0.000042 0.000041 0.144551
63 63 (0) 1 : 0.999782 0.000043 0.000044 0.000044 0.000043 0.000044
64 64 (0) 1 : 0.999758 0.000048 0.000049 0.000049 0.000048 0.000049
65 65 (0) 1 : 0.999762 0.000047 0.000048 0.000048 0.000047 0.000048
66 66 (0) 1 : 0.999736 0.000053 0.000053 0.000053 0.000053 0.000053
67 67 (0) 1 : 0.999767 0.000046 0.000047 0.000047 0.000046 0.000047
68 68 (0) 1 : 0.999731 0.000054 0.000054 0.000054 0.000054 0.000054
69 69 (0) 1 : 0.999712 0.000057 0.000058 0.000058 0.000057 0.000058
70 70 (0) 1 : 0.999780 0.000044 0.000044 0.000044 0.000044 0.000044
71 71 (0) 1 : 0.999743 0.000051 0.000051 0.000052 0.000051 0.000051
72 72 (0) 1 : 0.999748 0.000050 0.000050 0.000050 0.000050 0.000050
73 73 (0) 1 : 0.999766 0.000047 0.000047 0.000047 0.000047 0.000047
74 74 (0) 1 : 0.999834 0.000033 0.000033 0.000033 0.000033 0.000033
75 75 (0) 1 : 0.999837 0.000033 0.000033 0.000033 0.000033 0.000033
76 76 (0) 1 : 0.999678 0.000064 0.000065 0.000065 0.000064 0.000065
77 77 (0) 1 : 0.999747 0.000050 0.000051 0.000051 0.000050 0.000051
78 78 (0) 1 : 0.999751 0.000050 0.000050 0.000050 0.000050 0.000050
79 79 (0) 1 : 0.000042 0.000041 0.000042 0.693106 0.000041 0.306728
80 80 (0) 1 : 0.000033 0.000033 0.000033 0.999837 0.000033 0.000033
81 81 (0) 1 : 0.000033 0.000033 0.000033 0.999837 0.000033 0.000033
82 82 (0) 1 : 0.000037 0.000037 0.000037 0.999817 0.000037 0.000037
83 83 (0) 1 : 0.000047 0.000047 0.000047 0.999763 0.000047 0.000047
84 84 (0) 1 : 0.000065 0.000064 0.000065 0.999677 0.000064 0.000065
85 85 (0) 1 : 0.999834 0.000033 0.000033 0.000033 0.000033 0.000033
86 86 (0) 1 : 0.000033 0.000033 0.000033 0.999836 0.000033 0.000033
87 87 (0) 5 : 0.000051 0.000050 0.000051 0.547498 0.000050 0.452299
88 88 (0) 5 : 0.000044 0.000044 0.000044 0.346099 0.000044 0.653726
89 89 (0) 5 : 0.000034 0.000034 0.000034 0.514035 0.000034 0.485828
90 90 (0) 5 : 0.000051 0.000050 0.000051 0.128925 0.000050 0.870873
91 91 (0) 5 : 0.000048 0.000048 0.000048 0.079028 0.000048 0.920781
92 92 (0) 5 : 0.000039 0.000039 0.000039 0.390540 0.000039 0.609304
93 93 (0) 5 : 0.000054 0.000054 0.000054 0.272608 0.000054 0.727177
94 94 (0) 5 : 0.000040 0.000040 0.000040 0.200462 0.000040 0.799377
95 95 (0) 5 : 0.000052 0.000052 0.000052 0.098955 0.000052 0.900837
96 96 (0) 5 : 0.000046 0.000046 0.000046 0.123280 0.000046 0.876536
97 97 (0) 6 : 0.000046 0.000046 0.000046 0.999771 0.000046 0.000046
98 98 (0) 6 : 0.000044 0.000044 0.000044 0.999780 0.000044 0.000044
99 99 (0) 6 : 0.000044 0.000044 0.000044 0.999779 0.000044 0.000044
100 100 (0) 6 : 0.000036 0.000036 0.000036 0.999821 0.000036 0.000036
101 101 (0) 6 : 0.000036 0.000036 0.000036 0.999821 0.000036 0.000036
102 102 (0) 6 : 0.000034 0.000034 0.000034 0.999832 0.000034 0.000034
103 103 (0) 6 : 0.000045 0.000045 0.000045 0.999775 0.000045 0.000045
104 104 (0) 6 : 0.000048 0.000047 0.000048 0.999762 0.000047 0.000048
105 105 (0) 6 : 0.000047 0.000047 0.000047 0.999766 0.000047 0.000047
106 106 (0) 6 : 0.000053 0.000052 0.000053 0.999737 0.000052 0.000053
107 107 (0) 6 : 0.000047 0.000047 0.000047 0.999765 0.000047 0.000047
108 108 (0) 6 : 0.000050 0.000049 0.000050 0.999752 0.000049 0.000050
109 109 (0) 6 : 0.000049 0.000048 0.000049 0.999757 0.000048 0.000049
110 110 (0) 2 : 0.000037 0.000037 0.999814 0.000037 0.000037 0.000037
111 111 (0) 2 : 0.000048 0.000048 0.915302 0.084506 0.000048 0.000048
112 112 (0) 2 : 0.000049 0.000049 0.999756 0.000049 0.000049 0.000049
113 113 (0) 2 : 0.000045 0.000045 0.999777 0.000045 0.000045 0.000045
114 114 (0) 2 : 0.000047 0.000046 0.999767 0.000047 0.000046 0.000047
115 115 (0) 3 : 0.000033 0.000033 0.000033 0.999834 0.000033 0.000033
1 1 (0) 1 : 0.000048 0.999758 0.000048 0.000048 0.000048 0.000048
2 2 (0) 1 : 0.000046 0.999769 0.000046 0.000046 0.000046 0.000046
3 3 (0) 1 : 0.000049 0.999754 0.000049 0.000049 0.000049 0.000049
4 4 (0) 1 : 0.000050 0.999753 0.000049 0.000049 0.000049 0.000049
5 5 (0) 1 : 0.000052 0.999741 0.000052 0.000052 0.000052 0.000052
6 6 (0) 1 : 0.000050 0.999752 0.000049 0.000049 0.000050 0.000050
7 7 (0) 1 : 0.999733 0.000054 0.000053 0.000053 0.000053 0.000054
8 8 (0) 1 : 0.999812 0.000038 0.000037 0.000037 0.000038 0.000038
9 9 (0) 1 : 0.999823 0.000035 0.000035 0.000035 0.000035 0.000035
10 10 (0) 1 : 0.999794 0.000041 0.000041 0.000041 0.000041 0.000041
11 11 (0) 1 : 0.999758 0.000048 0.000048 0.000048 0.000048 0.000048
12 12 (0) 1 : 0.999803 0.000040 0.000039 0.000039 0.000040 0.000040
13 13 (0) 1 : 0.000048 0.999763 0.000047 0.000047 0.000047 0.000047
14 14 (0) 1 : 0.000048 0.999761 0.000048 0.000048 0.000048 0.000048
15 15 (0) 1 : 0.999761 0.000048 0.000048 0.000048 0.000048 0.000048
16 16 (0) 1 : 0.000051 0.999748 0.000050 0.000050 0.000051 0.000051
17 17 (0) 1 : 0.000055 0.999726 0.000055 0.000055 0.000055 0.000055
18 18 (0) 2 : 0.000037 0.000037 0.000037 0.000037 0.999814 0.000037
19 19 (0) 2 : 0.000048 0.000048 0.000048 0.000048 0.999761 0.000048
20 20 (0) 3 : 0.999811 0.000038 0.000038 0.000038 0.000038 0.000038
21 21 (0) 3 : 0.999803 0.000040 0.000039 0.000039 0.000040 0.000040
22 22 (0) 2 : 0.000049 0.000049 0.000048 0.000048 0.999757 0.000049
23 23 (0) 2 : 0.000038 0.000038 0.000037 0.000037 0.999812 0.000038
24 24 (0) 2 : 0.000036 0.000036 0.000036 0.000036 0.999818 0.000036
25 25 (0) 4 : 0.000044 0.000044 0.000043 0.000043 0.000044 0.999782
26 26 (0) 4 : 0.000038 0.000038 0.000038 0.000038 0.000038 0.999809
27 27 (0) 4 : 0.000056 0.000056 0.000056 0.000056 0.000056 0.999719
28 28 (0) 4 : 0.000049 0.000049 0.000049 0.000049 0.000049 0.999754
29 29 (0) 4 : 0.000058 0.000058 0.000058 0.000058 0.000058 0.999710
30 30 (0) 4 : 0.101680 0.000065 0.000065 0.000065 0.000065 0.898060
31 31 (0) 4 : 0.000053 0.000053 0.000053 0.000053 0.000053 0.999736
32 32 (0) 4 : 0.000055 0.000055 0.000055 0.000055 0.000055 0.999724
33 33 (0) 4 : 0.000047 0.000047 0.000047 0.000047 0.000047 0.999764
34 34 (0) 4 : 0.000036 0.000036 0.000036 0.000036 0.000036 0.999819
35 35 (0) 4 : 0.000035 0.000035 0.000035 0.000035 0.000035 0.999825
36 36 (0) 4 : 0.000035 0.000035 0.000035 0.000035 0.000035 0.999824
37 37 (0) 4 : 0.000036 0.000036 0.000036 0.000036 0.000036 0.999822
38 38 (0) 4 : 0.000045 0.000045 0.000045 0.000045 0.000045 0.999775
39 39 (0) 4 : 0.000037 0.000037 0.000037 0.000037 0.000037 0.999813
40 40 (0) 4 : 0.000035 0.000035 0.000035 0.000035 0.000035 0.999825
41 41 (0) 4 : 0.000050 0.000050 0.000050 0.000050 0.000050 0.999751
42 42 (0) 4 : 0.000048 0.000048 0.000048 0.000048 0.000048 0.999759
43 43 (0) 4 : 0.000051 0.000051 0.000050 0.000050 0.000051 0.999748
44 44 (0) 4 : 0.000049 0.000049 0.000048 0.000048 0.000049 0.999757
45 45 (0) 4 : 0.000049 0.000049 0.000049 0.000049 0.000049 0.999754
46 46 (0) 4 : 0.000049 0.000049 0.000048 0.000048 0.000049 0.999757
47 47 (0) 4 : 0.000051 0.000051 0.000050 0.000050 0.000051 0.999748
48 48 (0) 4 : 0.136293 0.000048 0.000048 0.000048 0.000048 0.863515
49 49 (0) 4 : 0.000047 0.000047 0.000047 0.000047 0.000047 0.999766
50 50 (0) 4 : 0.000048 0.000048 0.000048 0.000048 0.000048 0.999760
51 51 (0) 1 : 0.999841 0.000032 0.000032 0.000032 0.000032 0.000032
52 52 (0) 1 : 0.999832 0.000034 0.000034 0.000034 0.000034 0.000034
53 53 (0) 1 : 0.999731 0.000054 0.000054 0.000054 0.000054 0.000054
54 54 (0) 1 : 0.458631 0.000037 0.000037 0.000037 0.000037 0.541220
55 55 (0) 1 : 0.711653 0.000058 0.000058 0.000058 0.000058 0.288116
56 56 (0) 1 : 0.437330 0.000036 0.000036 0.000036 0.000036 0.562525
57 57 (0) 1 : 0.489346 0.000035 0.000034 0.000034 0.000035 0.510516
58 58 (0) 1 : 0.591445 0.000047 0.000046 0.000046 0.000047 0.408369
59 59 (0) 1 : 0.999773 0.000045 0.000045 0.000045 0.000045 0.000045
60 60 (0) 1 : 0.999766 0.000047 0.000047 0.000047 0.000047 0.000047
61 61 (0) 1 : 0.999836 0.000033 0.000033 0.000033 0.000033 0.000033
62 62 (0) 1 : 0.842502 0.000042 0.000041 0.000041 0.000042 0.157333
63 63 (0) 1 : 0.999782 0.000044 0.000043 0.000043 0.000044 0.000044
64 64 (0) 1 : 0.999758 0.000049 0.000048 0.000048 0.000049 0.000049
65 65 (0) 1 : 0.999762 0.000048 0.000047 0.000047 0.000048 0.000048
66 66 (0) 1 : 0.999736 0.000053 0.000053 0.000053 0.000053 0.000053
67 67 (0) 1 : 0.999767 0.000047 0.000046 0.000046 0.000047 0.000047
68 68 (0) 1 : 0.999731 0.000054 0.000054 0.000054 0.000054 0.000054
69 69 (0) 1 : 0.999712 0.000058 0.000057 0.000057 0.000058 0.000058
70 70 (0) 1 : 0.999780 0.000044 0.000044 0.000044 0.000044 0.000044
71 71 (0) 1 : 0.999743 0.000052 0.000051 0.000051 0.000051 0.000051
72 72 (0) 1 : 0.999748 0.000050 0.000050 0.000050 0.000050 0.000050
73 73 (0) 1 : 0.999766 0.000047 0.000047 0.000047 0.000047 0.000047
74 74 (0) 1 : 0.999834 0.000033 0.000033 0.000033 0.000033 0.000033
75 75 (0) 1 : 0.999837 0.000033 0.000033 0.000033 0.000033 0.000033
76 76 (0) 1 : 0.999678 0.000065 0.000064 0.000064 0.000065 0.000065
77 77 (0) 1 : 0.999747 0.000051 0.000050 0.000050 0.000051 0.000051
78 78 (0) 1 : 0.999751 0.000050 0.000050 0.000050 0.000050 0.000050
79 79 (0) 1 : 0.699703 0.000042 0.000041 0.000041 0.000042 0.300131
80 80 (0) 1 : 0.999837 0.000033 0.000033 0.000033 0.000033 0.000033
81 81 (0) 1 : 0.999837 0.000033 0.000033 0.000033 0.000033 0.000033
82 82 (0) 1 : 0.999817 0.000037 0.000037 0.000037 0.000037 0.000037
83 83 (0) 1 : 0.424708 0.575102 0.000047 0.000047 0.000047 0.000047
84 84 (0) 1 : 0.999677 0.000065 0.000064 0.000064 0.000065 0.000065
85 85 (0) 1 : 0.999834 0.000033 0.000033 0.000033 0.000033 0.000033
86 86 (0) 1 : 0.999836 0.000033 0.000033 0.000033 0.000033 0.000033
87 87 (0) 5 : 0.523465 0.000051 0.000050 0.000050 0.000051 0.476333
88 88 (0) 5 : 0.328970 0.000044 0.000044 0.000044 0.000044 0.670855
89 89 (0) 5 : 0.472477 0.000034 0.000034 0.000034 0.000034 0.527386
90 90 (0) 5 : 0.000050 0.035767 0.000050 0.000050 0.000051 0.964031
91 91 (0) 5 : 0.063911 0.000051 0.000048 0.000048 0.000048 0.935894
92 92 (0) 5 : 0.380714 0.000039 0.000039 0.000039 0.000039 0.619131
93 93 (0) 5 : 0.000055 0.124361 0.000054 0.000054 0.000054 0.875423
94 94 (0) 5 : 0.171419 0.000040 0.000040 0.000040 0.000040 0.828420
95 95 (0) 5 : 0.079895 0.000052 0.000052 0.000052 0.000052 0.919897
96 96 (0) 5 : 0.000046 0.000046 0.000046 0.000046 0.000046 0.999770
97 97 (0) 6 : 0.000046 0.999771 0.000046 0.000046 0.000046 0.000046
98 98 (0) 6 : 0.000044 0.999780 0.000044 0.000044 0.000044 0.000044
99 99 (0) 6 : 0.000044 0.999779 0.000044 0.000044 0.000044 0.000044
100 100 (0) 6 : 0.000036 0.999821 0.000036 0.000036 0.000036 0.000036
101 101 (0) 6 : 0.000036 0.999821 0.000036 0.000036 0.000036 0.000036
102 102 (0) 6 : 0.000034 0.999832 0.000034 0.000034 0.000034 0.000034
103 103 (0) 6 : 0.000045 0.999775 0.000045 0.000045 0.000045 0.000045
104 104 (0) 6 : 0.000048 0.999762 0.000047 0.000047 0.000048 0.000048
105 105 (0) 6 : 0.000047 0.999766 0.000047 0.000047 0.000047 0.000047
106 106 (0) 6 : 0.000053 0.999737 0.000052 0.000052 0.000053 0.000053
107 107 (0) 6 : 0.000047 0.999765 0.000047 0.000047 0.000047 0.000047
108 108 (0) 6 : 0.000050 0.999752 0.000049 0.000049 0.000050 0.000050
109 109 (0) 6 : 0.000049 0.999757 0.000048 0.000048 0.000049 0.000049
110 110 (0) 2 : 0.000037 0.000037 0.000037 0.000037 0.999814 0.000037
111 111 (0) 2 : 0.000048 0.000048 0.000048 0.000048 0.999760 0.000048
112 112 (0) 2 : 0.000049 0.000049 0.000049 0.000049 0.999756 0.000049
113 113 (0) 2 : 0.000045 0.000045 0.000045 0.000045 0.999777 0.000045
114 114 (0) 2 : 0.000047 0.000047 0.000046 0.000046 0.999767 0.000047
115 115 (0) 3 : 0.999834 0.000033 0.000033 0.000033 0.000033 0.000033
