1 1 (0) 1 : 0.999650 0.000350
2 2 (0) 1 : 0.999679 0.000321
3 3 (0) 1 : 0.999469 0.000531
4 4 (0) 1 : 0.999605 0.000395
5 5 (0) 1 : 0.999636 0.000364
6 6 (0) 1 : 0.999574 0.000426
7 7 (0) 1 : 0.999617 0.000383
8 8 (0) 1 : 0.999759 0.000241
9 9 (0) 1 : 0.999767 0.000233
10 10 (0) 1 : 0.999709 0.000291
11 11 (0) 1 : 0.999649 0.000351
12 12 (0) 1 : 0.999788 0.000212
13 13 (0) 1 : 0.999674 0.000326
14 14 (0) 1 : 0.999671 0.000329
15 15 (0) 1 : 0.999673 0.000327
16 16 (0) 1 : 0.999654 0.000346
17 17 (0) 1 : 0.999630 0.000370
18 18 (0) 2 : 0.999664 0.000336
19 19 (0) 2 : 0.999280 0.000720
20 20 (0) 3 : 0.999726 0.000274
21 21 (0) 3 : 0.999732 0.000268
22 22 (0) 2 : 0.999399 0.000601
23 23 (0) 2 : 0.999597 0.000403
24 24 (0) 2 : 0.999637 0.000363
25 25 (0) 4 : 0.000725 0.999275
26 26 (0) 4 : 0.000316 0.999684
27 27 (0) 4 : 0.000495 0.999505
28 28 (0) 4 : 0.000417 0.999583
29 29 (0) 4 : 0.000593 0.999407
30 30 (0) 4 : 0.095496 0.904504
31 31 (0) 4 : 0.000420 0.999580
32 32 (0) 4 : 0.000632 0.999368
33 33 (0) 4 : 0.000378 0.999622
34 34 (0) 4 : 0.000778 0.999222
35 35 (0) 4 : 0.112676 0.887324
36 36 (0) 4 : 0.000280 0.999720
37 37 (0) 4 : 0.000299 0.999701
38 38 (0) 4 : 0.000351 0.999649
39 39 (0) 4 : 0.000299 0.999701
40 40 (0) 4 : 0.000279 0.999721
41 41 (0) 4 : 0.000396 0.999604
42 42 (0) 4 : 0.000417 0.999583
43 43 (0) 4 : 0.000462 0.999538
44 44 (0) 4 : 0.000451 0.999549
45 45 (0) 4 : 0.000448 0.999552
46 46 (0) 4 : 0.086074 0.913926
47 47 (0) 4 : 0.000432 0.999568
48 48 (0) 4 : 0.094031 0.905969
49 49 (0) 4 : 0.000337 0.999663
50 50 (0) 4 : 0.000383 0.999617
51 51 (0) 1 : 0.999766 0.000234
52 52 (0) 1 : 0.999758 0.000242
53 53 (0) 1 : 0.906533 0.093467
54 54 (0) 1 : 0.446908 0.553092
55 55 (0) 1 : 0.653077 0.346923
56 56 (0) 1 : 0.434430 0.565570
57 57 (0) 1 : 0.538032 0.461968
58 58 (0) 1 : 0.594685 0.405315
59 59 (0) 1 : 0.996888 0.003112
60 60 (0) 1 : 0.999677 0.000323
61 61 (0) 1 : 0.999786 0.000214
62 62 (0) 1 : 0.935736 0.064264
63 63 (0) 1 : 0.927071 0.072929
64 64 (0) 1 : 0.999653 0.000347
65 65 (0) 1 : 0.999662 0.000338
66 66 (0) 1 : 0.999640 0.000360
67 67 (0) 1 : 0.999684 0.000316
68 68 (0) 1 : 0.999614 0.000386
69 69 (0) 1 : 0.999569 0.000431
70 70 (0) 1 : 0.999704 0.000296
71 71 (0) 1 : 0.999612 0.000388
72 72 (0) 1 : 0.999654 0.000346
73 73 (0) 1 : 0.999668 0.000332
74 74 (0) 1 : 0.999792 0.000208
75 75 (0) 1 : 0.999798 0.000202
76 76 (0) 1 : 0.999485 0.000515
77 77 (0) 1 : 0.999627 0.000373
78 78 (0) 1 : 0.999625 0.000375
79 79 (0) 1 : 0.760010 0.239990
80 80 (0) 1 : 0.999788 0.000212
81 81 (0) 1 : 0.999769 0.000231
82 82 (0) 1 : 0.999753 0.000247
83 83 (0) 1 : 0.999541 0.000459
84 84 (0) 1 : 0.998538 0.001462
85 85 (0) 1 : 0.999789 0.000211
86 86 (0) 1 : 0.999790 0.000210
87 87 (0) 5 : 0.299781 0.700219
88 88 (0) 5 : 0.359467 0.640533
89 89 (0) 5 : 0.468806 0.531194
90 90 (0) 5 : 0.169860 0.830140
91 91 (0) 5 : 0.070675 0.929325
92 92 (0) 5 : 0.383391 0.616609
93 93 (0) 5 : 0.183928 0.816072
94 94 (0) 5 : 0.261884 0.738116
95 95 (0) 5 : 0.009919 0.990081
96 96 (0) 5 : 0.121318 0.878682
97 97 (0) 6 : 0.999674 0.000326
98 98 (0) 6 : 0.999702 0.000298
99 99 (0) 6 : 0.999671 0.000329
100 100 (0) 6 : 0.999767 0.000233
101 101 (0) 6 : 0.999748 0.000252
102 102 (0) 6 : 0.999776 0.000224
103 103 (0) 6 : 0.999677 0.000323
104 104 (0) 6 : 0.999655 0.000345
105 105 (0) 6 : 0.999413 0.000587
106 106 (0) 6 : 0.999580 0.000420
107 107 (0) 6 : 0.999624 0.000376
108 108 (0) 6 : 0.999609 0.000391
109 109 (0) 6 : 0.999438 0.000562
110 110 (0) 2 : 0.984528 0.015472
111 111 (0) 2 : 0.996571 0.003429
112 112 (0) 2 : 0.998681 0.001319
113 113 (0) 2 : 0.999428 0.000572
114 114 (0) 2 : 0.997764 0.002236
115 115 (0) 3 : 0.999769 0.000231
1 1 (0) 1 : 0.000350 0.999650
2 2 (0) 1 : 0.000321 0.999679
3 3 (0) 1 : 0.000531 0.999469
4 4 (0) 1 : 0.000395 0.999605
5 5 (0) 1 : 0.000364 0.999636
6 6 (0) 1 : 0.000426 0.999574
7 7 (0) 1 : 0.000383 0.999617
8 8 (0) 1 : 0.000241 0.999759
9 9 (0) 1 : 0.000233 0.999767
10 10 (0) 1 : 0.000291 0.999709
11 11 (0) 1 : 0.000351 0.999649
12 12 (0) 1 : 0.000249 0.999751
13 13 (0) 1 : 0.000326 0.999674
14 14 (0) 1 : 0.000329 0.999671
15 15 (0) 1 : 0.000327 0.999673
16 16 (0) 1 : 0.000346 0.999654
17 17 (0) 1 : 0.000370 0.999630
18 18 (0) 2 : 0.000336 0.999664
19 19 (0) 2 : 0.000719 0.999281
20 20 (0) 3 : 0.000274 0.999726
21 21 (0) 3 : 0.000268 0.999732
22 22 (0) 2 : 0.000601 0.999399
23 23 (0) 2 : 0.000403 0.999597
24 24 (0) 2 : 0.000363 0.999637
25 25 (0) 4 : 0.999275 0.000725
26 26 (0) 4 : 0.999684 0.000316
27 27 (0) 4 : 0.999505 0.000495
28 28 (0) 4 : 0.999583 0.000417
29 29 (0) 4 : 0.999407 0.000593
30 30 (0) 4 : 0.904509 0.095491
31 31 (0) 4 : 0.999580 0.000420
32 32 (0) 4 : 0.999368 0.000632
33 33 (0) 4 : 0.999622 0.000378
34 34 (0) 4 : 0.999222 0.000778
35 35 (0) 4 : 0.887326 0.112674
36 36 (0) 4 : 0.999720 0.000280
37 37 (0) 4 : 0.999701 0.000299
38 38 (0) 4 : 0.999649 0.000351
39 39 (0) 4 : 0.999701 0.000299
40 40 (0) 4 : 0.999721 0.000279
41 41 (0) 4 : 0.999604 0.000396
42 42 (0) 4 : 0.999583 0.000417
43 43 (0) 4 : 0.999538 0.000462
44 44 (0) 4 : 0.999549 0.000451
45 45 (0) 4 : 0.999552 0.000448
46 46 (0) 4 : 0.913930 0.086070
47 47 (0) 4 : 0.999568 0.000432
48 48 (0) 4 : 0.905973 0.094027
49 49 (0) 4 : 0.999663 0.000337
50 50 (0) 4 : 0.999617 0.000383
51 51 (0) 1 : 0.000234 0.999766
52 52 (0) 1 : 0.000242 0.999758
53 53 (0) 1 : 0.093470 0.906530
54 54 (0) 1 : 0.553099 0.446901
55 55 (0) 1 : 0.346928 0.653072
56 56 (0) 1 : 0.565576 0.434424
57 57 (0) 1 : 0.461974 0.538026
58 58 (0) 1 : 0.405319 0.594681
59 59 (0) 1 : 0.003058 0.996942
60 60 (0) 1 : 0.000323 0.999677
61 61 (0) 1 : 0.000182 0.999818
62 62 (0) 1 : 0.064267 0.935733
63 63 (0) 1 : 0.072932 0.927068
64 64 (0) 1 : 0.000347 0.999653
65 65 (0) 1 : 0.000338 0.999662
66 66 (0) 1 : 0.000360 0.999640
67 67 (0) 1 : 0.000316 0.999684
68 68 (0) 1 : 0.000386 0.999614
69 69 (0) 1 : 0.000431 0.999569
70 70 (0) 1 : 0.000296 0.999704
71 71 (0) 1 : 0.000388 0.999612
72 72 (0) 1 : 0.000346 0.999654
73 73 (0) 1 : 0.000332 0.999668
74 74 (0) 1 : 0.000208 0.999792
75 75 (0) 1 : 0.000202 0.999798
76 76 (0) 1 : 0.000515 0.999485
77 77 (0) 1 : 0.000373 0.999627
78 78 (0) 1 : 0.000375 0.999625
79 79 (0) 1 : 0.239997 0.760003
80 80 (0) 1 : 0.000212 0.999788
81 81 (0) 1 : 0.000231 0.999769
82 82 (0) 1 : 0.000247 0.999753
83 83 (0) 1 : 0.000459 0.999541
84 84 (0) 1 : 0.001449 0.998551
85 85 (0) 1 : 0.000211 0.999789
86 86 (0) 1 : 0.000210 0.999790
87 87 (0) 5 : 0.700226 0.299774
88 88 (0) 5 : 0.640540 0.359460
89 89 (0) 5 : 0.531201 0.468799
90 90 (0) 5 : 0.830146 0.169854
91 91 (0) 5 : 0.929331 0.070669
92 92 (0) 5 : 0.616616 0.383384
93 93 (0) 5 : 0.816080 0.183920
94 94 (0) 5 : 0.738120 0.261880
95 95 (0) 5 : 0.990082 0.009918
96 96 (0) 5 : 0.878688 0.121312
97 97 (0) 6 : 0.000326 0.999674
98 98 (0) 6 : 0.000298 0.999702
99 99 (0) 6 : 0.000329 0.999671
100 100 (0) 6 : 0.000233 0.999767
101 101 (0) 6 : 0.000252 0.999748
102 102 (0) 6 : 0.000224 0.999776
103 103 (0) 6 : 0.000323 0.999677
104 104 (0) 6 : 0.000345 0.999655
105 105 (0) 6 : 0.000587 0.999413
106 106 (0) 6 : 0.000420 0.999580
107 107 (0) 6 : 0.000376 0.999624
108 108 (0) 6 : 0.000391 0.999609
109 109 (0) 6 : 0.000562 0.999438
110 110 (0) 2 : 0.015465 0.984535
111 111 (0) 2 : 0.003411 0.996589
112 112 (0) 2 : 0.001306 0.998694
113 113 (0) 2 : 0.000572 0.999428
114 114 (0) 2 : 0.002223 0.997777
115 115 (0) 3 : 0.000231 0.999769
1 1 (0) 1 : 0.000350 0.999650
2 2 (0) 1 : 0.000320 0.999680
3 3 (0) 1 : 0.000531 0.999469
4 4 (0) 1 : 0.000395 0.999605
5 5 (0) 1 : 0.000364 0.999636
6 6 (0) 1 : 0.000426 0.999574
7 7 (0) 1 : 0.000383 0.999617
8 8 (0) 1 : 0.000241 0.999759
9 9 (0) 1 : 0.000233 0.999767
10 10 (0) 1 : 0.000291 0.999709
11 11 (0) 1 : 0.000351 0.999649
12 12 (0) 1 : 0.000249 0.999751
13 13 (0) 1 : 0.000326 0.999674
14 14 (0) 1 : 0.000329 0.999671
15 15 (0) 1 : 0.000327 0.999673
16 16 (0) 1 : 0.000346 0.999654
17 17 (0) 1 : 0.000370 0.999630
18 18 (0) 2 : 0.000336 0.999664
19 19 (0) 2 : 0.000691 0.999309
20 20 (0) 3 : 0.000274 0.999726
21 21 (0) 3 : 0.000268 0.999732
22 22 (0) 2 : 0.000599 0.999401
23 23 (0) 2 : 0.000401 0.999599
24 24 (0) 2 : 0.000363 0.999637
25 25 (0) 4 : 0.999271 0.000729
26 26 (0) 4 : 0.999683 0.000317
27 27 (0) 4 : 0.999504 0.000496
28 28 (0) 4 : 0.999583 0.000417
29 29 (0) 4 : 0.999406 0.000594
30 30 (0) 4 : 0.903911 0.096089
31 31 (0) 4 : 0.999580 0.000420
32 32 (0) 4 : 0.999366 0.000634
33 33 (0) 4 : 0.999622 0.000378
34 34 (0) 4 : 0.999211 0.000789
35 35 (0) 4 : 0.886476 0.113524
36 36 (0) 4 : 0.999720 0.000280
37 37 (0) 4 : 0.999701 0.000299
38 38 (0) 4 : 0.999649 0.000351
39 39 (0) 4 : 0.999701 0.000299
40 40 (0) 4 : 0.999721 0.000279
41 41 (0) 4 : 0.999604 0.000396
42 42 (0) 4 : 0.999583 0.000417
43 43 (0) 4 : 0.999538 0.000462
44 44 (0) 4 : 0.999549 0.000451
45 45 (0) 4 : 0.999551 0.000449
46 46 (0) 4 : 0.913033 0.086967
47 47 (0) 4 : 0.999568 0.000432
48 48 (0) 4 : 0.905504 0.094496
49 49 (0) 4 : 0.999663 0.000337
50 50 (0) 4 : 0.999617 0.000383
51 51 (0) 1 : 0.000234 0.999766
52 52 (0) 1 : 0.000242 0.999758
53 53 (0) 1 : 0.093134 0.906866
54 54 (0) 1 : 0.552656 0.447344
55 55 (0) 1 : 0.346367 0.653633
56 56 (0) 1 : 0.565106 0.434894
57 57 (0) 1 : 0.461585 0.538415
58 58 (0) 1 : 0.404915 0.595085
59 59 (0) 1 : 0.003146 0.996854
60 60 (0) 1 : 0.000323 0.999677
61 61 (0) 1 : 0.000214 0.999786
62 62 (0) 1 : 0.064120 0.935880
63 63 (0) 1 : 0.072772 0.927228
64 64 (0) 1 : 0.000347 0.999653
65 65 (0) 1 : 0.000338 0.999662
66 66 (0) 1 : 0.000360 0.999640
67 67 (0) 1 : 0.000316 0.999684
68 68 (0) 1 : 0.000386 0.999614
69 69 (0) 1 : 0.000431 0.999569
70 70 (0) 1 : 0.000296 0.999704
71 71 (0) 1 : 0.000388 0.999612
72 72 (0) 1 : 0.000346 0.999654
73 73 (0) 1 : 0.000332 0.999668
74 74 (0) 1 : 0.000208 0.999792
75 75 (0) 1 : 0.000111 0.999889
76 76 (0) 1 : 0.000515 0.999485
77 77 (0) 1 : 0.000373 0.999627
78 78 (0) 1 : 0.000375 0.999625
79 79 (0) 1 : 0.239594 0.760406
80 80 (0) 1 : 0.000212 0.999788
81 81 (0) 1 : 0.000231 0.999769
82 82 (0) 1 : 0.000247 0.999753
83 83 (0) 1 : 0.000459 0.999541
84 84 (0) 1 : 0.001357 0.998643
85 85 (0) 1 : 0.000211 0.999789
86 86 (0) 1 : 0.000210 0.999790
87 87 (0) 5 : 0.699474 0.300526
88 88 (0) 5 : 0.639843 0.360157
89 89 (0) 5 : 0.530646 0.469354
90 90 (0) 5 : 0.829412 0.170588
91 91 (0) 5 : 0.928504 0.071496
92 92 (0) 5 : 0.616006 0.383994
93 93 (0) 5 : 0.815399 0.184601
94 94 (0) 5 : 0.737486 0.262514
95 95 (0) 5 : 0.986196 0.013804
96 96 (0) 5 : 0.877875 0.122125
97 97 (0) 6 : 0.000326 0.999674
98 98 (0) 6 : 0.000298 0.999702
99 99 (0) 6 : 0.000329 0.999671
100 100 (0) 6 : 0.000233 0.999767
101 101 (0) 6 : 0.000252 0.999748
102 102 (0) 6 : 0.000224 0.999776
103 103 (0) 6 : 0.000323 0.999677
104 104 (0) 6 : 0.000345 0.999655
105 105 (0) 6 : 0.000588 0.999412
106 106 (0) 6 : 0.000419 0.999581
107 107 (0) 6 : 0.000376 0.999624
108 108 (0) 6 : 0.000391 0.999609
109 109 (0) 6 : 0.000562 0.999438
110 110 (0) 2 : 0.014890 0.985110
111 111 (0) 2 : 0.002096 0.997904
112 112 (0) 2 : 0.000908 0.999092
113 113 (0) 2 : 0.000568 0.999432
114 114 (0) 2 : 0.001305 0.998695
115 115 (0) 3 : 0.000231 0.999769
1 1 (0) 1 : 0.000350 0.999650
2 2 (0) 1 : 0.000320 0.999680
3 3 (0) 1 : 0.000531 0.999469
4 4 (0) 1 : 0.000395 0.999605
5 5 (0) 1 : 0.000364 0.999636
6 6 (0) 1 : 0.000426 0.999574
7 7 (0) 1 : 0.000383 0.999617
8 8 (0) 1 : 0.000241 0.999759
9 9 (0) 1 : 0.000233 0.999767
10 10 (0) 1 : 0.000291 0.999709
11 11 (0) 1 : 0.000351 0.999649
12 12 (0) 1 : 0.000249 0.999751
13 13 (0) 1 : 0.000326 0.999674
14 14 (0) 1 : 0.000329 0.999671
15 15 (0) 1 : 0.000327 0.999673
16 16 (0) 1 : 0.000346 0.999654
17 17 (0) 1 : 0.000370 0.999630
18 18 (0) 2 : 0.000336 0.999664
19 19 (0) 2 : 0.000688 0.999312
20 20 (0) 3 : 0.000274 0.999726
21 21 (0) 3 : 0.000268 0.999732
22 22 (0) 2 : 0.000598 0.999402
23 23 (0) 2 : 0.000401 0.999599
24 24 (0) 2 : 0.000362 0.999638
25 25 (0) 4 : 0.999270 0.000730
26 26 (0) 4 : 0.999803 0.000197
27 27 (0) 4 : 0.999504 0.000496
28 28 (0) 4 : 0.999583 0.000417
29 29 (0) 4 : 0.999406 0.000594
30 30 (0) 4 : 0.903938 0.096062
31 31 (0) 4 : 0.999580 0.000420
32 32 (0) 4 : 0.999366 0.000634
33 33 (0) 4 : 0.999622 0.000378
34 34 (0) 4 : 0.999210 0.000790
35 35 (0) 4 : 0.886447 0.113553
36 36 (0) 4 : 0.999720 0.000280
37 37 (0) 4 : 0.999701 0.000299
38 38 (0) 4 : 0.999649 0.000351
39 39 (0) 4 : 0.999701 0.000299
40 40 (0) 4 : 0.999721 0.000279
41 41 (0) 4 : 0.999604 0.000396
42 42 (0) 4 : 0.999583 0.000417
43 43 (0) 4 : 0.999538 0.000462
44 44 (0) 4 : 0.999549 0.000451
45 45 (0) 4 : 0.999551 0.000449
46 46 (0) 4 : 0.913003 0.086997
47 47 (0) 4 : 0.999568 0.000432
48 48 (0) 4 : 0.905491 0.094509
49 49 (0) 4 : 0.999663 0.000337
50 50 (0) 4 : 0.999617 0.000383
51 51 (0) 1 : 0.000234 0.999766
52 52 (0) 1 : 0.000242 0.999758
53 53 (0) 1 : 0.093119 0.906881
54 54 (0) 1 : 0.552639 0.447361
55 55 (0) 1 : 0.346357 0.653643
56 56 (0) 1 : 0.565105 0.434895
57 57 (0) 1 : 0.461578 0.538422
58 58 (0) 1 : 0.404929 0.595071
59 59 (0) 1 : 0.004309 0.995691
60 60 (0) 1 : 0.000323 0.999677
61 61 (0) 1 : 0.000214 0.999786
62 62 (0) 1 : 0.064126 0.935874
63 63 (0) 1 : 0.072763 0.927237
64 64 (0) 1 : 0.000347 0.999653
65 65 (0) 1 : 0.000338 0.999662
66 66 (0) 1 : 0.000360 0.999640
67 67 (0) 1 : 0.000316 0.999684
68 68 (0) 1 : 0.000386 0.999614
69 69 (0) 1 : 0.000431 0.999569
70 70 (0) 1 : 0.000296 0.999704
71 71 (0) 1 : 0.000388 0.999612
72 72 (0) 1 : 0.000346 0.999654
73 73 (0) 1 : 0.000332 0.999668
74 74 (0) 1 : 0.000208 0.999792
75 75 (0) 1 : 0.000202 0.999798
76 76 (0) 1 : 0.000515 0.999485
77 77 (0) 1 : 0.000373 0.999627
78 78 (0) 1 : 0.000375 0.999625
79 79 (0) 1 : 0.239564 0.760436
80 80 (0) 1 : 0.000212 0.999788
81 81 (0) 1 : 0.000231 0.999769
82 82 (0) 1 : 0.000247 0.999753
83 83 (0) 1 : 0.000459 0.999541
84 84 (0) 1 : 0.001379 0.998621
85 85 (0) 1 : 0.000211 0.999789
86 86 (0) 1 : 0.000210 0.999790
87 87 (0) 5 : 0.699410 0.300590
88 88 (0) 5 : 0.639842 0.360158
89 89 (0) 5 : 0.530623 0.469377
90 90 (0) 5 : 0.829439 0.170561
91 91 (0) 5 : 0.928564 0.071436
92 92 (0) 5 : 0.615974 0.384026
93 93 (0) 5 : 0.815383 0.184617
94 94 (0) 5 : 0.737500 0.262500
95 95 (0) 5 : 0.986518 0.013482
96 96 (0) 5 : 0.877867 0.122133
97 97 (0) 6 : 0.000326 0.999674
98 98 (0) 6 : 0.000298 0.999702
99 99 (0) 6 : 0.000329 0.999671
100 100 (0) 6 : 0.000233 0.999767
101 101 (0) 6 : 0.000252 0.999748
102 102 (0) 6 : 0.000224 0.999776
103 103 (0) 6 : 0.000323 0.999677
104 104 (0) 6 : 0.000345 0.999655
105 105 (0) 6 : 0.000588 0.999412
106 106 (0) 6 : 0.000419 0.999581
107 107 (0) 6 : 0.000376 0.999624
108 108 (0) 6 : 0.000391 0.999609
109 109 (0) 6 : 0.000563 0.999437
110 110 (0) 2 : 0.014727 0.985273
111 111 (0) 2 : 0.001406 0.998594
112 112 (0) 2 : 0.000872 0.999128
113 113 (0) 2 : 0.000567 0.999433
114 114 (0) 2 : 0.001020 0.998980
115 115 (0) 3 : 0.000231 0.999769
1 1 (0) 1 : 0.999650 0.000350
2 2 (0) 1 : 0.999679 0.000321
3 3 (0) 1 : 0.999469 0.000531
4 4 (0) 1 : 0.999605 0.000395
5 5 (0) 1 : 0.999636 0.000364
6 6 (0) 1 : 0.999574 0.000426
7 7 (0) 1 : 0.999617 0.000383
8 8 (0) 1 : 0.999752 0.000248
9 9 (0) 1 : 0.999765 0.000235
10 10 (0) 1 : 0.999709 0.000291
11 11 (0) 1 : 0.999649 0.000351
12 12 (0) 1 : 0.999731 0.000269
13 13 (0) 1 : 0.999674 0.000326
14 14 (0) 1 : 0.999671 0.000329
15 15 (0) 1 : 0.999672 0.000328
16 16 (0) 1 : 0.999653 0.000347
17 17 (0) 1 : 0.999629 0.000371
18 18 (0) 2 : 0.999664 0.000336
19 19 (0) 2 : 0.999312 0.000688
20 20 (0) 3 : 0.999726 0.000274
21 21 (0) 3 : 0.999731 0.000269
22 22 (0) 2 : 0.999402 0.000598
23 23 (0) 2 : 0.999599 0.000401
24 24 (0) 2 : 0.999638 0.000362
25 25 (0) 4 : 0.000731 0.999269
26 26 (0) 4 : 0.000317 0.999683
27 27 (0) 4 : 0.000472 0.999528
28 28 (0) 4 : 0.000417 0.999583
29 29 (0) 4 : 0.000594 0.999406
30 30 (0) 4 : 0.096295 0.903705
31 31 (0) 4 : 0.000420 0.999580
32 32 (0) 4 : 0.000636 0.999364
33 33 (0) 4 : 0.000378 0.999622
34 34 (0) 4 : 0.000792 0.999208
35 35 (0) 4 : 0.113742 0.886258
36 36 (0) 4 : 0.000280 0.999720
37 37 (0) 4 : 0.000299 0.999701
38 38 (0) 4 : 0.000351 0.999649
39 39 (0) 4 : 0.000299 0.999701
40 40 (0) 4 : 0.000279 0.999721
41 41 (0) 4 : 0.000396 0.999604
42 42 (0) 4 : 0.000418 0.999582
43 43 (0) 4 : 0.000462 0.999538
44 44 (0) 4 : 0.000451 0.999549
45 45 (0) 4 : 0.000449 0.999551
46 46 (0) 4 : 0.087190 0.912810
47 47 (0) 4 : 0.000432 0.999568
48 48 (0) 4 : 0.094641 0.905359
49 49 (0) 4 : 0.000337 0.999663
50 50 (0) 4 : 0.000383 0.999617
51 51 (0) 1 : 0.999766 0.000234
52 52 (0) 1 : 0.999758 0.000242
53 53 (0) 1 : 0.906953 0.093047
54 54 (0) 1 : 0.447492 0.552508
55 55 (0) 1 : 0.653800 0.346200
56 56 (0) 1 : 0.435043 0.564957
57 57 (0) 1 : 0.538544 0.461456
58 58 (0) 1 : 0.595206 0.404794
59 59 (0) 1 : 0.996085 0.003915
60 60 (0) 1 : 0.999676 0.000324
61 61 (0) 1 : 0.999784 0.000216
62 62 (0) 1 : 0.935918 0.064082
63 63 (0) 1 : 0.927273 0.072727
64 64 (0) 1 : 0.999653 0.000347
65 65 (0) 1 : 0.999662 0.000338
66 66 (0) 1 : 0.999640 0.000360
67 67 (0) 1 : 0.999683 0.000317
68 68 (0) 1 : 0.999614 0.000386
69 69 (0) 1 : 0.999569 0.000431
70 70 (0) 1 : 0.999703 0.000297
71 71 (0) 1 : 0.999612 0.000388
72 72 (0) 1 : 0.999654 0.000346
73 73 (0) 1 : 0.999668 0.000332
74 74 (0) 1 : 0.999774 0.000226
75 75 (0) 1 : 0.999762 0.000238
76 76 (0) 1 : 0.999485 0.000515
77 77 (0) 1 : 0.999627 0.000373
78 78 (0) 1 : 0.999625 0.000375
79 79 (0) 1 : 0.760533 0.239467
80 80 (0) 1 : 0.999784 0.000216
81 81 (0) 1 : 0.999769 0.000231
82 82 (0) 1 : 0.999753 0.000247
83 83 (0) 1 : 0.999541 0.000459
84 84 (0) 1 : 0.998642 0.001358
85 85 (0) 1 : 0.999781 0.000219
86 86 (0) 1 : 0.999784 0.000216
87 87 (0) 5 : 0.300787 0.699213
88 88 (0) 5 : 0.360378 0.639622
89 89 (0) 5 : 0.469537 0.530463
90 90 (0) 5 : 0.170837 0.829163
91 91 (0) 5 : 0.071779 0.928221
92 92 (0) 5 : 0.384195 0.615805
93 93 (0) 5 : 0.184827 0.815173
94 94 (0) 5 : 0.262713 0.737287
95 95 (0) 5 : 0.015235 0.984765
96 96 (0) 5 : 0.122407 0.877593
97 97 (0) 6 : 0.999674 0.000326
98 98 (0) 6 : 0.999702 0.000298
99 99 (0) 6 : 0.999671 0.000329
100 100 (0) 6 : 0.999764 0.000236
101 101 (0) 6 : 0.999748 0.000252
102 102 (0) 6 : 0.999775 0.000225
103 103 (0) 6 : 0.999677 0.000323
104 104 (0) 6 : 0.999655 0.000345
105 105 (0) 6 : 0.999412 0.000588
106 106 (0) 6 : 0.999581 0.000419
107 107 (0) 6 : 0.999624 0.000376
108 108 (0) 6 : 0.999609 0.000391
109 109 (0) 6 : 0.999437 0.000563
110 110 (0) 2 : 0.985268 0.014732
111 111 (0) 2 : 0.998460 0.001540
112 112 (0) 2 : 0.999128 0.000872
113 113 (0) 2 : 0.999433 0.000567
114 114 (0) 2 : 0.998952 0.001048
115 115 (0) 3 : 0.999769 0.000231
