1 1 (0) 1 : 0.000048 0.000049 0.000048 0.000048 0.999756 0.000051
2 2 (0) 1 : 0.000046 0.000046 0.000046 0.000046 0.999769 0.000046
3 3 (0) 1 : 0.000049 0.000049 0.000049 0.000049 0.999755 0.000049
4 4 (0) 1 : 0.000049 0.000050 0.000050 0.000049 0.999753 0.000050
5 5 (0) 1 : 0.000051 0.000052 0.000052 0.000051 0.999743 0.000052
6 6 (0) 1 : 0.000049 0.000050 0.000050 0.000049 0.999752 0.000050
7 7 (0) 1 : 0.000053 0.000053 0.000053 0.000053 0.999734 0.000053
8 8 (0) 1 : 0.000037 0.000038 0.000038 0.000037 0.999812 0.000038
9 9 (0) 1 : 0.000035 0.000035 0.000035 0.000035 0.999824 0.000035
10 10 (0) 1 : 0.000041 0.000041 0.000041 0.000041 0.999794 0.000041
11 11 (0) 1 : 0.000048 0.000048 0.000048 0.000048 0.999760 0.000048
12 12 (0) 1 : 0.000039 0.000039 0.000039 0.000039 0.999803 0.000039
13 13 (0) 1 : 0.000047 0.000047 0.000047 0.000047 0.999764 0.000047
14 14 (0) 1 : 0.000048 0.000048 0.000048 0.000048 0.999762 0.000048
15 15 (0) 1 : 0.000048 0.000048 0.000048 0.000048 0.999761 0.000048
16 16 (0) 1 : 0.000050 0.000051 0.000051 0.000050 0.999748 0.000051
17 17 (0) 1 : 0.000054 0.000055 0.000055 0.000054 0.999727 0.000055
18 18 (0) 2 : 0.000037 0.000037 0.999815 0.000037 0.000037 0.000037
19 19 (0) 2 : 0.000048 0.000048 0.999761 0.000048 0.000048 0.000048
20 20 (0) 3 : 0.000038 0.000038 0.000038 0.000038 0.999811 0.000038
21 21 (0) 3 : 0.000039 0.000039 0.000039 0.000039 0.999803 0.000039
22 22 (0) 2 : 0.000048 0.000049 0.999757 0.000048 0.000049 0.000049
23 23 (0) 2 : 0.000037 0.000038 0.999813 0.000037 0.000038 0.000038
24 24 (0) 2 : 0.000036 0.000036 0.999818 0.000036 0.000036 0.000036
25 25 (0) 4 : 0.000043 0.999783 0.000044 0.000043 0.000043 0.000044
26 26 (0) 4 : 0.000038 0.999810 0.000038 0.000038 0.000038 0.000038
27 27 (0) 4 : 0.000056 0.999719 0.000056 0.000056 0.000056 0.000056
28 28 (0) 4 : 0.000049 0.999753 0.000050 0.000049 0.000050 0.000050
29 29 (0) 4 : 0.000058 0.999710 0.000058 0.000058 0.000058 0.000058
30 30 (0) 4 : 0.000065 0.913106 0.000065 0.000065 0.086635 0.000065
31 31 (0) 4 : 0.000053 0.999736 0.000053 0.000053 0.000053 0.000053
32 32 (0) 4 : 0.000055 0.999724 0.000055 0.000055 0.000055 0.000055
33 33 (0) 4 : 0.000047 0.999764 0.000047 0.000047 0.000047 0.000047
34 34 (0) 4 : 0.000036 0.999818 0.000036 0.000036 0.000036 0.000036
35 35 (0) 4 : 0.000035 0.860331 0.000035 0.000035 0.139529 0.000035
36 36 (0) 4 : 0.000035 0.999825 0.000035 0.000035 0.000035 0.000035
37 37 (0) 4 : 0.000035 0.999822 0.000036 0.000035 0.000036 0.000036
38 38 (0) 4 : 0.000045 0.999774 0.000045 0.000045 0.000045 0.000045
39 39 (0) 4 : 0.000037 0.999813 0.000037 0.000037 0.000037 0.000037
40 40 (0) 4 : 0.000035 0.999826 0.000035 0.000035 0.000035 0.000035
41 41 (0) 4 : 0.000050 0.999751 0.000050 0.000050 0.000050 0.000050
42 42 (0) 4 : 0.000048 0.999759 0.000048 0.000048 0.000048 0.000048
43 43 (0) 4 : 0.000050 0.999749 0.000050 0.000050 0.000050 0.000050
44 44 (0) 4 : 0.000048 0.999758 0.000049 0.000048 0.000049 0.000049
45 45 (0) 4 : 0.000049 0.999755 0.000049 0.000049 0.000049 0.000049
46 46 (0) 4 : 0.000049 0.999757 0.000049 0.000049 0.000049 0.000049
47 47 (0) 4 : 0.000050 0.999748 0.000051 0.000050 0.000051 0.000051
48 48 (0) 4 : 0.000048 0.999762 0.000048 0.000048 0.000048 0.000048
49 49 (0) 4 : 0.000047 0.999767 0.000047 0.000047 0.000047 0.000047
50 50 (0) 4 : 0.000048 0.999760 0.000048 0.000048 0.000048 0.000048
51 51 (0) 1 : 0.000032 0.000032 0.000032 0.000032 0.999841 0.000032
52 52 (0) 1 : 0.000033 0.000034 0.000034 0.000033 0.999832 0.000034
53 53 (0) 1 : 0.000054 0.115874 0.000054 0.000054 0.883910 0.000054
54 54 (0) 1 : 0.000037 0.550538 0.000037 0.000037 0.449313 0.000037
55 55 (0) 1 : 0.000058 0.383607 0.000058 0.000058 0.616162 0.000058
56 56 (0) 1 : 0.000036 0.566750 0.000036 0.000036 0.433105 0.000036
57 57 (0) 1 : 0.000034 0.503214 0.000035 0.000034 0.496648 0.000035
58 58 (0) 1 : 0.000047 0.429938 0.000047 0.000047 0.569875 0.000047
59 59 (0) 1 : 0.000045 0.000045 0.000045 0.000045 0.999774 0.000045
60 60 (0) 1 : 0.000047 0.000047 0.000047 0.000047 0.999767 0.000047
61 61 (0) 1 : 0.000033 0.000033 0.000033 0.000033 0.999837 0.000033
62 62 (0) 1 : 0.000041 0.196011 0.000042 0.000041 0.803822 0.000042
63 63 (0) 1 : 0.000043 0.116007 0.000043 0.000043 0.883819 0.000044
64 64 (0) 1 : 0.000048 0.000049 0.000048 0.000048 0.999758 0.000049
65 65 (0) 1 : 0.000047 0.000048 0.000047 0.000047 0.999763 0.000048
66 66 (0) 1 : 0.000052 0.000053 0.000053 0.000052 0.999737 0.000053
67 67 (0) 1 : 0.000046 0.000047 0.000047 0.000046 0.999767 0.000047
68 68 (0) 1 : 0.000054 0.000054 0.000054 0.000054 0.999731 0.000054
69 69 (0) 1 : 0.000057 0.000058 0.000058 0.000057 0.999712 0.000058
70 70 (0) 1 : 0.000044 0.000044 0.000044 0.000044 0.999780 0.000044
71 71 (0) 1 : 0.000051 0.000052 0.000052 0.000051 0.999743 0.000052
72 72 (0) 1 : 0.000050 0.000050 0.000050 0.000050 0.999749 0.000050
73 73 (0) 1 : 0.000047 0.000047 0.000047 0.000047 0.999766 0.000047
74 74 (0) 1 : 0.000033 0.000033 0.000033 0.000033 0.999834 0.000033
75 75 (0) 1 : 0.000033 0.000033 0.000033 0.000033 0.999836 0.000033
76 76 (0) 1 : 0.000064 0.000064 0.000064 0.000064 0.999678 0.000065
77 77 (0) 1 : 0.000050 0.000051 0.000051 0.000050 0.999747 0.000051
78 78 (0) 1 : 0.000050 0.000050 0.000050 0.000050 0.999751 0.000050
79 79 (0) 1 : 0.000041 0.281374 0.000041 0.000041 0.718461 0.000041
80 80 (0) 1 : 0.000032 0.000033 0.000033 0.000032 0.999837 0.000033
81 81 (0) 1 : 0.000033 0.000033 0.000033 0.000033 0.999837 0.000033
82 82 (0) 1 : 0.000036 0.000037 0.000037 0.000036 0.999817 0.000037
83 83 (0) 1 : 0.000047 0.012335 0.000047 0.000047 0.853871 0.133653
84 84 (0) 1 : 0.000064 0.000065 0.000065 0.000064 0.999676 0.000066
85 85 (0) 1 : 0.000033 0.000033 0.000033 0.000033 0.999834 0.000033
86 86 (0) 1 : 0.000033 0.000033 0.000033 0.000033 0.999837 0.000033
87 87 (0) 5 : 0.000051 0.559584 0.000051 0.000051 0.440214 0.000051
88 88 (0) 5 : 0.000043 0.685042 0.000044 0.000043 0.314784 0.000044
89 89 (0) 5 : 0.000034 0.508941 0.000034 0.000034 0.490922 0.000034
90 90 (0) 5 : 0.000050 0.999749 0.000050 0.000050 0.000050 0.000050
91 91 (0) 5 : 0.000048 0.999762 0.000048 0.000048 0.000048 0.000048
92 92 (0) 5 : 0.000039 0.654622 0.000039 0.000039 0.345223 0.000039
93 93 (0) 5 : 0.000054 0.999731 0.000054 0.000054 0.000054 0.000054
94 94 (0) 5 : 0.000040 0.783210 0.000040 0.000040 0.216629 0.000040
95 95 (0) 5 : 0.000052 0.999741 0.000052 0.000052 0.000052 0.000052
96 96 (0) 5 : 0.000046 0.999770 0.000046 0.000046 0.000046 0.000046
97 97 (0) 6 : 0.000046 0.000046 0.000046 0.000046 0.000046 0.999772
98 98 (0) 6 : 0.000044 0.000044 0.000044 0.000044 0.000044 0.999780
99 99 (0) 6 : 0.000044 0.000044 0.000044 0.000044 0.000044 0.999778
100 100 (0) 6 : 0.000036 0.000036 0.000036 0.000036 0.920947 0.078910
101 101 (0) 6 : 0.000036 0.000036 0.000036 0.000036 0.959105 0.040752
102 102 (0) 6 : 0.000034 0.000034 0.000034 0.000034 0.939920 0.059945
103 103 (0) 6 : 0.000045 0.000045 0.000045 0.000045 0.000045 0.999774
104 104 (0) 6 : 0.000047 0.000048 0.000048 0.000047 0.000048 0.999762
105 105 (0) 6 : 0.000047 0.000047 0.000047 0.000047 0.000047 0.999766
106 106 (0) 6 : 0.000052 0.000053 0.000053 0.000052 0.000053 0.999737
107 107 (0) 6 : 0.000047 0.000047 0.000047 0.000047 0.000047 0.999766
108 108 (0) 6 : 0.000049 0.000050 0.000049 0.000049 0.000050 0.999753
109 109 (0) 6 : 0.000048 0.000049 0.000049 0.000048 0.000049 0.999758
110 110 (0) 2 : 0.000037 0.000037 0.776868 0.000037 0.222983 0.000037
111 111 (0) 2 : 0.000048 0.000048 0.999760 0.000048 0.000048 0.000048
112 112 (0) 2 : 0.000048 0.000049 0.917248 0.000048 0.082557 0.000049
113 113 (0) 2 : 0.000044 0.000045 0.999777 0.000044 0.000045 0.000045
114 114 (0) 2 : 0.000046 0.000047 0.999768 0.000046 0.000046 0.000047
115 115 (0) 3 : 0.000033 0.000033 0.000033 0.000033 0.999834 0.000033
1 1 (0) 1 : 0.999758 0.000048 0.000048 0.000048 0.000048 0.000049
2 2 (0) 1 : 0.999769 0.000046 0.000046 0.000046 0.000046 0.000046
3 3 (0) 1 : 0.999754 0.000049 0.000049 0.000049 0.000049 0.000049
4 4 (0) 1 : 0.999753 0.000049 0.000049 0.000049 0.000049 0.000050
5 5 (0) 1 : 0.999743 0.000051 0.000052 0.000052 0.000051 0.000052
6 6 (0) 1 : 0.999752 0.000049 0.000050 0.000050 0.000049 0.000050
7 7 (0) 1 : 0.999734 0.000053 0.000053 0.000053 0.000053 0.000053
8 8 (0) 1 : 0.999812 0.000037 0.000038 0.000038 0.000037 0.000038
9 9 (0) 1 : 0.999824 0.000035 0.000035 0.000035 0.000035 0.000035
10 10 (0) 1 : 0.999794 0.000041 0.000041 0.000041 0.000041 0.000041
11 11 (0) 1 : 0.999760 0.000048 0.000048 0.000048 0.000048 0.000048
12 12 (0) 1 : 0.999803 0.000039 0.000039 0.000039 0.000039 0.000039
13 13 (0) 1 : 0.999764 0.000047 0.000047 0.000047 0.000047 0.000047
14 14 (0) 1 : 0.999762 0.000048 0.000048 0.000048 0.000048 0.000048
15 15 (0) 1 : 0.999761 0.000048 0.000048 0.000048 0.000048 0.000048
16 16 (0) 1 : 0.999748 0.000050 0.000051 0.000051 0.000050 0.000051
17 17 (0) 1 : 0.999727 0.000054 0.000055 0.000055 0.000054 0.000055
18 18 (0) 2 : 0.000037 0.000037 0.999815 0.000037 0.000037 0.000037
19 19 (0) 2 : 0.000048 0.000048 0.999761 0.000048 0.000048 0.000048
20 20 (0) 3 : 0.953173 0.000038 0.046676 0.000038 0.000038 0.000038
21 21 (0) 3 : 0.964732 0.000039 0.035110 0.000039 0.000039 0.000039
22 22 (0) 2 : 0.000049 0.000048 0.999757 0.000049 0.000048 0.000049
23 23 (0) 2 : 0.000038 0.000037 0.999813 0.000038 0.000037 0.000038
24 24 (0) 2 : 0.000036 0.000036 0.999818 0.000036 0.000036 0.000036
25 25 (0) 4 : 0.000044 0.000043 0.000044 0.000044 0.000043 0.999783
26 26 (0) 4 : 0.000038 0.000038 0.000038 0.000038 0.000038 0.999810
27 27 (0) 4 : 0.000056 0.000056 0.000056 0.000056 0.000056 0.999719
28 28 (0) 4 : 0.000050 0.000049 0.000050 0.000050 0.000049 0.999753
29 29 (0) 4 : 0.000058 0.000058 0.000058 0.000058 0.000058 0.999710
30 30 (0) 4 : 0.000065 0.000065 0.000065 0.000065 0.000065 0.999676
31 31 (0) 4 : 0.000053 0.000053 0.000053 0.000053 0.000053 0.999736
32 32 (0) 4 : 0.000055 0.000055 0.000055 0.000055 0.000055 0.999724
33 33 (0) 4 : 0.000047 0.000047 0.000047 0.000047 0.000047 0.999764
34 34 (0) 4 : 0.000036 0.000036 0.000036 0.000036 0.000036 0.999818
35 35 (0) 4 : 0.000035 0.000035 0.000035 0.000035 0.000035 0.999825
36 36 (0) 4 : 0.000035 0.000035 0.000035 0.000035 0.000035 0.999825
37 37 (0) 4 : 0.000036 0.000035 0.000036 0.000036 0.000035 0.999822
38 38 (0) 4 : 0.000045 0.000045 0.000045 0.000045 0.000045 0.999774
39 39 (0) 4 : 0.000037 0.000037 0.000037 0.000037 0.000037 0.999813
40 40 (0) 4 : 0.000035 0.000035 0.000035 0.000035 0.000035 0.999825
41 41 (0) 4 : 0.000050 0.000050 0.000050 0.000050 0.000050 0.999751
42 42 (0) 4 : 0.000048 0.000048 0.000048 0.000048 0.000048 0.999759
43 43 (0) 4 : 0.000050 0.000050 0.000050 0.000050 0.000050 0.999749
44 44 (0) 4 : 0.000049 0.000048 0.000049 0.000049 0.000048 0.999758
45 45 (0) 4 : 0.000049 0.000049 0.000049 0.000049 0.000049 0.999755
46 46 (0) 4 : 0.000049 0.000049 0.000049 0.000049 0.000049 0.999757
47 47 (0) 4 : 0.000051 0.000050 0.000051 0.000051 0.000050 0.999748
48 48 (0) 4 : 0.000048 0.000048 0.000048 0.000048 0.000048 0.999762
49 49 (0) 4 : 0.000047 0.000047 0.000047 0.000047 0.000047 0.999767
50 50 (0) 4 : 0.000048 0.000048 0.000048 0.000048 0.000048 0.999760
51 51 (0) 1 : 0.999841 0.000032 0.000032 0.000032 0.000032 0.000032
52 52 (0) 1 : 0.999832 0.000033 0.000034 0.000034 0.000033 0.000034
53 53 (0) 1 : 0.999731 0.000054 0.000054 0.000054 0.000054 0.000054
54 54 (0) 1 : 0.999814 0.000037 0.000037 0.000037 0.000037 0.000037
55 55 (0) 1 : 0.782686 0.000058 0.000058 0.000058 0.000058 0.217084
56 56 (0) 1 : 0.999819 0.000036 0.000036 0.000036 0.000036 0.000036
57 57 (0) 1 : 0.776237 0.000034 0.000035 0.000035 0.000034 0.223625
58 58 (0) 1 : 0.797661 0.000047 0.000047 0.000047 0.000047 0.202152
59 59 (0) 1 : 0.999774 0.000045 0.000045 0.000045 0.000045 0.000045
60 60 (0) 1 : 0.999767 0.000047 0.000047 0.000047 0.000047 0.000047
61 61 (0) 1 : 0.999837 0.000033 0.000033 0.000033 0.000033 0.000033
62 62 (0) 1 : 0.999792 0.000041 0.000042 0.000042 0.000041 0.000042
63 63 (0) 1 : 0.999783 0.000043 0.000044 0.000044 0.000043 0.000044
64 64 (0) 1 : 0.999758 0.000048 0.000049 0.000049 0.000048 0.000049
65 65 (0) 1 : 0.999763 0.000047 0.000047 0.000048 0.000047 0.000048
66 66 (0) 1 : 0.999737 0.000052 0.000053 0.000053 0.000052 0.000053
67 67 (0) 1 : 0.999767 0.000046 0.000047 0.000047 0.000046 0.000047
68 68 (0) 1 : 0.999731 0.000054 0.000054 0.000054 0.000054 0.000054
69 69 (0) 1 : 0.999712 0.000057 0.000058 0.000058 0.000057 0.000058
70 70 (0) 1 : 0.999780 0.000044 0.000044 0.000044 0.000044 0.000044
71 71 (0) 1 : 0.999743 0.000051 0.000052 0.000052 0.000051 0.000052
72 72 (0) 1 : 0.999749 0.000050 0.000050 0.000050 0.000050 0.000050
73 73 (0) 1 : 0.999766 0.000047 0.000047 0.000047 0.000047 0.000047
74 74 (0) 1 : 0.999834 0.000033 0.000033 0.000033 0.000033 0.000033
75 75 (0) 1 : 0.999836 0.000033 0.000033 0.000033 0.000033 0.000033
76 76 (0) 1 : 0.999678 0.000064 0.000064 0.000065 0.000064 0.000065
77 77 (0) 1 : 0.999747 0.000050 0.000051 0.000051 0.000050 0.000051
78 78 (0) 1 : 0.999751 0.000050 0.000050 0.000050 0.000050 0.000050
79 79 (0) 1 : 0.926698 0.000041 0.000041 0.000041 0.000041 0.073137
80 80 (0) 1 : 0.999837 0.000032 0.000033 0.000033 0.000032 0.000033
81 81 (0) 1 : 0.999837 0.000033 0.000033 0.000033 0.000033 0.000033
82 82 (0) 1 : 0.999817 0.000036 0.000037 0.000037 0.000036 0.000037
83 83 (0) 1 : 0.818559 0.000047 0.000047 0.181251 0.000047 0.000047
84 84 (0) 1 : 0.999678 0.000064 0.000065 0.000065 0.000064 0.000065
85 85 (0) 1 : 0.999834 0.000033 0.000033 0.000033 0.000033 0.000033
86 86 (0) 1 : 0.999837 0.000033 0.000033 0.000033 0.000033 0.000033
87 87 (0) 5 : 0.458107 0.000051 0.000051 0.000051 0.000051 0.541691
88 88 (0) 5 : 0.313599 0.000043 0.000044 0.000044 0.000043 0.686227
89 89 (0) 5 : 0.494088 0.000034 0.000034 0.000034 0.000034 0.505776
90 90 (0) 5 : 0.109378 0.000050 0.000050 0.000050 0.000050 0.890421
91 91 (0) 5 : 0.000048 0.000048 0.000048 0.000048 0.000048 0.999762
92 92 (0) 5 : 0.372920 0.000039 0.000039 0.000039 0.000039 0.626925
93 93 (0) 5 : 0.256778 0.000054 0.000054 0.000054 0.000054 0.743007
94 94 (0) 5 : 0.000040 0.000040 0.000040 0.000040 0.000040 0.999799
95 95 (0) 5 : 0.000052 0.000052 0.000052 0.000052 0.000052 0.999741
96 96 (0) 5 : 0.198543 0.000046 0.000046 0.000046 0.000046 0.801274
97 97 (0) 6 : 0.000046 0.000046 0.000046 0.999771 0.000046 0.000046
98 98 (0) 6 : 0.000044 0.000044 0.000044 0.999779 0.000044 0.000044
99 99 (0) 6 : 0.000044 0.000044 0.000044 0.999778 0.000044 0.000044
100 100 (0) 6 : 0.000036 0.000036 0.000036 0.999821 0.000036 0.000036
101 101 (0) 6 : 0.000036 0.000036 0.000036 0.999821 0.000036 0.000036
102 102 (0) 6 : 0.000034 0.000034 0.000034 0.999831 0.000034 0.000034
103 103 (0) 6 : 0.000045 0.000045 0.000045 0.999774 0.000045 0.000045
104 104 (0) 6 : 0.000048 0.000047 0.000048 0.999762 0.000047 0.000048
105 105 (0) 6 : 0.000047 0.000047 0.000047 0.999766 0.000047 0.000047
106 106 (0) 6 : 0.000053 0.000052 0.000053 0.999737 0.000052 0.000053
107 107 (0) 6 : 0.000047 0.000047 0.000047 0.999766 0.000047 0.000047
108 108 (0) 6 : 0.000050 0.000049 0.000049 0.999753 0.000049 0.000050
109 109 (0) 6 : 0.000049 0.000048 0.000049 0.999758 0.000048 0.000049
110 110 (0) 2 : 0.000037 0.000037 0.999813 0.000037 0.000037 0.000037
111 111 (0) 2 : 0.000048 0.000048 0.999760 0.000048 0.000048 0.000048
112 112 (0) 2 : 0.000049 0.000048 0.999757 0.000049 0.000048 0.000049
113 113 (0) 2 : 0.000045 0.000044 0.999777 0.000045 0.000044 0.000045
114 114 (0) 2 : 0.000047 0.000046 0.999768 0.000047 0.000046 0.000047
115 115 (0) 3 : 0.900400 0.000033 0.099467 0.000033 0.000033 0.000033
