1 1 (0) 1 : 0.999740 0.000029 0.000029 0.000029 0.000029 0.000029 0.000029 0.000029 0.000029 0.000029
2 2 (0) 1 : 0.999752 0.000028 0.000028 0.000028 0.000028 0.000028 0.000028 0.000028 0.000028 0.000028
3 3 (0) 1 : 0.999736 0.000029 0.000029 0.000029 0.000029 0.000029 0.000029 0.000029 0.000029 0.000029
4 4 (0) 1 : 0.999735 0.000029 0.000029 0.000029 0.000029 0.000029 0.000029 0.000029 0.000029 0.000029
5 5 (0) 1 : 0.999723 0.000031 0.000031 0.000031 0.000031 0.000031 0.000031 0.000031 0.000031 0.000031
6 6 (0) 1 : 0.999733 0.000030 0.000030 0.000030 0.000030 0.000030 0.000030 0.000030 0.000030 0.000030
7 7 (0) 1 : 0.999714 0.000032 0.000032 0.000032 0.000032 0.000032 0.000032 0.000032 0.000032 0.000032
8 8 (0) 1 : 0.999799 0.000022 0.000022 0.000022 0.000022 0.000022 0.000022 0.000022 0.000022 0.000022
9 9 (0) 1 : 0.999811 0.000021 0.000021 0.000021 0.000021 0.000021 0.000021 0.000021 0.000021 0.000021
10 10 (0) 1 : 0.999779 0.000025 0.000025 0.000025 0.000025 0.000025 0.000025 0.000025 0.000025 0.000025
11 11 (0) 1 : 0.999742 0.000029 0.000029 0.000029 0.000029 0.000029 0.000029 0.000029 0.000029 0.000029
12 12 (0) 1 : 0.999788 0.000024 0.000024 0.000024 0.000024 0.000024 0.000024 0.000024 0.000024 0.000024
13 13 (0) 1 : 0.999747 0.000028 0.000028 0.000028 0.000028 0.000028 0.000028 0.000028 0.000028 0.000028
14 14 (0) 1 : 0.999745 0.000028 0.000028 0.000028 0.000028 0.000028 0.000028 0.000028 0.000028 0.000028
15 15 (0) 1 : 0.999744 0.000028 0.000028 0.000028 0.000028 0.000028 0.000028 0.000028 0.000028 0.000028
16 16 (0) 1 : 0.999730 0.000030 0.000030 0.000030 0.000030 0.000030 0.000030 0.000030 0.000030 0.000030
17 17 (0) 1 : 0.999707 0.000033 0.000033 0.000033 0.000033 0.000033 0.000033 0.000033 0.000033 0.000033
18 18 (0) 2 : 0.000022 0.000022 0.000022 0.999801 0.000022 0.000022 0.000022 0.000022 0.000022 0.000022
19 19 (0) 2 : 0.000029 0.000029 0.000029 0.999743 0.000029 0.000029 0.000029 0.000029 0.000029 0.000029
20 20 (0) 3 : 0.999798 0.000022 0.000022 0.000022 0.000022 0.000022 0.000022 0.000022 0.000022 0.000022
21 21 (0) 3 : 0.999789 0.000023 0.000023 0.000023 0.000023 0.000023 0.000023 0.000023 0.000023 0.000023
22 22 (0) 2 : 0.000029 0.000029 0.000029 0.999738 0.000029 0.000029 0.000029 0.000029 0.000029 0.000029
23 23 (0) 2 : 0.000022 0.000022 0.000022 0.999798 0.000022 0.000022 0.000022 0.000022 0.000022 0.000022
24 24 (0) 2 : 0.000022 0.000022 0.000022 0.999805 0.000022 0.000022 0.000022 0.000022 0.000022 0.000022
25 25 (0) 4 : 0.000026 0.000026 0.000026 0.000026 0.000026 0.000026 0.000026 0.999767 0.000026 0.000026
26 26 (0) 4 : 0.000023 0.000023 0.000023 0.000023 0.000023 0.000023 0.000023 0.999796 0.000023 0.000023
27 27 (0) 4 : 0.000033 0.000033 0.000033 0.000033 0.000033 0.000033 0.000033 0.999700 0.000033 0.000033
28 28 (0) 4 : 0.000029 0.000029 0.000029 0.000029 0.000029 0.000029 0.000029 0.999736 0.000029 0.000029
29 29 (0) 4 : 0.000035 0.000035 0.000035 0.000035 0.000035 0.000035 0.000035 0.999689 0.000035 0.000035
30 30 (0) 4 : 0.000038 0.000038 0.000038 0.000038 0.000038 0.000038 0.000038 0.999654 0.000038 0.000038
31 31 (0) 4 : 0.000031 0.000031 0.000031 0.000031 0.000031 0.000031 0.000031 0.999718 0.000031 0.000031
32 32 (0) 4 : 0.000033 0.000033 0.000033 0.000033 0.000033 0.000033 0.000033 0.999703 0.000033 0.000033
33 33 (0) 4 : 0.000028 0.000028 0.000028 0.000028 0.000028 0.000028 0.000028 0.999747 0.000028 0.000028
34 34 (0) 4 : 0.000022 0.000022 0.000022 0.000022 0.000022 0.000022 0.000022 0.999805 0.000022 0.000022
35 35 (0) 4 : 0.000021 0.000021 0.000021 0.000021 0.000021 0.000021 0.000021 0.999813 0.000021 0.000021
36 36 (0) 4 : 0.000021 0.000021 0.000021 0.000021 0.000021 0.000021 0.000021 0.999812 0.000021 0.000021
37 37 (0) 4 : 0.000021 0.000021 0.000021 0.000021 0.000021 0.000021 0.000021 0.999809 0.000021 0.000021
38 38 (0) 4 : 0.000027 0.000027 0.000027 0.000027 0.000027 0.000027 0.000027 0.999758 0.000027 0.000027
39 39 (0) 4 : 0.000022 0.000022 0.000022 0.000022 0.000022 0.000022 0.000022 0.999800 0.000022 0.000022
40 40 (0) 4 : 0.000021 0.000021 0.000021 0.000021 0.000021 0.000021 0.000021 0.999813 0.000021 0.000021
41 41 (0) 4 : 0.000030 0.000030 0.000030 0.000030 0.000030 0.000030 0.000030 0.999733 0.000030 0.000030
42 42 (0) 4 : 0.000029 0.000029 0.000029 0.000029 0.000029 0.000029 0.000029 0.999741 0.000029 0.000029
43 43 (0) 4 : 0.000030 0.000030 0.000030 0.000030 0.000030 0.000030 0.000030 0.999730 0.000030 0.000030
44 44 (0) 4 : 0.000029 0.000029 0.000029 0.000029 0.000029 0.000029 0.000029 0.999740 0.000029 0.000029
45 45 (0) 4 : 0.000029 0.000029 0.000029 0.000029 0.000029 0.000029 0.000029 0.999737 0.000029 0.000029
46 46 (0) 4 : 0.000029 0.000029 0.000029 0.000029 0.000029 0.000029 0.000029 0.999739 0.000029 0.000029
47 47 (0) 4 : 0.000030 0.000030 0.000030 0.000030 0.000030 0.000030 0.000030 0.999730 0.000030 0.000030
48 48 (0) 4 : 0.000028 0.000028 0.000028 0.000028 0.000028 0.000028 0.000028 0.999744 0.000028 0.000028
49 49 (0) 4 : 0.000028 0.000028 0.000028 0.000028 0.000028 0.000028 0.000028 0.999749 0.000028 0.000028
50 50 (0) 4 : 0.000029 0.000029 0.000029 0.000029 0.000029 0.000029 0.000029 0.999743 0.000029 0.000029
51 51 (0) 1 : 0.999829 0.000019 0.000019 0.000019 0.000019 0.000019 0.000019 0.000019 0.000019 0.000019
52 52 (0) 1 : 0.999821 0.000020 0.000020 0.000020 0.000020 0.000020 0.000020 0.000020 0.000020 0.000020
53 53 (0) 1 : 0.702742 0.000032 0.000032 0.000032 0.000032 0.000032 0.000032 0.297002 0.000032 0.000032
54 54 (0) 1 : 0.359455 0.000022 0.000022 0.000022 0.000022 0.000022 0.000022 0.640368 0.000022 0.000022
55 55 (0) 1 : 0.638268 0.000034 0.000034 0.000034 0.000034 0.000034 0.000034 0.361457 0.000034 0.000034
56 56 (0) 1 : 0.425712 0.000022 0.000022 0.000022 0.000022 0.000022 0.000022 0.574116 0.000022 0.000022
57 57 (0) 1 : 0.446704 0.000021 0.000021 0.000021 0.000021 0.000021 0.000021 0.553132 0.000021 0.000021
58 58 (0) 1 : 0.547748 0.000028 0.000028 0.000028 0.000028 0.000028 0.000028 0.452030 0.000028 0.000028
59 59 (0) 1 : 0.999758 0.000027 0.000027 0.000027 0.000027 0.000027 0.000027 0.000027 0.000027 0.000027
60 60 (0) 1 : 0.999750 0.000028 0.000028 0.000028 0.000028 0.000028 0.000028 0.000028 0.000028 0.000028
61 61 (0) 1 : 0.999825 0.000019 0.000019 0.000019 0.000019 0.000019 0.000019 0.000019 0.000019 0.000019
62 62 (0) 1 : 0.855009 0.000025 0.000025 0.000025 0.000025 0.000025 0.000025 0.144794 0.000025 0.000025
63 63 (0) 1 : 0.890960 0.000026 0.000026 0.000026 0.000026 0.000026 0.000026 0.108833 0.000026 0.000026
64 64 (0) 1 : 0.999741 0.000029 0.000029 0.000029 0.000029 0.000029 0.000029 0.000029 0.000029 0.000029
65 65 (0) 1 : 0.999745 0.000028 0.000028 0.000028 0.000028 0.000028 0.000028 0.000028 0.000028 0.000028
66 66 (0) 1 : 0.999717 0.000031 0.000031 0.000031 0.000031 0.000031 0.000031 0.000031 0.000031 0.000031
67 67 (0) 1 : 0.999751 0.000028 0.000028 0.000028 0.000028 0.000028 0.000028 0.000028 0.000028 0.000028
68 68 (0) 1 : 0.999711 0.000032 0.000032 0.000032 0.000032 0.000032 0.000032 0.000032 0.000032 0.000032
69 69 (0) 1 : 0.999692 0.000034 0.000034 0.000034 0.000034 0.000034 0.000034 0.000034 0.000034 0.000034
70 70 (0) 1 : 0.999765 0.000026 0.000026 0.000026 0.000026 0.000026 0.000026 0.000026 0.000026 0.000026
71 71 (0) 1 : 0.999725 0.000031 0.000031 0.000031 0.000031 0.000031 0.000031 0.000031 0.000031 0.000031
72 72 (0) 1 : 0.999731 0.000030 0.000030 0.000030 0.000030 0.000030 0.000030 0.000030 0.000030 0.000030
73 73 (0) 1 : 0.999748 0.000028 0.000028 0.000028 0.000028 0.000028 0.000028 0.000028 0.000028 0.000028
74 74 (0) 1 : 0.999822 0.000020 0.000020 0.000020 0.000020 0.000020 0.000020 0.000020 0.000020 0.000020
75 75 (0) 1 : 0.999825 0.000019 0.000019 0.000019 0.000019 0.000019 0.000019 0.000019 0.000019 0.000019
76 76 (0) 1 : 0.999655 0.000038 0.000038 0.000038 0.000038 0.000038 0.000038 0.000038 0.000038 0.000038
77 77 (0) 1 : 0.999729 0.000030 0.000030 0.000030 0.000030 0.000030 0.000030 0.000030 0.000030 0.000030
78 78 (0) 1 : 0.999733 0.000030 0.000030 0.000030 0.000030 0.000030 0.000030 0.000030 0.000030 0.000030
79 79 (0) 1 : 0.696968 0.000025 0.000025 0.000025 0.000025 0.000025 0.000025 0.302835 0.000025 0.000025
80 80 (0) 1 : 0.999825 0.000019 0.000019 0.000019 0.000019 0.000019 0.000019 0.000019 0.000019 0.000019
81 81 (0) 1 : 0.999825 0.000019 0.000019 0.000019 0.000019 0.000019 0.000019 0.000019 0.000019 0.000019
82 82 (0) 1 : 0.999804 0.000022 0.000022 0.000022 0.000022 0.000022 0.000022 0.000022 0.000022 0.000022
83 83 (0) 1 : 0.891304 0.108471 0.000028 0.000028 0.000028 0.000028 0.000028 0.000028 0.000028 0.000028
84 84 (0) 1 : 0.999654 0.000038 0.000038 0.000038 0.000038 0.000038 0.000038 0.000038 0.000038 0.000038
85 85 (0) 1 : 0.999822 0.000020 0.000020 0.000020 0.000020 0.000020 0.000020 0.000020 0.000020 0.000020
86 86 (0) 1 : 0.999825 0.000019 0.000019 0.000019 0.000019 0.000019 0.000019 0.000019 0.000019 0.000019
87 87 (0) 5 : 0.000030 0.000030 0.000030 0.000030 0.000030 0.000030 0.000030 0.999729 0.000030 0.000030
88 88 (0) 5 : 0.000026 0.000026 0.000026 0.000026 0.000026 0.000026 0.000026 0.999767 0.000026 0.000026
89 89 (0) 5 : 0.000020 0.000020 0.000020 0.000020 0.000020 0.000020 0.000020 0.999816 0.000020 0.000020
90 90 (0) 5 : 0.000030 0.000030 0.000030 0.000030 0.000030 0.000030 0.000030 0.999730 0.000030 0.000030
91 91 (0) 5 : 0.000028 0.000028 0.000028 0.000028 0.000028 0.000028 0.000028 0.999744 0.000028 0.000028
92 92 (0) 5 : 0.000023 0.000023 0.000023 0.000023 0.000023 0.000023 0.000023 0.999793 0.000023 0.000023
93 93 (0) 5 : 0.000032 0.000032 0.000032 0.000032 0.000032 0.000032 0.000032 0.999712 0.000032 0.000032
94 94 (0) 5 : 0.000024 0.000024 0.000024 0.000024 0.000024 0.000024 0.000024 0.999785 0.000024 0.000024
95 95 (0) 5 : 0.000031 0.000031 0.000031 0.000031 0.000031 0.000031 0.000031 0.999723 0.000031 0.000031
96 96 (0) 5 : 0.000027 0.000027 0.000027 0.000027 0.000027 0.000027 0.000027 0.999753 0.000027 0.000027
97 97 (0) 6 : 0.000027 0.999755 0.000027 0.000027 0.000027 0.000027 0.000027 0.000027 0.000027 0.000027
98 98 (0) 6 : 0.000026 0.999763 0.000026 0.000026 0.000026 0.000026 0.000026 0.000026 0.000026 0.000026
99 99 (0) 6 : 0.000026 0.999762 0.000026 0.000026 0.000026 0.000026 0.000026 0.000026 0.000026 0.000026
100 100 (0) 6 : 0.999808 0.000021 0.000021 0.000021 0.000021 0.000021 0.000021 0.000021 0.000021 0.000021
101 101 (0) 6 : 0.999808 0.000021 0.000021 0.000021 0.000021 0.000021 0.000021 0.000021 0.000021 0.000021
102 102 (0) 6 : 0.999819 0.000020 0.000020 0.000020 0.000020 0.000020 0.000020 0.000020 0.000020 0.000020
103 103 (0) 6 : 0.000027 0.999759 0.000027 0.000027 0.000027 0.000027 0.000027 0.000027 0.000027 0.000027
104 104 (0) 6 : 0.000028 0.999745 0.000028 0.000028 0.000028 0.000028 0.000028 0.000028 0.000028 0.000028
105 105 (0) 6 : 0.000028 0.999749 0.000028 0.000028 0.000028 0.000028 0.000028 0.000028 0.000028 0.000028
106 106 (0) 6 : 0.000031 0.999718 0.000031 0.000031 0.000031 0.000031 0.000031 0.000031 0.000031 0.000031
107 107 (0) 6 : 0.000028 0.999748 0.000028 0.000028 0.000028 0.000028 0.000028 0.000028 0.000028 0.000028
108 108 (0) 6 : 0.000029 0.999735 0.000029 0.000029 0.000029 0.000029 0.000029 0.000029 0.000029 0.000029
109 109 (0) 6 : 0.000029 0.999740 0.000029 0.000029 0.000029 0.000029 0.000029 0.000029 0.000029 0.000029
110 110 (0) 2 : 0.000022 0.000022 0.000022 0.999799 0.000022 0.000022 0.000022 0.000022 0.000022 0.000022
111 111 (0) 2 : 0.000029 0.000029 0.000029 0.999743 0.000029 0.000029 0.000029 0.000029 0.000029 0.000029
112 112 (0) 2 : 0.000029 0.000029 0.000029 0.999739 0.000029 0.000029 0.000029 0.000029 0.000029 0.000029
113 113 (0) 2 : 0.000027 0.000027 0.000027 0.999761 0.000027 0.000027 0.000027 0.000027 0.000027 0.000027
114 114 (0) 2 : 0.000028 0.000028 0.000028 0.999751 0.000028 0.000028 0.000028 0.000028 0.000028 0.000028
115 115 (0) 3 : 0.999822 0.000020 0.000020 0.000020 0.000020 0.000020 0.000020 0.000020 0.000020 0.000020
1 1 (0) 1 : 0.000029 0.000029 0.000029 0.000029 0.000029 0.000029 0.000029 0.000029 0.999740 0.000029
2 2 (0) 1 : 0.000028 0.000028 0.000028 0.000028 0.000028 0.000028 0.000028 0.000028 0.999752 0.000028
3 3 (0) 1 : 0.000029 0.000029 0.000029 0.000029 0.000029 0.000029 0.000029 0.000029 0.999736 0.000029
4 4 (0) 1 : 0.000029 0.000029 0.000029 0.000029 0.000029 0.000029 0.000029 0.000029 0.999735 0.000029
5 5 (0) 1 : 0.000031 0.000031 0.000031 0.000031 0.000031 0.000031 0.000031 0.000031 0.999723 0.000031
6 6 (0) 1 : 0.000030 0.000030 0.000030 0.000030 0.000030 0.000030 0.000030 0.000030 0.999733 0.000030
7 7 (0) 1 : 0.000032 0.000032 0.000032 0.000032 0.000032 0.000032 0.000032 0.000032 0.999714 0.000032
8 8 (0) 1 : 0.000022 0.000022 0.000022 0.000022 0.000022 0.000022 0.000022 0.000022 0.999799 0.000022
9 9 (0) 1 : 0.000021 0.000021 0.000021 0.000021 0.000021 0.000021 0.000021 0.000021 0.999811 0.000021
10 10 (0) 1 : 0.000025 0.000025 0.000025 0.000025 0.000025 0.000025 0.000025 0.000025 0.999779 0.000025
11 11 (0) 1 : 0.000029 0.000029 0.000029 0.000029 0.000029 0.000029 0.000029 0.000029 0.999742 0.000029
12 12 (0) 1 : 0.000024 0.000024 0.000024 0.000024 0.000024 0.000024 0.000024 0.000024 0.999788 0.000024
13 13 (0) 1 : 0.000028 0.000028 0.000028 0.000028 0.000028 0.000028 0.000028 0.000028 0.999747 0.000028
14 14 (0) 1 : 0.000028 0.000028 0.000028 0.000028 0.000028 0.000028 0.000028 0.000028 0.999745 0.000028
15 15 (0) 1 : 0.000028 0.000028 0.000028 0.000028 0.000028 0.000028 0.000028 0.000028 0.999744 0.000028
16 16 (0) 1 : 0.000030 0.000030 0.000030 0.000030 0.000030 0.000030 0.000030 0.000030 0.999730 0.000030
17 17 (0) 1 : 0.000033 0.000033 0.000033 0.000033 0.000033 0.000033 0.000033 0.000033 0.999707 0.000033
18 18 (0) 2 : 0.999801 0.000022 0.000022 0.000022 0.000022 0.000022 0.000022 0.000022 0.000022 0.000022
19 19 (0) 2 : 0.999743 0.000029 0.000029 0.000029 0.000029 0.000029 0.000029 0.000029 0.000029 0.000029
20 20 (0) 3 : 0.000022 0.000022 0.000022 0.000022 0.000022 0.000022 0.000022 0.000022 0.999798 0.000022
21 21 (0) 3 : 0.000023 0.000023 0.000023 0.000023 0.000023 0.000023 0.000023 0.000023 0.999789 0.000023
22 22 (0) 2 : 0.999738 0.000029 0.000029 0.000029 0.000029 0.000029 0.000029 0.000029 0.000029 0.000029
23 23 (0) 2 : 0.999798 0.000022 0.000022 0.000022 0.000022 0.000022 0.000022 0.000022 0.000022 0.000022
24 24 (0) 2 : 0.999805 0.000022 0.000022 0.000022 0.000022 0.000022 0.000022 0.000022 0.000022 0.000022
25 25 (0) 4 : 0.000026 0.000026 0.000026 0.000026 0.999767 0.000026 0.000026 0.000026 0.000026 0.000026
26 26 (0) 4 : 0.000023 0.000023 0.000023 0.000023 0.999796 0.000023 0.000023 0.000023 0.000023 0.000023
27 27 (0) 4 : 0.000033 0.000033 0.000033 0.000033 0.999700 0.000033 0.000033 0.000033 0.000033 0.000033
28 28 (0) 4 : 0.000029 0.000029 0.000029 0.000029 0.999736 0.000029 0.000029 0.000029 0.000029 0.000029
29 29 (0) 4 : 0.000035 0.000035 0.000035 0.000035 0.999689 0.000035 0.000035 0.000035 0.000035 0.000035
30 30 (0) 4 : 0.000038 0.000038 0.000038 0.000038 0.913639 0.000038 0.000038 0.000038 0.086054 0.000038
31 31 (0) 4 : 0.000031 0.000031 0.000031 0.000031 0.999718 0.000031 0.000031 0.000031 0.000031 0.000031
32 32 (0) 4 : 0.000033 0.000033 0.000033 0.000033 0.999703 0.000033 0.000033 0.000033 0.000033 0.000033
33 33 (0) 4 : 0.000028 0.000028 0.000028 0.000028 0.999747 0.000028 0.000028 0.000028 0.000028 0.000028
34 34 (0) 4 : 0.000022 0.000022 0.000022 0.000022 0.999805 0.000022 0.000022 0.000022 0.000022 0.000022
35 35 (0) 4 : 0.000021 0.000021 0.000021 0.000021 0.999813 0.000021 0.000021 0.000021 0.000021 0.000021
36 36 (0) 4 : 0.000021 0.000021 0.000021 0.000021 0.999812 0.000021 0.000021 0.000021 0.000021 0.000021
37 37 (0) 4 : 0.000021 0.000021 0.000021 0.000021 0.999809 0.000021 0.000021 0.000021 0.000021 0.000021
38 38 (0) 4 : 0.000027 0.000027 0.000027 0.000027 0.999758 0.000027 0.000027 0.000027 0.000027 0.000027
39 39 (0) 4 : 0.000022 0.000022 0.000022 0.000022 0.999800 0.000022 0.000022 0.000022 0.000022 0.000022
40 40 (0) 4 : 0.000021 0.000021 0.000021 0.000021 0.999813 0.000021 0.000021 0.000021 0.000021 0.000021
41 41 (0) 4 : 0.000030 0.000030 0.000030 0.000030 0.999733 0.000030 0.000030 0.000030 0.000030 0.000030
42 42 (0) 4 : 0.000029 0.000029 0.000029 0.000029 0.999741 0.000029 0.000029 0.000029 0.000029 0.000029
43 43 (0) 4 : 0.000030 0.000030 0.000030 0.000030 0.999730 0.000030 0.000030 0.000030 0.000030 0.000030
44 44 (0) 4 : 0.000029 0.000029 0.000029 0.000029 0.999740 0.000029 0.000029 0.000029 0.000029 0.000029
45 45 (0) 4 : 0.000029 0.000029 0.000029 0.000029 0.999737 0.000029 0.000029 0.000029 0.000029 0.000029
46 46 (0) 4 : 0.000029 0.000029 0.000029 0.000029 0.999739 0.000029 0.000029 0.000029 0.000029 0.000029
47 47 (0) 4 : 0.000030 0.000030 0.000030 0.000030 0.999730 0.000030 0.000030 0.000030 0.000030 0.000030
48 48 (0) 4 : 0.000028 0.000028 0.000028 0.000028 0.999744 0.000028 0.000028 0.000028 0.000028 0.000028
49 49 (0) 4 : 0.000028 0.000028 0.000028 0.000028 0.999749 0.000028 0.000028 0.000028 0.000028 0.000028
50 50 (0) 4 : 0.000029 0.000029 0.000029 0.000029 0.999743 0.000029 0.000029 0.000029 0.000029 0.000029
51 51 (0) 1 : 0.000019 0.000019 0.000019 0.000019 0.000019 0.000019 0.000019 0.000019 0.999829 0.000019
52 52 (0) 1 : 0.000020 0.000020 0.000020 0.000020 0.000020 0.000020 0.000020 0.000020 0.999821 0.000020
53 53 (0) 1 : 0.000032 0.000032 0.000032 0.000032 0.264806 0.000032 0.000032 0.000032 0.734938 0.000032
54 54 (0) 1 : 0.000022 0.000022 0.000022 0.000022 0.598955 0.000022 0.000022 0.000022 0.400867 0.000022
55 55 (0) 1 : 0.000034 0.000034 0.000034 0.000034 0.336532 0.000034 0.000034 0.000034 0.663193 0.000034
56 56 (0) 1 : 0.000022 0.000022 0.000022 0.000022 0.535189 0.000022 0.000022 0.000022 0.464638 0.000022
57 57 (0) 1 : 0.000021 0.000021 0.000021 0.000021 0.515402 0.000021 0.000021 0.000021 0.484434 0.000021
58 58 (0) 1 : 0.000028 0.000028 0.000028 0.000028 0.419860 0.000028 0.000028 0.000028 0.579919 0.000028
59 59 (0) 1 : 0.000027 0.000027 0.000027 0.000027 0.000027 0.000027 0.000027 0.000027 0.999758 0.000027
60 60 (0) 1 : 0.000028 0.000028 0.000028 0.000028 0.000028 0.000028 0.000028 0.000028 0.999750 0.000028
61 61 (0) 1 : 0.000019 0.000019 0.000019 0.000019 0.000019 0.000019 0.000019 0.000019 0.999825 0.000019
62 62 (0) 1 : 0.000025 0.000025 0.000025 0.000025 0.142680 0.000025 0.000025 0.000025 0.857123 0.000025
63 63 (0) 1 : 0.000026 0.000026 0.000026 0.000026 0.111253 0.000026 0.000026 0.000026 0.888540 0.000026
64 64 (0) 1 : 0.000029 0.000029 0.000029 0.000029 0.000029 0.000029 0.000029 0.000029 0.999741 0.000029
65 65 (0) 1 : 0.000028 0.000028 0.000028 0.000028 0.000028 0.000028 0.000028 0.000028 0.999745 0.000028
66 66 (0) 1 : 0.000031 0.000031 0.000031 0.000031 0.000031 0.000031 0.000031 0.000031 0.999717 0.000031
67 67 (0) 1 : 0.000028 0.000028 0.000028 0.000028 0.000028 0.000028 0.000028 0.000028 0.999751 0.000028
68 68 (0) 1 : 0.000032 0.000032 0.000032 0.000032 0.000032 0.000032 0.000032 0.000032 0.999711 0.000032
69 69 (0) 1 : 0.000034 0.000034 0.000034 0.000034 0.000034 0.000034 0.000034 0.000034 0.999692 0.000034
70 70 (0) 1 : 0.000026 0.000026 0.000026 0.000026 0.000026 0.000026 0.000026 0.000026 0.999765 0.000026
71 71 (0) 1 : 0.000031 0.000031 0.000031 0.000031 0.000031 0.000031 0.000031 0.000031 0.999725 0.000031
72 72 (0) 1 : 0.000030 0.000030 0.000030 0.000030 0.000030 0.000030 0.000030 0.000030 0.999731 0.000030
73 73 (0) 1 : 0.000028 0.000028 0.000028 0.000028 0.000028 0.000028 0.000028 0.000028 0.999748 0.000028
74 74 (0) 1 : 0.000020 0.000020 0.000020 0.000020 0.000020 0.000020 0.000020 0.000020 0.999822 0.000020
75 75 (0) 1 : 0.000019 0.000019 0.000019 0.000019 0.000019 0.000019 0.000019 0.000019 0.999825 0.000019
76 76 (0) 1 : 0.000038 0.000038 0.000038 0.000038 0.000038 0.000038 0.000038 0.000038 0.999655 0.000038
77 77 (0) 1 : 0.000030 0.000030 0.000030 0.000030 0.000030 0.000030 0.000030 0.000030 0.999729 0.000030
78 78 (0) 1 : 0.000030 0.000030 0.000030 0.000030 0.000030 0.000030 0.000030 0.000030 0.999733 0.000030
79 79 (0) 1 : 0.000025 0.000025 0.000025 0.000025 0.281592 0.000025 0.000025 0.000025 0.718211 0.000025
80 80 (0) 1 : 0.000019 0.000019 0.000019 0.000019 0.000019 0.000019 0.000019 0.000019 0.999825 0.000019
81 81 (0) 1 : 0.000019 0.000019 0.000019 0.000019 0.000019 0.000019 0.000019 0.000019 0.999825 0.000019
82 82 (0) 1 : 0.000022 0.000022 0.000022 0.000022 0.000022 0.000022 0.000022 0.000022 0.999804 0.000022
83 83 (0) 1 : 0.000028 0.000028 0.000028 0.000028 0.000028 0.000028 0.114160 0.000028 0.885614 0.000028
84 84 (0) 1 : 0.000038 0.000038 0.000038 0.000038 0.017563 0.000038 0.000038 0.000038 0.982129 0.000038
85 85 (0) 1 : 0.000020 0.000020 0.000020 0.000020 0.000020 0.000020 0.000020 0.000020 0.999822 0.000020
86 86 (0) 1 : 0.000019 0.000019 0.000019 0.000019 0.000019 0.000019 0.000019 0.000019 0.999825 0.000019
87 87 (0) 5 : 0.000030 0.000030 0.000030 0.000030 0.719822 0.000030 0.000030 0.000030 0.279937 0.000030
88 88 (0) 5 : 0.000026 0.000026 0.000026 0.000026 0.768027 0.000026 0.000026 0.000026 0.231766 0.000026
89 89 (0) 5 : 0.000020 0.000020 0.000020 0.000020 0.588987 0.000020 0.000020 0.000020 0.410850 0.000020
90 90 (0) 5 : 0.000030 0.000030 0.000030 0.000030 0.999730 0.000030 0.000030 0.000030 0.000030 0.000030
91 91 (0) 5 : 0.000028 0.000028 0.000028 0.000028 0.999744 0.000028 0.000028 0.000028 0.000028 0.000028
92 92 (0) 5 : 0.000023 0.000023 0.000023 0.000023 0.754792 0.000023 0.000023 0.000023 0.245024 0.000023
93 93 (0) 5 : 0.000032 0.000032 0.000032 0.000032 0.999712 0.000032 0.000032 0.000032 0.000032 0.000032
94 94 (0) 5 : 0.000024 0.000024 0.000024 0.000024 0.999785 0.000024 0.000024 0.000024 0.000024 0.000024
95 95 (0) 5 : 0.000031 0.000031 0.000031 0.000031 0.999723 0.000031 0.000031 0.000031 0.000031 0.000031
96 96 (0) 5 : 0.000027 0.000027 0.000027 0.000027 0.999753 0.000027 0.000027 0.000027 0.000027 0.000027
97 97 (0) 6 : 0.000027 0.000027 0.000027 0.000027 0.000027 0.000027 0.999755 0.000027 0.000027 0.000027
98 98 (0) 6 : 0.000026 0.000026 0.000026 0.000026 0.000026 0.000026 0.999763 0.000026 0.000026 0.000026
99 99 (0) 6 : 0.000026 0.000026 0.000026 0.000026 0.000026 0.000026 0.999762 0.000026 0.000026 0.000026
100 100 (0) 6 : 0.000021 0.000021 0.000021 0.000021 0.000021 0.000021 0.000021 0.000021 0.999808 0.000021
101 101 (0) 6 : 0.000021 0.000021 0.000021 0.000021 0.000021 0.000021 0.000021 0.000021 0.999808 0.000021
102 102 (0) 6 : 0.000020 0.000020 0.000020 0.000020 0.000020 0.000020 0.000020 0.000020 0.999819 0.000020
103 103 (0) 6 : 0.000027 0.000027 0.000027 0.000027 0.000027 0.000027 0.999759 0.000027 0.000027 0.000027
104 104 (0) 6 : 0.000028 0.000028 0.000028 0.000028 0.000028 0.000028 0.999745 0.000028 0.000028 0.000028
105 105 (0) 6 : 0.000028 0.000028 0.000028 0.000028 0.000028 0.000028 0.999749 0.000028 0.000028 0.000028
106 106 (0) 6 : 0.000031 0.000031 0.000031 0.000031 0.000031 0.000031 0.999718 0.000031 0.000031 0.000031
107 107 (0) 6 : 0.000028 0.000028 0.000028 0.000028 0.000028 0.000028 0.999748 0.000028 0.000028 0.000028
108 108 (0) 6 : 0.000029 0.000029 0.000029 0.000029 0.000029 0.000029 0.999735 0.000029 0.000029 0.000029
109 109 (0) 6 : 0.000029 0.000029 0.000029 0.000029 0.000029 0.000029 0.999740 0.000029 0.000029 0.000029
110 110 (0) 2 : 0.847162 0.000022 0.000022 0.000022 0.000022 0.000022 0.000022 0.000022 0.152659 0.000022
111 111 (0) 2 : 0.999743 0.000029 0.000029 0.000029 0.000029 0.000029 0.000029 0.000029 0.000029 0.000029
112 112 (0) 2 : 0.999739 0.000029 0.000029 0.000029 0.000029 0.000029 0.000029 0.000029 0.000029 0.000029
113 113 (0) 2 : 0.999761 0.000027 0.000027 0.000027 0.000027 0.000027 0.000027 0.000027 0.000027 0.000027
114 114 (0) 2 : 0.999751 0.000028 0.000028 0.000028 0.000028 0.000028 0.000028 0.000028 0.000028 0.000028
115 115 (0) 3 : 0.019850 0.000020 0.000020 0.000020 0.000020 0.000020 0.000020 0.000020 0.979992 0.000020
1 1 (0) 1 : 0.000029 0.000029 0.000029 0.000029 0.999740 0.000029 0.000029 0.000029 0.000029 0.000029
2 2 (0) 1 : 0.000028 0.000028 0.000028 0.000028 0.999752 0.000028 0.000028 0.000028 0.000028 0.000028
3 3 (0) 1 : 0.000029 0.000029 0.000029 0.000029 0.999736 0.000029 0.000029 0.000029 0.000029 0.000029
4 4 (0) 1 : 0.000029 0.000029 0.000029 0.000029 0.999735 0.000029 0.000029 0.000029 0.000029 0.000029
5 5 (0) 1 : 0.000031 0.000031 0.000031 0.000031 0.999723 0.000031 0.000031 0.000031 0.000031 0.000031
6 6 (0) 1 : 0.000030 0.000030 0.000030 0.000030 0.999733 0.000030 0.000030 0.000030 0.000030 0.000030
7 7 (0) 1 : 0.000032 0.000032 0.000032 0.000032 0.999714 0.000032 0.000032 0.000032 0.000032 0.000032
8 8 (0) 1 : 0.000022 0.000022 0.000022 0.000022 0.999799 0.000022 0.000022 0.000022 0.000022 0.000022
9 9 (0) 1 : 0.000021 0.000021 0.000021 0.000021 0.999811 0.000021 0.000021 0.000021 0.000021 0.000021
10 10 (0) 1 : 0.000025 0.000025 0.000025 0.000025 0.999779 0.000025 0.000025 0.000025 0.000025 0.000025
11 11 (0) 1 : 0.000029 0.000029 0.000029 0.000029 0.999742 0.000029 0.000029 0.000029 0.000029 0.000029
12 12 (0) 1 : 0.000024 0.000024 0.000024 0.000024 0.999788 0.000024 0.000024 0.000024 0.000024 0.000024
13 13 (0) 1 : 0.000028 0.000028 0.000028 0.000028 0.999747 0.000028 0.000028 0.000028 0.000028 0.000028
14 14 (0) 1 : 0.000028 0.000028 0.000028 0.000028 0.999745 0.000028 0.000028 0.000028 0.000028 0.000028
15 15 (0) 1 : 0.000028 0.000028 0.000028 0.000028 0.999744 0.000028 0.000028 0.000028 0.000028 0.000028
16 16 (0) 1 : 0.000030 0.000030 0.000030 0.000030 0.999730 0.000030 0.000030 0.000030 0.000030 0.000030
17 17 (0) 1 : 0.000033 0.000033 0.000033 0.000033 0.999707 0.000033 0.000033 0.000033 0.000033 0.000033
18 18 (0) 2 : 0.000022 0.999801 0.000022 0.000022 0.000022 0.000022 0.000022 0.000022 0.000022 0.000022
19 19 (0) 2 : 0.000029 0.999743 0.000029 0.000029 0.000029 0.000029 0.000029 0.000029 0.000029 0.000029
20 20 (0) 3 : 0.000022 0.046955 0.000022 0.000022 0.952865 0.000022 0.000022 0.000022 0.000022 0.000022
21 21 (0) 3 : 0.000023 0.043199 0.000023 0.000023 0.956613 0.000023 0.000023 0.000023 0.000023 0.000023
22 22 (0) 2 : 0.000029 0.999738 0.000029 0.000029 0.000029 0.000029 0.000029 0.000029 0.000029 0.000029
23 23 (0) 2 : 0.000022 0.999798 0.000022 0.000022 0.000022 0.000022 0.000022 0.000022 0.000022 0.000022
24 24 (0) 2 : 0.000022 0.999805 0.000022 0.000022 0.000022 0.000022 0.000022 0.000022 0.000022 0.000022
25 25 (0) 4 : 0.000026 0.000026 0.000026 0.000026 0.000026 0.000026 0.000026 0.000026 0.999767 0.000026
26 26 (0) 4 : 0.000023 0.000023 0.000023 0.320172 0.000023 0.000023 0.000023 0.000023 0.679647 0.000023
27 27 (0) 4 : 0.000033 0.000033 0.000033 0.999700 0.000033 0.000033 0.000033 0.000033 0.000033 0.000033
28 28 (0) 4 : 0.000029 0.000029 0.000029 0.999736 0.000029 0.000029 0.000029 0.000029 0.000029 0.000029
29 29 (0) 4 : 0.000035 0.000035 0.000035 0.000035 0.000035 0.000035 0.000035 0.000035 0.999689 0.000035
30 30 (0) 4 : 0.000038 0.000038 0.000038 0.000038 0.075568 0.000038 0.000038 0.000038 0.924125 0.000038
31 31 (0) 4 : 0.000031 0.000031 0.000031 0.000031 0.000031 0.000031 0.000031 0.000031 0.999718 0.000031
32 32 (0) 4 : 0.000033 0.000033 0.000033 0.000033 0.000033 0.000033 0.000033 0.000033 0.999703 0.000033
33 33 (0) 4 : 0.000028 0.000028 0.000028 0.000028 0.000028 0.000028 0.000028 0.000028 0.999747 0.000028
34 34 (0) 4 : 0.000022 0.000022 0.000022 0.000022 0.000022 0.000022 0.000022 0.000022 0.999805 0.000022
35 35 (0) 4 : 0.000021 0.000021 0.000021 0.000021 0.000021 0.000021 0.000021 0.000021 0.999813 0.000021
36 36 (0) 4 : 0.000021 0.000021 0.000021 0.000021 0.000021 0.000021 0.000021 0.000021 0.999812 0.000021
37 37 (0) 4 : 0.000021 0.000021 0.000021 0.000021 0.000021 0.000021 0.000021 0.000021 0.999809 0.000021
38 38 (0) 4 : 0.000027 0.000027 0.000027 0.999758 0.000027 0.000027 0.000027 0.000027 0.000027 0.000027
39 39 (0) 4 : 0.000022 0.000022 0.000022 0.000022 0.000022 0.000022 0.000022 0.000022 0.999800 0.000022
40 40 (0) 4 : 0.000021 0.000021 0.000021 0.000021 0.000021 0.000021 0.000021 0.000021 0.999813 0.000021
41 41 (0) 4 : 0.000030 0.000030 0.000030 0.000030 0.000030 0.000030 0.000030 0.000030 0.999733 0.000030
42 42 (0) 4 : 0.000029 0.000029 0.000029 0.000029 0.000029 0.000029 0.000029 0.000029 0.999741 0.000029
43 43 (0) 4 : 0.000030 0.000030 0.000030 0.000030 0.000030 0.000030 0.000030 0.000030 0.999730 0.000030
44 44 (0) 4 : 0.000029 0.000029 0.000029 0.000029 0.000029 0.000029 0.000029 0.000029 0.999740 0.000029
45 45 (0) 4 : 0.000029 0.000029 0.000029 0.000029 0.000029 0.000029 0.000029 0.000029 0.999737 0.000029
46 46 (0) 4 : 0.000029 0.000029 0.000029 0.000029 0.000029 0.000029 0.000029 0.000029 0.999739 0.000029
47 47 (0) 4 : 0.000030 0.000030 0.000030 0.000030 0.000030 0.000030 0.000030 0.000030 0.999730 0.000030
48 48 (0) 4 : 0.000028 0.000028 0.000028 0.000028 0.000028 0.000028 0.000028 0.000028 0.999744 0.000028
49 49 (0) 4 : 0.000028 0.000028 0.000028 0.999749 0.000028 0.000028 0.000028 0.000028 0.000028 0.000028
50 50 (0) 4 : 0.000029 0.000029 0.000029 0.999743 0.000029 0.000029 0.000029 0.000029 0.000029 0.000029
51 51 (0) 1 : 0.000019 0.000019 0.000019 0.000019 0.999829 0.000019 0.000019 0.000019 0.000019 0.000019
52 52 (0) 1 : 0.000020 0.000020 0.000020 0.000020 0.999820 0.000020 0.000020 0.000020 0.000020 0.000020
53 53 (0) 1 : 0.000032 0.000032 0.000032 0.000032 0.592563 0.000032 0.000032 0.000032 0.407181 0.000032
54 54 (0) 1 : 0.000022 0.000022 0.000022 0.000022 0.303012 0.000022 0.000022 0.000022 0.696810 0.000022
55 55 (0) 1 : 0.000034 0.000034 0.000034 0.000034 0.602483 0.000034 0.000034 0.000034 0.397242 0.000034
56 56 (0) 1 : 0.000022 0.000022 0.000022 0.000022 0.372886 0.000022 0.000022 0.000022 0.626941 0.000022
57 57 (0) 1 : 0.000021 0.000021 0.000021 0.000021 0.392037 0.000021 0.000021 0.000021 0.607799 0.000021
58 58 (0) 1 : 0.000028 0.000028 0.000028 0.000028 0.508370 0.000028 0.000028 0.000028 0.491409 0.000028
59 59 (0) 1 : 0.000027 0.000027 0.000027 0.000027 0.982409 0.000027 0.000027 0.000027 0.017375 0.000027
60 60 (0) 1 : 0.000028 0.000028 0.000028 0.000028 0.999750 0.000028 0.000028 0.000028 0.000028 0.000028
61 61 (0) 1 : 0.000019 0.000019 0.000019 0.000019 0.999825 0.000019 0.000019 0.000019 0.000019 0.000019
62 62 (0) 1 : 0.000025 0.000025 0.000025 0.000025 0.817031 0.000025 0.000025 0.000025 0.182772 0.000025
63 63 (0) 1 : 0.000026 0.000026 0.000026 0.000026 0.861510 0.000026 0.000026 0.000026 0.138283 0.000026
64 64 (0) 1 : 0.000029 0.000029 0.000029 0.000029 0.999741 0.000029 0.000029 0.000029 0.000029 0.000029
65 65 (0) 1 : 0.000028 0.000028 0.000028 0.000028 0.999745 0.000028 0.000028 0.000028 0.000028 0.000028
66 66 (0) 1 : 0.000031 0.000031 0.000031 0.000031 0.999717 0.000031 0.000031 0.000031 0.000031 0.000031
67 67 (0) 1 : 0.000028 0.000028 0.000028 0.000028 0.999751 0.000028 0.000028 0.000028 0.000028 0.000028
68 68 (0) 1 : 0.000032 0.000032 0.000032 0.000032 0.999711 0.000032 0.000032 0.000032 0.000032 0.000032
69 69 (0) 1 : 0.000034 0.000034 0.000034 0.000034 0.999692 0.000034 0.000034 0.000034 0.000034 0.000034
70 70 (0) 1 : 0.000026 0.000026 0.000026 0.000026 0.999765 0.000026 0.000026 0.000026 0.000026 0.000026
71 71 (0) 1 : 0.000031 0.000031 0.000031 0.000031 0.999725 0.000031 0.000031 0.000031 0.000031 0.000031
72 72 (0) 1 : 0.000030 0.000030 0.000030 0.000030 0.999731 0.000030 0.000030 0.000030 0.000030 0.000030
73 73 (0) 1 : 0.000028 0.000028 0.000028 0.000028 0.999748 0.000028 0.000028 0.000028 0.000028 0.000028
74 74 (0) 1 : 0.000020 0.000020 0.000020 0.000020 0.999822 0.000020 0.000020 0.000020 0.000020 0.000020
75 75 (0) 1 : 0.000019 0.000019 0.000019 0.000019 0.999825 0.000019 0.000019 0.000019 0.000019 0.000019
76 76 (0) 1 : 0.000038 0.000038 0.000038 0.000038 0.999655 0.000038 0.000038 0.000038 0.000038 0.000038
77 77 (0) 1 : 0.000030 0.000030 0.000030 0.000030 0.999729 0.000030 0.000030 0.000030 0.000030 0.000030
78 78 (0) 1 : 0.000030 0.000030 0.000030 0.000030 0.999733 0.000030 0.000030 0.000030 0.000030 0.000030
79 79 (0) 1 : 0.000025 0.000025 0.000025 0.000025 0.613851 0.000025 0.000025 0.000025 0.385952 0.000025
80 80 (0) 1 : 0.000019 0.000019 0.000019 0.000019 0.999825 0.000019 0.000019 0.000019 0.000019 0.000019
81 81 (0) 1 : 0.000019 0.000019 0.000019 0.000019 0.999825 0.000019 0.000019 0.000019 0.000019 0.000019
82 82 (0) 1 : 0.000022 0.000022 0.000022 0.000022 0.999804 0.000022 0.000022 0.000022 0.000022 0.000022
83 83 (0) 1 : 0.000028 0.000028 0.000028 0.000028 0.999746 0.000028 0.000028 0.000028 0.000028 0.000028
84 84 (0) 1 : 0.000038 0.000038 0.000038 0.000038 0.935268 0.000038 0.000038 0.000038 0.064424 0.000038
85 85 (0) 1 : 0.000020 0.000020 0.000020 0.000020 0.999822 0.000020 0.000020 0.000020 0.000020 0.000020
86 86 (0) 1 : 0.000019 0.000019 0.000019 0.000019 0.999825 0.000019 0.000019 0.000019 0.000019 0.000019
87 87 (0) 5 : 0.000030 0.000030 0.000030 0.000030 0.207911 0.000030 0.000030 0.000030 0.791848 0.000030
88 88 (0) 5 : 0.000026 0.000026 0.000026 0.000026 0.191776 0.000026 0.000026 0.000026 0.808016 0.000026
89 89 (0) 5 : 0.000020 0.000020 0.000020 0.000020 0.322059 0.000020 0.000020 0.000020 0.677778 0.000020
90 90 (0) 5 : 0.000030 0.000030 0.000030 0.000030 0.000030 0.000030 0.000030 0.000030 0.999730 0.000030
91 91 (0) 5 : 0.000028 0.000028 0.000028 0.000028 0.000028 0.000028 0.000028 0.000028 0.999744 0.000028
92 92 (0) 5 : 0.000023 0.000023 0.000023 0.000023 0.172439 0.000023 0.000023 0.000023 0.827377 0.000023
93 93 (0) 5 : 0.000032 0.000032 0.000032 0.000032 0.000032 0.000032 0.000032 0.000032 0.999712 0.000032
94 94 (0) 5 : 0.000024 0.000024 0.000024 0.000024 0.099069 0.000024 0.000024 0.000024 0.900740 0.000024
95 95 (0) 5 : 0.000031 0.000031 0.000031 0.000031 0.000031 0.000031 0.000031 0.000031 0.999723 0.000031
96 96 (0) 5 : 0.000027 0.000027 0.000027 0.000027 0.000027 0.000027 0.000027 0.000027 0.999753 0.000027
97 97 (0) 6 : 0.000027 0.000027 0.000027 0.000027 0.999755 0.000027 0.000027 0.000027 0.000027 0.000027
98 98 (0) 6 : 0.000026 0.000026 0.000026 0.000026 0.999763 0.000026 0.000026 0.000026 0.000026 0.000026
99 99 (0) 6 : 0.000026 0.000026 0.000026 0.000026 0.999762 0.000026 0.000026 0.000026 0.000026 0.000026
100 100 (0) 6 : 0.000021 0.000021 0.000021 0.000021 0.999808 0.000021 0.000021 0.000021 0.000021 0.000021
101 101 (0) 6 : 0.000021 0.000021 0.000021 0.000021 0.999808 0.000021 0.000021 0.000021 0.000021 0.000021
102 102 (0) 6 : 0.000020 0.000020 0.000020 0.000020 0.999819 0.000020 0.000020 0.000020 0.000020 0.000020
103 103 (0) 6 : 0.000027 0.000027 0.000027 0.000027 0.999759 0.000027 0.000027 0.000027 0.000027 0.000027
104 104 (0) 6 : 0.000028 0.000028 0.000028 0.000028 0.999745 0.000028 0.000028 0.000028 0.000028 0.000028
105 105 (0) 6 : 0.000028 0.000028 0.000028 0.000028 0.999749 0.000028 0.000028 0.000028 0.000028 0.000028
106 106 (0) 6 : 0.000031 0.000031 0.000031 0.000031 0.999718 0.000031 0.000031 0.000031 0.000031 0.000031
107 107 (0) 6 : 0.000028 0.000028 0.000028 0.000028 0.999748 0.000028 0.000028 0.000028 0.000028 0.000028
108 108 (0) 6 : 0.000029 0.000029 0.000029 0.000029 0.999735 0.000029 0.000029 0.000029 0.000029 0.000029
109 109 (0) 6 : 0.000029 0.000029 0.000029 0.000029 0.999740 0.000029 0.000029 0.000029 0.000029 0.000029
110 110 (0) 2 : 0.000022 0.850788 0.000022 0.000022 0.149034 0.000022 0.000022 0.000022 0.000022 0.000022
111 111 (0) 2 : 0.000029 0.999743 0.000029 0.000029 0.000029 0.000029 0.000029 0.000029 0.000029 0.000029
112 112 (0) 2 : 0.000029 0.999739 0.000029 0.000029 0.000029 0.000029 0.000029 0.000029 0.000029 0.000029
113 113 (0) 2 : 0.000027 0.999761 0.000027 0.000027 0.000027 0.000027 0.000027 0.000027 0.000027 0.000027
114 114 (0) 2 : 0.000028 0.999751 0.000028 0.000028 0.000028 0.000028 0.000028 0.000028 0.000028 0.000028
115 115 (0) 3 : 0.000020 0.068528 0.000020 0.000020 0.931314 0.000020 0.000020 0.000020 0.000020 0.000020
1 1 (0) 1 : 0.000029 0.000029 0.000029 0.000029 0.000029 0.999740 0.000029 0.000029 0.000029 0.000029
2 2 (0) 1 : 0.000028 0.000028 0.000028 0.000028 0.000028 0.999752 0.000028 0.000028 0.000028 0.000028
3 3 (0) 1 : 0.000029 0.000029 0.000029 0.000029 0.000029 0.999736 0.000029 0.000029 0.000029 0.000029
4 4 (0) 1 : 0.000029 0.000029 0.000029 0.000029 0.000029 0.999735 0.000029 0.000029 0.000029 0.000029
5 5 (0) 1 : 0.000031 0.000031 0.000031 0.000031 0.000031 0.999723 0.000031 0.000031 0.000031 0.000031
6 6 (0) 1 : 0.000030 0.000030 0.000030 0.000030 0.000030 0.999733 0.000030 0.000030 0.000030 0.000030
7 7 (0) 1 : 0.000032 0.000032 0.000032 0.000032 0.000032 0.999714 0.000032 0.000032 0.000032 0.000032
8 8 (0) 1 : 0.000022 0.000022 0.000022 0.000022 0.000022 0.999799 0.000022 0.000022 0.000022 0.000022
9 9 (0) 1 : 0.000021 0.000021 0.000021 0.000021 0.000021 0.999811 0.000021 0.000021 0.000021 0.000021
10 10 (0) 1 : 0.000025 0.000025 0.000025 0.000025 0.000025 0.999779 0.000025 0.000025 0.000025 0.000025
11 11 (0) 1 : 0.000029 0.000029 0.000029 0.000029 0.000029 0.999742 0.000029 0.000029 0.000029 0.000029
12 12 (0) 1 : 0.000024 0.000024 0.000024 0.000024 0.000024 0.999788 0.000024 0.000024 0.000024 0.000024
13 13 (0) 1 : 0.000028 0.000028 0.000028 0.000028 0.000028 0.999747 0.000028 0.000028 0.000028 0.000028
14 14 (0) 1 : 0.000028 0.000028 0.000028 0.000028 0.000028 0.999745 0.000028 0.000028 0.000028 0.000028
15 15 (0) 1 : 0.000028 0.000028 0.000028 0.000028 0.000028 0.999744 0.000028 0.000028 0.000028 0.000028
16 16 (0) 1 : 0.000030 0.000030 0.000030 0.000030 0.000030 0.999730 0.000030 0.000030 0.000030 0.000030
17 17 (0) 1 : 0.000033 0.000033 0.000033 0.000033 0.000033 0.999707 0.000033 0.000033 0.000033 0.000033
18 18 (0) 2 : 0.000022 0.000022 0.999801 0.000022 0.000022 0.000022 0.000022 0.000022 0.000022 0.000022
19 19 (0) 2 : 0.000029 0.000029 0.999743 0.000029 0.000029 0.000029 0.000029 0.000029 0.000029 0.000029
20 20 (0) 3 : 0.000022 0.000022 0.000022 0.000022 0.000022 0.999798 0.000022 0.000022 0.000022 0.000022
21 21 (0) 3 : 0.000023 0.000023 0.000023 0.000023 0.000023 0.999789 0.000023 0.000023 0.000023 0.000023
22 22 (0) 2 : 0.000029 0.000029 0.999738 0.000029 0.000029 0.000029 0.000029 0.000029 0.000029 0.000029
23 23 (0) 2 : 0.000022 0.000022 0.999798 0.000022 0.000022 0.000022 0.000022 0.000022 0.000022 0.000022
24 24 (0) 2 : 0.000022 0.000022 0.999805 0.000022 0.000022 0.000022 0.000022 0.000022 0.000022 0.000022
25 25 (0) 4 : 0.000026 0.000026 0.000026 0.000026 0.000026 0.000026 0.000026 0.999767 0.000026 0.000026
26 26 (0) 4 : 0.000023 0.000023 0.000023 0.000023 0.000023 0.000023 0.000023 0.999796 0.000023 0.000023
27 27 (0) 4 : 0.000033 0.000033 0.000033 0.000033 0.000033 0.000033 0.000033 0.999700 0.000033 0.000033
28 28 (0) 4 : 0.000029 0.000029 0.000029 0.000029 0.000029 0.000029 0.000029 0.999736 0.000029 0.000029
29 29 (0) 4 : 0.000035 0.000035 0.000035 0.000035 0.000035 0.000035 0.000035 0.999689 0.000035 0.000035
30 30 (0) 4 : 0.000038 0.000038 0.000038 0.000038 0.000038 0.000038 0.000038 0.999654 0.000038 0.000038
31 31 (0) 4 : 0.000031 0.000031 0.000031 0.000031 0.000031 0.000031 0.000031 0.999718 0.000031 0.000031
32 32 (0) 4 : 0.000033 0.000033 0.000033 0.000033 0.000033 0.000033 0.000033 0.999703 0.000033 0.000033
33 33 (0) 4 : 0.000028 0.000028 0.000028 0.000028 0.000028 0.000028 0.000028 0.999747 0.000028 0.000028
34 34 (0) 4 : 0.000022 0.000022 0.000022 0.000022 0.000022 0.000022 0.000022 0.999805 0.000022 0.000022
35 35 (0) 4 : 0.000021 0.000021 0.000021 0.000021 0.000021 0.000021 0.000021 0.999813 0.000021 0.000021
36 36 (0) 4 : 0.000021 0.000021 0.000021 0.000021 0.000021 0.000021 0.000021 0.999812 0.000021 0.000021
37 37 (0) 4 : 0.000021 0.000021 0.000021 0.000021 0.000021 0.000021 0.000021 0.999809 0.000021 0.000021
38 38 (0) 4 : 0.000027 0.000027 0.000027 0.000027 0.000027 0.000027 0.000027 0.999758 0.000027 0.000027
39 39 (0) 4 : 0.000022 0.000022 0.000022 0.000022 0.000022 0.000022 0.000022 0.999800 0.000022 0.000022
40 40 (0) 4 : 0.000021 0.000021 0.000021 0.000021 0.000021 0.000021 0.000021 0.999813 0.000021 0.000021
41 41 (0) 4 : 0.000030 0.000030 0.000030 0.000030 0.000030 0.000030 0.000030 0.999733 0.000030 0.000030
42 42 (0) 4 : 0.000029 0.000029 0.000029 0.000029 0.000029 0.000029 0.000029 0.999741 0.000029 0.000029
43 43 (0) 4 : 0.000030 0.000030 0.000030 0.000030 0.000030 0.000030 0.000030 0.999730 0.000030 0.000030
44 44 (0) 4 : 0.000029 0.000029 0.000029 0.000029 0.000029 0.000029 0.000029 0.999740 0.000029 0.000029
45 45 (0) 4 : 0.000029 0.000029 0.000029 0.000029 0.000029 0.000029 0.000029 0.999737 0.000029 0.000029
46 46 (0) 4 : 0.000029 0.000029 0.000029 0.000029 0.000029 0.000029 0.000029 0.999739 0.000029 0.000029
47 47 (0) 4 : 0.000030 0.000030 0.000030 0.000030 0.000030 0.000030 0.000030 0.999730 0.000030 0.000030
48 48 (0) 4 : 0.000028 0.000028 0.000028 0.000028 0.000028 0.000028 0.000028 0.999744 0.000028 0.000028
49 49 (0) 4 : 0.000028 0.000028 0.000028 0.000028 0.000028 0.000028 0.000028 0.999749 0.000028 0.000028
50 50 (0) 4 : 0.000029 0.000029 0.000029 0.000029 0.000029 0.000029 0.000029 0.999743 0.000029 0.000029
51 51 (0) 1 : 0.000019 0.000019 0.000019 0.000019 0.000019 0.999829 0.000019 0.000019 0.000019 0.000019
52 52 (0) 1 : 0.000020 0.000020 0.000020 0.000020 0.000020 0.999821 0.000020 0.000020 0.000020 0.000020
53 53 (0) 1 : 0.000032 0.000032 0.000032 0.000032 0.000032 0.999712 0.000032 0.000032 0.000032 0.000032
54 54 (0) 1 : 0.000022 0.000022 0.000022 0.000022 0.000022 0.999800 0.000022 0.000022 0.000022 0.000022
55 55 (0) 1 : 0.000034 0.000034 0.000034 0.000034 0.000034 0.809347 0.000034 0.190378 0.000034 0.000034
56 56 (0) 1 : 0.000022 0.000022 0.000022 0.000022 0.000022 0.999806 0.000022 0.000022 0.000022 0.000022
57 57 (0) 1 : 0.000021 0.000021 0.000021 0.000021 0.000021 0.999815 0.000021 0.000021 0.000021 0.000021
58 58 (0) 1 : 0.000028 0.000028 0.000028 0.000028 0.000028 0.840088 0.000028 0.159691 0.000028 0.000028
59 59 (0) 1 : 0.000027 0.000027 0.000027 0.000027 0.000027 0.999758 0.000027 0.000027 0.000027 0.000027
60 60 (0) 1 : 0.000028 0.000028 0.000028 0.000028 0.000028 0.999750 0.000028 0.000028 0.000028 0.000028
61 61 (0) 1 : 0.000019 0.000019 0.000019 0.000019 0.000019 0.999825 0.000019 0.000019 0.000019 0.000019
62 62 (0) 1 : 0.000025 0.000025 0.000025 0.000025 0.000025 0.999778 0.000025 0.000025 0.000025 0.000025
63 63 (0) 1 : 0.000026 0.000026 0.000026 0.000026 0.000026 0.999767 0.000026 0.000026 0.000026 0.000026
64 64 (0) 1 : 0.000029 0.000029 0.000029 0.000029 0.000029 0.999741 0.000029 0.000029 0.000029 0.000029
65 65 (0) 1 : 0.000028 0.000028 0.000028 0.000028 0.000028 0.999745 0.000028 0.000028 0.000028 0.000028
66 66 (0) 1 : 0.000031 0.000031 0.000031 0.000031 0.000031 0.999717 0.000031 0.000031 0.000031 0.000031
67 67 (0) 1 : 0.000028 0.000028 0.000028 0.000028 0.000028 0.999751 0.000028 0.000028 0.000028 0.000028
68 68 (0) 1 : 0.000032 0.000032 0.000032 0.000032 0.000032 0.999711 0.000032 0.000032 0.000032 0.000032
69 69 (0) 1 : 0.000034 0.000034 0.000034 0.000034 0.000034 0.999692 0.000034 0.000034 0.000034 0.000034
70 70 (0) 1 : 0.000026 0.000026 0.000026 0.000026 0.000026 0.999765 0.000026 0.000026 0.000026 0.000026
71 71 (0) 1 : 0.000031 0.000031 0.000031 0.000031 0.000031 0.999725 0.000031 0.000031 0.000031 0.000031
72 72 (0) 1 : 0.000030 0.000030 0.000030 0.000030 0.000030 0.999731 0.000030 0.000030 0.000030 0.000030
73 73 (0) 1 : 0.000028 0.000028 0.000028 0.000028 0.000028 0.999748 0.000028 0.000028 0.000028 0.000028
74 74 (0) 1 : 0.000020 0.000020 0.000020 0.000020 0.000020 0.999822 0.000020 0.000020 0.000020 0.000020
75 75 (0) 1 : 0.000019 0.000019 0.000019 0.000019 0.000019 0.999825 0.000019 0.000019 0.000019 0.000019
76 76 (0) 1 : 0.000038 0.000038 0.000038 0.000038 0.000038 0.999655 0.000038 0.000038 0.000038 0.000038
77 77 (0) 1 : 0.000030 0.000030 0.000030 0.000030 0.000030 0.999729 0.000030 0.000030 0.000030 0.000030
78 78 (0) 1 : 0.000030 0.000030 0.000030 0.000030 0.000030 0.999733 0.000030 0.000030 0.000030 0.000030
79 79 (0) 1 : 0.000025 0.000025 0.000025 0.000025 0.000025 0.999778 0.000025 0.000025 0.000025 0.000025
80 80 (0) 1 : 0.000019 0.000019 0.000019 0.000019 0.000019 0.999825 0.000019 0.000019 0.000019 0.000019
81 81 (0) 1 : 0.000019 0.000019 0.000019 0.000019 0.000019 0.999825 0.000019 0.000019 0.000019 0.000019
82 82 (0) 1 : 0.000022 0.000022 0.000022 0.000022 0.000022 0.999804 0.000022 0.000022 0.000022 0.000022
83 83 (0) 1 : 0.000028 0.000028 0.000028 0.000028 0.000028 0.999746 0.000028 0.000028 0.000028 0.000028
84 84 (0) 1 : 0.000038 0.000038 0.000038 0.000038 0.000038 0.999654 0.000038 0.000038 0.000038 0.000038
85 85 (0) 1 : 0.000020 0.000020 0.000020 0.000020 0.000020 0.999822 0.000020 0.000020 0.000020 0.000020
86 86 (0) 1 : 0.000019 0.000019 0.000019 0.000019 0.000019 0.999825 0.000019 0.000019 0.000019 0.000019
87 87 (0) 5 : 0.000030 0.000030 0.000030 0.000030 0.000030 0.307911 0.000030 0.691848 0.000030 0.000030
88 88 (0) 5 : 0.000026 0.000026 0.000026 0.000026 0.000026 0.211505 0.000026 0.788288 0.000026 0.000026
89 89 (0) 5 : 0.000020 0.000020 0.000020 0.000020 0.000020 0.388290 0.000020 0.611547 0.000020 0.000020
90 90 (0) 5 : 0.000030 0.000030 0.000030 0.000030 0.000030 0.000030 0.000030 0.999730 0.000030 0.000030
91 91 (0) 5 : 0.000028 0.000028 0.000028 0.000028 0.000028 0.000028 0.000028 0.999744 0.000028 0.000028
92 92 (0) 5 : 0.000023 0.000023 0.000023 0.000023 0.000023 0.261361 0.000023 0.738455 0.000023 0.000023
93 93 (0) 5 : 0.000032 0.000032 0.000032 0.000032 0.000032 0.000032 0.000032 0.999712 0.000032 0.000032
94 94 (0) 5 : 0.000024 0.000024 0.000024 0.000024 0.000024 0.080298 0.000024 0.919511 0.000024 0.000024
95 95 (0) 5 : 0.000031 0.000031 0.000031 0.000031 0.000031 0.000031 0.000031 0.999723 0.000031 0.000031
96 96 (0) 5 : 0.000027 0.000027 0.000027 0.000027 0.000027 0.000027 0.000027 0.999753 0.000027 0.000027
97 97 (0) 6 : 0.000027 0.000027 0.000027 0.000027 0.000027 0.999755 0.000027 0.000027 0.000027 0.000027
98 98 (0) 6 : 0.000026 0.000026 0.000026 0.000026 0.000026 0.999763 0.000026 0.000026 0.000026 0.000026
99 99 (0) 6 : 0.000026 0.000026 0.000026 0.000026 0.000026 0.999762 0.000026 0.000026 0.000026 0.000026
100 100 (0) 6 : 0.000021 0.000021 0.000021 0.000021 0.000021 0.999808 0.000021 0.000021 0.000021 0.000021
101 101 (0) 6 : 0.000021 0.000021 0.000021 0.000021 0.000021 0.999808 0.000021 0.000021 0.000021 0.000021
102 102 (0) 6 : 0.000020 0.000020 0.000020 0.000020 0.000020 0.999819 0.000020 0.000020 0.000020 0.000020
103 103 (0) 6 : 0.000027 0.000027 0.000027 0.000027 0.000027 0.999759 0.000027 0.000027 0.000027 0.000027
104 104 (0) 6 : 0.000028 0.000028 0.000028 0.000028 0.000028 0.999745 0.000028 0.000028 0.000028 0.000028
105 105 (0) 6 : 0.000028 0.000028 0.000028 0.000028 0.000028 0.000028 0.999749 0.000028 0.000028 0.000028
106 106 (0) 6 : 0.000031 0.000031 0.000031 0.000031 0.000031 0.999718 0.000031 0.000031 0.000031 0.000031
107 107 (0) 6 : 0.000028 0.000028 0.000028 0.000028 0.000028 0.999748 0.000028 0.000028 0.000028 0.000028
108 108 (0) 6 : 0.000029 0.000029 0.000029 0.000029 0.000029 0.999735 0.000029 0.000029 0.000029 0.000029
109 109 (0) 6 : 0.000029 0.000029 0.000029 0.000029 0.000029 0.000029 0.999740 0.000029 0.000029 0.000029
110 110 (0) 2 : 0.000022 0.000022 0.828026 0.000022 0.000022 0.171796 0.000022 0.000022 0.000022 0.000022
111 111 (0) 2 : 0.000029 0.000029 0.999743 0.000029 0.000029 0.000029 0.000029 0.000029 0.000029 0.000029
112 112 (0) 2 : 0.000029 0.000029 0.999739 0.000029 0.000029 0.000029 0.000029 0.000029 0.000029 0.000029
113 113 (0) 2 : 0.000027 0.000027 0.999761 0.000027 0.000027 0.000027 0.000027 0.000027 0.000027 0.000027
114 114 (0) 2 : 0.000028 0.000028 0.999751 0.000028 0.000028 0.000028 0.000028 0.000028 0.000028 0.000028
115 115 (0) 3 : 0.000020 0.000020 0.044184 0.000020 0.000020 0.955658 0.000020 0.000020 0.000020 0.000020
1 1 (0) 1 : 0.000029 0.000029 0.999740 0.000029 0.000029 0.000029 0.000029 0.000029 0.000029 0.000029
2 2 (0) 1 : 0.000028 0.000028 0.999752 0.000028 0.000028 0.000028 0.000028 0.000028 0.000028 0.000028
3 3 (0) 1 : 0.000029 0.000029 0.999736 0.000029 0.000029 0.000029 0.000029 0.000029 0.000029 0.000029
4 4 (0) 1 : 0.000029 0.000029 0.999735 0.000029 0.000029 0.000029 0.000029 0.000029 0.000029 0.000029
5 5 (0) 1 : 0.000031 0.000031 0.999723 0.000031 0.000031 0.000031 0.000031 0.000031 0.000031 0.000031
6 6 (0) 1 : 0.000030 0.000030 0.999733 0.000030 0.000030 0.000030 0.000030 0.000030 0.000030 0.000030
7 7 (0) 1 : 0.000032 0.000032 0.000032 0.000032 0.999714 0.000032 0.000032 0.000032 0.000032 0.000032
8 8 (0) 1 : 0.000022 0.000022 0.000022 0.000022 0.999799 0.000022 0.000022 0.000022 0.000022 0.000022
9 9 (0) 1 : 0.000021 0.000021 0.000021 0.000021 0.999811 0.000021 0.000021 0.000021 0.000021 0.000021
10 10 (0) 1 : 0.000025 0.000025 0.000025 0.000025 0.999779 0.000025 0.000025 0.000025 0.000025 0.000025
11 11 (0) 1 : 0.000029 0.000029 0.000029 0.000029 0.999742 0.000029 0.000029 0.000029 0.000029 0.000029
12 12 (0) 1 : 0.000024 0.000024 0.000024 0.000024 0.999788 0.000024 0.000024 0.000024 0.000024 0.000024
13 13 (0) 1 : 0.000028 0.000028 0.000028 0.000028 0.999747 0.000028 0.000028 0.000028 0.000028 0.000028
14 14 (0) 1 : 0.000028 0.000028 0.000028 0.000028 0.999745 0.000028 0.000028 0.000028 0.000028 0.000028
15 15 (0) 1 : 0.000028 0.000028 0.000028 0.000028 0.999744 0.000028 0.000028 0.000028 0.000028 0.000028
16 16 (0) 1 : 0.000030 0.000030 0.000030 0.000030 0.999730 0.000030 0.000030 0.000030 0.000030 0.000030
17 17 (0) 1 : 0.000033 0.000033 0.000033 0.000033 0.999707 0.000033 0.000033 0.000033 0.000033 0.000033
18 18 (0) 2 : 0.000022 0.000022 0.000022 0.999801 0.000022 0.000022 0.000022 0.000022 0.000022 0.000022
19 19 (0) 2 : 0.000029 0.000029 0.000029 0.999743 0.000029 0.000029 0.000029 0.000029 0.000029 0.000029
20 20 (0) 3 : 0.000022 0.000022 0.000022 0.000022 0.999798 0.000022 0.000022 0.000022 0.000022 0.000022
21 21 (0) 3 : 0.000023 0.000023 0.000023 0.000023 0.999789 0.000023 0.000023 0.000023 0.000023 0.000023
22 22 (0) 2 : 0.000029 0.000029 0.000029 0.999738 0.000029 0.000029 0.000029 0.000029 0.000029 0.000029
23 23 (0) 2 : 0.000022 0.000022 0.000022 0.999798 0.000022 0.000022 0.000022 0.000022 0.000022 0.000022
24 24 (0) 2 : 0.000022 0.000022 0.000022 0.999805 0.000022 0.000022 0.000022 0.000022 0.000022 0.000022
25 25 (0) 4 : 0.999767 0.000026 0.000026 0.000026 0.000026 0.000026 0.000026 0.000026 0.000026 0.000026
26 26 (0) 4 : 0.999796 0.000023 0.000023 0.000023 0.000023 0.000023 0.000023 0.000023 0.000023 0.000023
27 27 (0) 4 : 0.999700 0.000033 0.000033 0.000033 0.000033 0.000033 0.000033 0.000033 0.000033 0.000033
28 28 (0) 4 : 0.999736 0.000029 0.000029 0.000029 0.000029 0.000029 0.000029 0.000029 0.000029 0.000029
29 29 (0) 4 : 0.999689 0.000034 0.000035 0.000035 0.000035 0.000034 0.000034 0.000034 0.000035 0.000034
30 30 (0) 4 : 0.887275 0.000038 0.000038 0.000038 0.112418 0.000038 0.000038 0.000038 0.000038 0.000038
31 31 (0) 4 : 0.999718 0.000031 0.000031 0.000031 0.000031 0.000031 0.000031 0.000031 0.000031 0.000031
32 32 (0) 4 : 0.999703 0.000033 0.000033 0.000033 0.000033 0.000033 0.000033 0.000033 0.000033 0.000033
33 33 (0) 4 : 0.999747 0.000028 0.000028 0.000028 0.000028 0.000028 0.000028 0.000028 0.000028 0.000028
34 34 (0) 4 : 0.999805 0.000022 0.000022 0.000022 0.000022 0.000022 0.000022 0.000022 0.000022 0.000022
35 35 (0) 4 : 0.772551 0.000021 0.000021 0.000021 0.227282 0.000021 0.000021 0.000021 0.000021 0.000021
36 36 (0) 4 : 0.999812 0.000021 0.000021 0.000021 0.000021 0.000021 0.000021 0.000021 0.000021 0.000021
37 37 (0) 4 : 0.999809 0.000021 0.000021 0.000021 0.000021 0.000021 0.000021 0.000021 0.000021 0.000021
38 38 (0) 4 : 0.999758 0.000027 0.000027 0.000027 0.000027 0.000027 0.000027 0.000027 0.000027 0.000027
39 39 (0) 4 : 0.999800 0.000022 0.000022 0.000022 0.000022 0.000022 0.000022 0.000022 0.000022 0.000022
40 40 (0) 4 : 0.999813 0.000021 0.000021 0.000021 0.000021 0.000021 0.000021 0.000021 0.000021 0.000021
41 41 (0) 4 : 0.999733 0.000030 0.000030 0.000030 0.000030 0.000030 0.000030 0.000030 0.000030 0.000030
42 42 (0) 4 : 0.999741 0.000029 0.000029 0.000029 0.000029 0.000029 0.000029 0.000029 0.000029 0.000029
43 43 (0) 4 : 0.999730 0.000030 0.000030 0.000030 0.000030 0.000030 0.000030 0.000030 0.000030 0.000030
44 44 (0) 4 : 0.999740 0.000029 0.000029 0.000029 0.000029 0.000029 0.000029 0.000029 0.000029 0.000029
45 45 (0) 4 : 0.999737 0.000029 0.000029 0.000029 0.000029 0.000029 0.000029 0.000029 0.000029 0.000029
46 46 (0) 4 : 0.999739 0.000029 0.000029 0.000029 0.000029 0.000029 0.000029 0.000029 0.000029 0.000029
47 47 (0) 4 : 0.999730 0.000030 0.000030 0.000030 0.000030 0.000030 0.000030 0.000030 0.000030 0.000030
48 48 (0) 4 : 0.571095 0.000028 0.000028 0.000028 0.000028 0.000028 0.000028 0.000028 0.428677 0.000028
49 49 (0) 4 : 0.999749 0.000028 0.000028 0.000028 0.000028 0.000028 0.000028 0.000028 0.000028 0.000028
50 50 (0) 4 : 0.999743 0.000029 0.000029 0.000029 0.000029 0.000029 0.000029 0.000029 0.000029 0.000029
51 51 (0) 1 : 0.000019 0.000019 0.000019 0.000019 0.999829 0.000019 0.000019 0.000019 0.000019 0.000019
52 52 (0) 1 : 0.000020 0.000020 0.000020 0.000020 0.999821 0.000020 0.000020 0.000020 0.000020 0.000020
53 53 (0) 1 : 0.182794 0.000032 0.000032 0.000032 0.816950 0.000032 0.000032 0.000032 0.000032 0.000032
54 54 (0) 1 : 0.484921 0.000022 0.000022 0.000022 0.514902 0.000022 0.000022 0.000022 0.000022 0.000022
55 55 (0) 1 : 0.249254 0.000034 0.000034 0.000034 0.750471 0.000034 0.000034 0.000034 0.000034 0.000034
56 56 (0) 1 : 0.424618 0.000022 0.000022 0.000022 0.575210 0.000022 0.000022 0.000022 0.000022 0.000022
57 57 (0) 1 : 0.397112 0.000021 0.000021 0.000021 0.602723 0.000021 0.000021 0.000021 0.000021 0.000021
58 58 (0) 1 : 0.315311 0.000028 0.000028 0.000028 0.684467 0.000028 0.000028 0.000028 0.000028 0.000028
59 59 (0) 1 : 0.000027 0.000027 0.000027 0.000027 0.999758 0.000027 0.000027 0.000027 0.000027 0.000027
60 60 (0) 1 : 0.000028 0.000028 0.000028 0.000028 0.999750 0.000028 0.000028 0.000028 0.000028 0.000028
61 61 (0) 1 : 0.000019 0.000019 0.000019 0.000019 0.999825 0.000019 0.000019 0.000019 0.000019 0.000019
62 62 (0) 1 : 0.000025 0.000025 0.000025 0.000025 0.999778 0.000025 0.000025 0.000025 0.000025 0.000025
63 63 (0) 1 : 0.000026 0.000026 0.000026 0.000026 0.999767 0.000026 0.000026 0.000026 0.000026 0.000026
64 64 (0) 1 : 0.000029 0.000029 0.000029 0.000029 0.999741 0.000029 0.000029 0.000029 0.000029 0.000029
65 65 (0) 1 : 0.000028 0.000028 0.000028 0.000028 0.999745 0.000028 0.000028 0.000028 0.000028 0.000028
66 66 (0) 1 : 0.000031 0.000031 0.000031 0.000031 0.999717 0.000031 0.000031 0.000031 0.000031 0.000031
67 67 (0) 1 : 0.000028 0.000028 0.000028 0.000028 0.999751 0.000028 0.000028 0.000028 0.000028 0.000028
68 68 (0) 1 : 0.000032 0.000032 0.000032 0.000032 0.999711 0.000032 0.000032 0.000032 0.000032 0.000032
69 69 (0) 1 : 0.000034 0.000034 0.000034 0.000034 0.999692 0.000034 0.000034 0.000034 0.000034 0.000034
70 70 (0) 1 : 0.000026 0.000026 0.000026 0.000026 0.999765 0.000026 0.000026 0.000026 0.000026 0.000026
71 71 (0) 1 : 0.000031 0.000031 0.000031 0.000031 0.999725 0.000031 0.000031 0.000031 0.000031 0.000031
72 72 (0) 1 : 0.000030 0.000030 0.000030 0.000030 0.999731 0.000030 0.000030 0.000030 0.000030 0.000030
73 73 (0) 1 : 0.000028 0.000028 0.000028 0.000028 0.999748 0.000028 0.000028 0.000028 0.000028 0.000028
74 74 (0) 1 : 0.000020 0.000020 0.000020 0.000020 0.999822 0.000020 0.000020 0.000020 0.000020 0.000020
75 75 (0) 1 : 0.000019 0.000019 0.000019 0.000019 0.999825 0.000019 0.000019 0.000019 0.000019 0.000019
76 76 (0) 1 : 0.000038 0.000038 0.000038 0.000038 0.999655 0.000038 0.000038 0.000038 0.000038 0.000038
77 77 (0) 1 : 0.000030 0.000030 0.000030 0.000030 0.999729 0.000030 0.000030 0.000030 0.000030 0.000030
78 78 (0) 1 : 0.000030 0.000030 0.000030 0.000030 0.999733 0.000030 0.000030 0.000030 0.000030 0.000030
79 79 (0) 1 : 0.000025 0.000025 0.000025 0.000025 0.999778 0.000025 0.000025 0.000025 0.000025 0.000025
80 80 (0) 1 : 0.000019 0.000019 0.000019 0.000019 0.999825 0.000019 0.000019 0.000019 0.000019 0.000019
81 81 (0) 1 : 0.000019 0.000019 0.000019 0.000019 0.999825 0.000019 0.000019 0.000019 0.000019 0.000019
82 82 (0) 1 : 0.000022 0.000022 0.000022 0.000022 0.999804 0.000022 0.000022 0.000022 0.000022 0.000022
83 83 (0) 1 : 0.000028 0.000028 0.582813 0.000028 0.416962 0.000028 0.000028 0.000028 0.000028 0.000028
84 84 (0) 1 : 0.000038 0.000038 0.000038 0.000038 0.999654 0.000038 0.000038 0.000038 0.000038 0.000038
85 85 (0) 1 : 0.000020 0.000020 0.000020 0.000020 0.999822 0.000020 0.000020 0.000020 0.000020 0.000020
86 86 (0) 1 : 0.000019 0.000019 0.000019 0.000019 0.999825 0.000019 0.000019 0.000019 0.000019 0.000019
87 87 (0) 5 : 0.000030 0.000030 0.000030 0.000030 0.440024 0.000030 0.000030 0.000030 0.559735 0.000030
88 88 (0) 5 : 0.000026 0.000026 0.000026 0.000026 0.000026 0.000026 0.000026 0.000026 0.999767 0.000026
89 89 (0) 5 : 0.000020 0.000020 0.000020 0.000020 0.591194 0.000020 0.000020 0.000020 0.408643 0.000020
90 90 (0) 5 : 0.000030 0.000030 0.000030 0.000030 0.000030 0.000030 0.000030 0.000030 0.999730 0.000030
91 91 (0) 5 : 0.592077 0.000028 0.000028 0.000028 0.000028 0.000028 0.000028 0.000028 0.407696 0.000028
92 92 (0) 5 : 0.000023 0.000023 0.000023 0.000023 0.490743 0.000023 0.000023 0.000023 0.509074 0.000023
93 93 (0) 5 : 0.000032 0.000032 0.000032 0.000032 0.000032 0.000032 0.000032 0.000032 0.999712 0.000032
94 94 (0) 5 : 0.000024 0.000024 0.000024 0.000024 0.000024 0.000024 0.000024 0.000024 0.999785 0.000024
95 95 (0) 5 : 0.586310 0.000031 0.000031 0.000031 0.000031 0.000031 0.000031 0.000031 0.413444 0.000031
96 96 (0) 5 : 0.000027 0.000027 0.000027 0.000027 0.000027 0.000027 0.000027 0.000027 0.999753 0.000027
97 97 (0) 6 : 0.000027 0.000027 0.999755 0.000027 0.000027 0.000027 0.000027 0.000027 0.000027 0.000027
98 98 (0) 6 : 0.000026 0.000026 0.999763 0.000026 0.000026 0.000026 0.000026 0.000026 0.000026 0.000026
99 99 (0) 6 : 0.000026 0.000026 0.999762 0.000026 0.000026 0.000026 0.000026 0.000026 0.000026 0.000026
100 100 (0) 6 : 0.000021 0.000021 0.999808 0.000021 0.000021 0.000021 0.000021 0.000021 0.000021 0.000021
101 101 (0) 6 : 0.000021 0.000021 0.999808 0.000021 0.000021 0.000021 0.000021 0.000021 0.000021 0.000021
102 102 (0) 6 : 0.000020 0.000020 0.999819 0.000020 0.000020 0.000020 0.000020 0.000020 0.000020 0.000020
103 103 (0) 6 : 0.000027 0.000027 0.999759 0.000027 0.000027 0.000027 0.000027 0.000027 0.000027 0.000027
104 104 (0) 6 : 0.000028 0.000028 0.999745 0.000028 0.000028 0.000028 0.000028 0.000028 0.000028 0.000028
105 105 (0) 6 : 0.000028 0.000028 0.999749 0.000028 0.000028 0.000028 0.000028 0.000028 0.000028 0.000028
106 106 (0) 6 : 0.000031 0.000031 0.999718 0.000031 0.000031 0.000031 0.000031 0.000031 0.000031 0.000031
107 107 (0) 6 : 0.000028 0.000028 0.999748 0.000028 0.000028 0.000028 0.000028 0.000028 0.000028 0.000028
108 108 (0) 6 : 0.000029 0.000029 0.999735 0.000029 0.000029 0.000029 0.000029 0.000029 0.000029 0.000029
109 109 (0) 6 : 0.000029 0.000029 0.999740 0.000029 0.000029 0.000029 0.000029 0.000029 0.000029 0.000029
110 110 (0) 2 : 0.000022 0.000022 0.000022 0.841147 0.158675 0.000022 0.000022 0.000022 0.000022 0.000022
111 111 (0) 2 : 0.000029 0.000029 0.000029 0.999743 0.000029 0.000029 0.000029 0.000029 0.000029 0.000029
112 112 (0) 2 : 0.000029 0.000029 0.000029 0.999739 0.000029 0.000029 0.000029 0.000029 0.000029 0.000029
113 113 (0) 2 : 0.000027 0.000027 0.000027 0.999761 0.000027 0.000027 0.000027 0.000027 0.000027 0.000027
114 114 (0) 2 : 0.000028 0.000028 0.000028 0.999751 0.000028 0.000028 0.000028 0.000028 0.000028 0.000028
115 115 (0) 3 : 0.000020 0.000020 0.000020 0.000020 0.999822 0.000020 0.000020 0.000020 0.000020 0.000020
