1 1 (0) 1 : 0.000041 0.000041 0.000041 0.999752 0.000041 0.000041 0.000041
2 2 (0) 1 : 0.000039 0.000039 0.000039 0.999764 0.000039 0.000039 0.000039
3 3 (0) 1 : 0.000042 0.000042 0.000042 0.999749 0.000042 0.000042 0.000042
4 4 (0) 1 : 0.000042 0.000042 0.000042 0.999747 0.000042 0.000042 0.000042
5 5 (0) 1 : 0.000044 0.000044 0.000044 0.999737 0.000044 0.000044 0.000044
6 6 (0) 1 : 0.000042 0.000042 0.000042 0.999746 0.000042 0.000042 0.000042
7 7 (0) 1 : 0.000045 0.000045 0.000045 0.999728 0.000045 0.000045 0.000045
8 8 (0) 1 : 0.000032 0.000032 0.000032 0.999808 0.000032 0.000032 0.000032
9 9 (0) 1 : 0.000030 0.000030 0.000030 0.999820 0.000030 0.000030 0.000030
10 10 (0) 1 : 0.000035 0.000035 0.000035 0.999789 0.000035 0.000035 0.000035
11 11 (0) 1 : 0.000041 0.000041 0.000041 0.999754 0.000041 0.000041 0.000041
12 12 (0) 1 : 0.000034 0.000034 0.000034 0.999799 0.000034 0.000034 0.000034
13 13 (0) 1 : 0.000040 0.000040 0.000040 0.999758 0.000040 0.000040 0.000040
14 14 (0) 1 : 0.000041 0.000041 0.000041 0.999756 0.000041 0.000041 0.000041
15 15 (0) 1 : 0.000041 0.000041 0.000041 0.999755 0.000041 0.000041 0.000041
16 16 (0) 1 : 0.000043 0.000043 0.000043 0.999742 0.000043 0.000043 0.000043
17 17 (0) 1 : 0.000047 0.000047 0.000047 0.999720 0.000047 0.000047 0.000047
18 18 (0) 2 : 0.000032 0.000032 0.000032 0.000032 0.999810 0.000032 0.000032
19 19 (0) 2 : 0.000041 0.000041 0.000041 0.000041 0.999755 0.000041 0.000041
20 20 (0) 3 : 0.000032 0.000032 0.000032 0.914743 0.085096 0.000032 0.000032
21 21 (0) 3 : 0.000034 0.000034 0.000034 0.926158 0.073674 0.000034 0.000034
22 22 (0) 2 : 0.000041 0.000041 0.000042 0.000041 0.999752 0.000041 0.000041
23 23 (0) 2 : 0.000032 0.000032 0.000032 0.000032 0.999808 0.000032 0.000032
24 24 (0) 2 : 0.000031 0.000031 0.000031 0.000031 0.999814 0.000031 0.000031
25 25 (0) 4 : 0.000037 0.000037 0.898634 0.101181 0.000037 0.000037 0.000037
26 26 (0) 4 : 0.000032 0.000032 0.999805 0.000032 0.000032 0.000032 0.000032
27 27 (0) 4 : 0.000048 0.000048 0.999713 0.000048 0.000048 0.000048 0.000048
28 28 (0) 4 : 0.000042 0.000042 0.999747 0.000042 0.000042 0.000042 0.000042
29 29 (0) 4 : 0.000049 0.000049 0.999704 0.000049 0.000049 0.000049 0.000049
30 30 (0) 4 : 0.000055 0.000055 0.882023 0.117701 0.000055 0.000055 0.000055
31 31 (0) 4 : 0.000045 0.000045 0.999730 0.000045 0.000045 0.000045 0.000045
32 32 (0) 4 : 0.000047 0.000047 0.999718 0.000047 0.000047 0.000047 0.000047
33 33 (0) 4 : 0.000040 0.000040 0.999759 0.000040 0.000040 0.000040 0.000040
34 34 (0) 4 : 0.000031 0.000031 0.910029 0.089816 0.000031 0.000031 0.000031
35 35 (0) 4 : 0.000030 0.000030 0.813875 0.185975 0.000030 0.000030 0.000030
36 36 (0) 4 : 0.000030 0.000030 0.999821 0.000030 0.000030 0.000030 0.000030
37 37 (0) 4 : 0.000030 0.000030 0.999818 0.000030 0.000030 0.000030 0.000030
38 38 (0) 4 : 0.000038 0.000038 0.999769 0.000039 0.000039 0.000038 0.000038
39 39 (0) 4 : 0.000032 0.000032 0.999809 0.000032 0.000032 0.000032 0.000032
40 40 (0) 4 : 0.000030 0.000030 0.999821 0.000030 0.000030 0.000030 0.000030
41 41 (0) 4 : 0.000042 0.000042 0.999745 0.000043 0.000043 0.000042 0.000042
42 42 (0) 4 : 0.000041 0.000041 0.999753 0.000041 0.000041 0.000041 0.000041
43 43 (0) 4 : 0.000043 0.000043 0.999743 0.000043 0.000043 0.000043 0.000043
44 44 (0) 4 : 0.000041 0.000041 0.999752 0.000041 0.000041 0.000041 0.000041
45 45 (0) 4 : 0.000042 0.000042 0.999749 0.000042 0.000042 0.000042 0.000042
46 46 (0) 4 : 0.000041 0.000041 0.999751 0.000042 0.000041 0.000041 0.000041
47 47 (0) 4 : 0.000043 0.000043 0.999742 0.000043 0.000043 0.000043 0.000043
48 48 (0) 4 : 0.000041 0.000041 0.832496 0.167301 0.000041 0.000041 0.000041
49 49 (0) 4 : 0.000040 0.000040 0.999761 0.000040 0.000040 0.000040 0.000040
50 50 (0) 4 : 0.000041 0.000041 0.999755 0.000041 0.000041 0.000041 0.000041
51 51 (0) 1 : 0.000027 0.000027 0.000027 0.999837 0.000027 0.000027 0.000027
52 52 (0) 1 : 0.000029 0.000029 0.000029 0.999828 0.000029 0.000029 0.000029
53 53 (0) 1 : 0.000046 0.000046 0.171385 0.828386 0.000046 0.000046 0.000046
54 54 (0) 1 : 0.000032 0.000032 0.561620 0.438221 0.000032 0.000032 0.000032
55 55 (0) 1 : 0.000049 0.000049 0.419915 0.579839 0.000049 0.000049 0.000049
56 56 (0) 1 : 0.000031 0.000031 0.572857 0.426989 0.000031 0.000031 0.000031
57 57 (0) 1 : 0.000029 0.000029 0.512661 0.487192 0.000029 0.000029 0.000029
58 58 (0) 1 : 0.000040 0.000040 0.434988 0.564814 0.000040 0.000040 0.000040
59 59 (0) 1 : 0.000039 0.000039 0.049696 0.950112 0.000039 0.000039 0.000039
60 60 (0) 1 : 0.000040 0.000040 0.000040 0.999761 0.000040 0.000040 0.000040
61 61 (0) 1 : 0.000028 0.000028 0.000028 0.999833 0.000028 0.000028 0.000028
62 62 (0) 1 : 0.000035 0.000035 0.206026 0.793797 0.000035 0.000035 0.000035
63 63 (0) 1 : 0.000037 0.000037 0.128838 0.870977 0.000037 0.000037 0.000037
64 64 (0) 1 : 0.000041 0.000041 0.000041 0.999752 0.000041 0.000041 0.000041
65 65 (0) 1 : 0.000040 0.000040 0.000040 0.999758 0.000040 0.000040 0.000040
66 66 (0) 1 : 0.000045 0.000045 0.000045 0.999731 0.000045 0.000045 0.000045
67 67 (0) 1 : 0.000040 0.000040 0.000040 0.999762 0.000040 0.000040 0.000040
68 68 (0) 1 : 0.000046 0.000046 0.000046 0.999725 0.000046 0.000046 0.000046
69 69 (0) 1 : 0.000049 0.000049 0.000049 0.999706 0.000049 0.000049 0.000049
70 70 (0) 1 : 0.000037 0.000037 0.000038 0.999775 0.000037 0.000037 0.000037
71 71 (0) 1 : 0.000044 0.000044 0.000044 0.999737 0.000044 0.000044 0.000044
72 72 (0) 1 : 0.000043 0.000043 0.000043 0.999743 0.000043 0.000043 0.000043
73 73 (0) 1 : 0.000040 0.000040 0.000040 0.999761 0.000040 0.000040 0.000040
74 74 (0) 1 : 0.000028 0.000028 0.000028 0.999830 0.000028 0.000028 0.000028
75 75 (0) 1 : 0.000028 0.000028 0.000028 0.999833 0.000028 0.000028 0.000028
76 76 (0) 1 : 0.000055 0.000055 0.000055 0.999671 0.000055 0.000055 0.000055
77 77 (0) 1 : 0.000043 0.000043 0.000043 0.999741 0.000043 0.000043 0.000043
78 78 (0) 1 : 0.000042 0.000042 0.000042 0.999745 0.000042 0.000042 0.000042
79 79 (0) 1 : 0.000035 0.000035 0.285301 0.714523 0.000035 0.000035 0.000035
80 80 (0) 1 : 0.000028 0.000028 0.000028 0.999833 0.000028 0.000028 0.000028
81 81 (0) 1 : 0.000028 0.000028 0.000028 0.999833 0.000028 0.000028 0.000028
82 82 (0) 1 : 0.000031 0.000031 0.000031 0.999813 0.000031 0.000031 0.000031
83 83 (0) 1 : 0.000040 0.000040 0.011747 0.988051 0.000041 0.000040 0.000040
84 84 (0) 1 : 0.000055 0.000055 0.000055 0.999670 0.000055 0.000055 0.000055
85 85 (0) 1 : 0.000028 0.000028 0.000028 0.999830 0.000028 0.000028 0.000028
86 86 (0) 1 : 0.000028 0.000028 0.000028 0.999833 0.000028 0.000028 0.000028
87 87 (0) 5 : 0.000043 0.000043 0.526798 0.472986 0.000043 0.000043 0.000043
88 88 (0) 5 : 0.000037 0.000037 0.640357 0.359458 0.000037 0.000037 0.000037
89 89 (0) 5 : 0.000029 0.000029 0.481647 0.518207 0.000029 0.000029 0.000029
90 90 (0) 5 : 0.000043 0.000043 0.868042 0.131744 0.000043 0.000043 0.000043
91 91 (0) 5 : 0.000041 0.000041 0.941600 0.058197 0.000041 0.000041 0.000041
92 92 (0) 5 : 0.000033 0.000033 0.622158 0.377678 0.000033 0.000033 0.000033
93 93 (0) 5 : 0.000046 0.000046 0.720792 0.278980 0.000046 0.000046 0.000046
94 94 (0) 5 : 0.000034 0.000034 0.737287 0.262541 0.000034 0.000034 0.000034
95 95 (0) 5 : 0.000044 0.000044 0.936531 0.063248 0.000044 0.000044 0.000044
96 96 (0) 5 : 0.000039 0.000039 0.792392 0.207412 0.000039 0.000039 0.000039
97 97 (0) 6 : 0.000039 0.000039 0.000039 0.999766 0.000039 0.000039 0.000039
98 98 (0) 6 : 0.000038 0.000038 0.000038 0.999774 0.000038 0.000038 0.000038
99 99 (0) 6 : 0.000038 0.000038 0.000038 0.999773 0.000038 0.000038 0.000038
100 100 (0) 6 : 0.000031 0.000031 0.000031 0.999817 0.000031 0.000031 0.000031
101 101 (0) 6 : 0.000030 0.000030 0.000030 0.999817 0.000030 0.000030 0.000030
102 102 (0) 6 : 0.000029 0.000029 0.000029 0.999828 0.000029 0.000029 0.000029
103 103 (0) 6 : 0.000038 0.000038 0.000039 0.999769 0.000039 0.000038 0.000038
104 104 (0) 6 : 0.000041 0.000041 0.000041 0.999756 0.000041 0.000041 0.000041
105 105 (0) 6 : 0.000040 0.000040 0.000040 0.999761 0.000040 0.000040 0.000040
106 106 (0) 6 : 0.000045 0.000045 0.000045 0.999731 0.000045 0.000045 0.000045
107 107 (0) 6 : 0.000040 0.000040 0.000040 0.999760 0.000040 0.000040 0.000040
108 108 (0) 6 : 0.000042 0.000042 0.000042 0.999747 0.000042 0.000042 0.000042
109 109 (0) 6 : 0.000041 0.000041 0.000041 0.999752 0.000041 0.000041 0.000041
110 110 (0) 2 : 0.000032 0.000032 0.000032 0.198421 0.801419 0.000032 0.000032
111 111 (0) 2 : 0.000041 0.000041 0.000041 0.000041 0.999755 0.000041 0.000041
112 112 (0) 2 : 0.000041 0.000041 0.000045 0.108479 0.891310 0.000041 0.000041
113 113 (0) 2 : 0.000038 0.000038 0.000038 0.000038 0.999772 0.000038 0.000038
114 114 (0) 2 : 0.000040 0.000040 0.000040 0.000040 0.999762 0.000040 0.000040
115 115 (0) 3 : 0.000028 0.000028 0.000028 0.843754 0.156104 0.000028 0.000028
1 1 (0) 1 : 0.999752 0.000041 0.000041 0.000041 0.000041 0.000041 0.000041
2 2 (0) 1 : 0.999764 0.000039 0.000039 0.000039 0.000039 0.000039 0.000039
3 3 (0) 1 : 0.999749 0.000042 0.000042 0.000042 0.000042 0.000042 0.000042
4 4 (0) 1 : 0.999747 0.000042 0.000042 0.000042 0.000042 0.000042 0.000042
5 5 (0) 1 : 0.999737 0.000044 0.000044 0.000044 0.000044 0.000044 0.000044
6 6 (0) 1 : 0.999746 0.000042 0.000042 0.000042 0.000042 0.000042 0.000042
7 7 (0) 1 : 0.999728 0.000045 0.000045 0.000045 0.000045 0.000045 0.000045
8 8 (0) 1 : 0.999808 0.000032 0.000032 0.000032 0.000032 0.000032 0.000032
9 9 (0) 1 : 0.999820 0.000030 0.000030 0.000030 0.000030 0.000030 0.000030
10 10 (0) 1 : 0.999789 0.000035 0.000035 0.000035 0.000035 0.000035 0.000035
11 11 (0) 1 : 0.999754 0.000041 0.000041 0.000041 0.000041 0.000041 0.000041
12 12 (0) 1 : 0.999799 0.000034 0.000034 0.000034 0.000034 0.000034 0.000034
13 13 (0) 1 : 0.999758 0.000040 0.000040 0.000040 0.000040 0.000040 0.000040
14 14 (0) 1 : 0.999756 0.000041 0.000041 0.000041 0.000041 0.000041 0.000041
15 15 (0) 1 : 0.999755 0.000041 0.000041 0.000041 0.000041 0.000041 0.000041
16 16 (0) 1 : 0.999742 0.000043 0.000043 0.000043 0.000043 0.000043 0.000043
17 17 (0) 1 : 0.999720 0.000047 0.000047 0.000047 0.000047 0.000047 0.000047
18 18 (0) 2 : 0.000032 0.000032 0.999811 0.000032 0.000032 0.000032 0.000032
19 19 (0) 2 : 0.000041 0.000041 0.999756 0.000041 0.000041 0.000041 0.000041
20 20 (0) 3 : 0.999807 0.000032 0.000032 0.000032 0.000032 0.000032 0.000032
21 21 (0) 3 : 0.999798 0.000034 0.000034 0.000034 0.000034 0.000034 0.000034
22 22 (0) 2 : 0.000041 0.000041 0.999752 0.000041 0.000041 0.000041 0.000041
23 23 (0) 2 : 0.000032 0.000032 0.999808 0.000032 0.000032 0.000032 0.000032
24 24 (0) 2 : 0.000031 0.000031 0.999814 0.000031 0.000031 0.000031 0.000031
25 25 (0) 4 : 0.000037 0.000037 0.000037 0.000037 0.000037 0.000037 0.999778
26 26 (0) 4 : 0.000032 0.000032 0.000032 0.000032 0.000032 0.000032 0.999805
27 27 (0) 4 : 0.000048 0.000048 0.000048 0.000048 0.000048 0.000048 0.999713
28 28 (0) 4 : 0.000042 0.000042 0.000042 0.000042 0.000042 0.000042 0.999747
29 29 (0) 4 : 0.000049 0.000049 0.000049 0.000049 0.000049 0.000049 0.999704
30 30 (0) 4 : 0.127437 0.000055 0.000055 0.000055 0.000055 0.000055 0.872287
31 31 (0) 4 : 0.000045 0.000045 0.000045 0.000045 0.000045 0.000045 0.999730
32 32 (0) 4 : 0.000047 0.000047 0.000047 0.000047 0.000047 0.000047 0.999717
33 33 (0) 4 : 0.000040 0.000040 0.000040 0.000040 0.000040 0.000040 0.999759
34 34 (0) 4 : 0.000031 0.000031 0.000031 0.000031 0.000031 0.000031 0.999814
35 35 (0) 4 : 0.109442 0.000030 0.000030 0.000030 0.000030 0.000030 0.890409
36 36 (0) 4 : 0.000030 0.000030 0.000030 0.000030 0.000030 0.000030 0.999821
37 37 (0) 4 : 0.000030 0.000030 0.000030 0.000030 0.000030 0.000030 0.999818
38 38 (0) 4 : 0.000039 0.000038 0.000039 0.000038 0.000038 0.000038 0.999769
39 39 (0) 4 : 0.000032 0.000032 0.000032 0.000032 0.000032 0.000032 0.999809
40 40 (0) 4 : 0.000030 0.000030 0.000030 0.000030 0.000030 0.000030 0.999821
41 41 (0) 4 : 0.000043 0.000042 0.000043 0.000042 0.000042 0.000042 0.999745
42 42 (0) 4 : 0.000041 0.000041 0.000041 0.000041 0.000041 0.000041 0.999753
43 43 (0) 4 : 0.000043 0.000043 0.000043 0.000043 0.000043 0.000043 0.999743
44 44 (0) 4 : 0.000041 0.000041 0.000041 0.000041 0.000041 0.000041 0.999752
45 45 (0) 4 : 0.000042 0.000042 0.000042 0.000042 0.000042 0.000042 0.999749
46 46 (0) 4 : 0.000042 0.000041 0.000042 0.000041 0.000041 0.000041 0.999751
47 47 (0) 4 : 0.000043 0.000043 0.000043 0.000043 0.000043 0.000043 0.999742
48 48 (0) 4 : 0.128984 0.000041 0.000041 0.000041 0.000041 0.000041 0.870813
49 49 (0) 4 : 0.000040 0.000040 0.000040 0.000040 0.000040 0.000040 0.999761
50 50 (0) 4 : 0.000041 0.000041 0.000041 0.000041 0.000041 0.000041 0.999755
51 51 (0) 1 : 0.999837 0.000027 0.000027 0.000027 0.000027 0.000027 0.000027
52 52 (0) 1 : 0.999828 0.000029 0.000029 0.000029 0.000029 0.000029 0.000029
53 53 (0) 1 : 0.891672 0.000046 0.108098 0.000046 0.000046 0.000046 0.000046
54 54 (0) 1 : 0.841859 0.000032 0.157983 0.000032 0.000032 0.000032 0.000032
55 55 (0) 1 : 0.654995 0.000049 0.000049 0.000049 0.000049 0.000049 0.344760
56 56 (0) 1 : 0.510560 0.000031 0.000031 0.000031 0.000031 0.000031 0.489286
57 57 (0) 1 : 0.582283 0.000029 0.000029 0.000029 0.000029 0.000029 0.417570
58 58 (0) 1 : 0.643968 0.000040 0.000040 0.000040 0.000040 0.000040 0.355833
59 59 (0) 1 : 0.964465 0.000039 0.000039 0.000039 0.000039 0.000039 0.035343
60 60 (0) 1 : 0.999761 0.000040 0.000040 0.000040 0.000040 0.000040 0.000040
61 61 (0) 1 : 0.999833 0.000028 0.000028 0.000028 0.000028 0.000028 0.000028
62 62 (0) 1 : 0.999787 0.000035 0.000035 0.000035 0.000035 0.000035 0.000035
63 63 (0) 1 : 0.999778 0.000037 0.000037 0.000037 0.000037 0.000037 0.000037
64 64 (0) 1 : 0.999752 0.000041 0.000041 0.000041 0.000041 0.000041 0.000041
65 65 (0) 1 : 0.999758 0.000040 0.000040 0.000040 0.000040 0.000040 0.000040
66 66 (0) 1 : 0.999731 0.000045 0.000045 0.000045 0.000045 0.000045 0.000045
67 67 (0) 1 : 0.999762 0.000040 0.000040 0.000040 0.000040 0.000040 0.000040
68 68 (0) 1 : 0.999725 0.000046 0.000046 0.000046 0.000046 0.000046 0.000046
69 69 (0) 1 : 0.999706 0.000049 0.000049 0.000049 0.000049 0.000049 0.000049
70 70 (0) 1 : 0.999775 0.000037 0.000038 0.000037 0.000037 0.000037 0.000038
71 71 (0) 1 : 0.999737 0.000044 0.000044 0.000044 0.000044 0.000044 0.000044
72 72 (0) 1 : 0.999743 0.000043 0.000043 0.000043 0.000043 0.000043 0.000043
73 73 (0) 1 : 0.999761 0.000040 0.000040 0.000040 0.000040 0.000040 0.000040
74 74 (0) 1 : 0.999830 0.000028 0.000028 0.000028 0.000028 0.000028 0.000028
75 75 (0) 1 : 0.999833 0.000028 0.000028 0.000028 0.000028 0.000028 0.000028
76 76 (0) 1 : 0.999671 0.000055 0.000055 0.000055 0.000055 0.000055 0.000055
77 77 (0) 1 : 0.999741 0.000043 0.000043 0.000043 0.000043 0.000043 0.000043
78 78 (0) 1 : 0.999745 0.000042 0.000042 0.000042 0.000042 0.000042 0.000042
79 79 (0) 1 : 0.953270 0.000035 0.046554 0.000035 0.000035 0.000035 0.000035
80 80 (0) 1 : 0.999833 0.000028 0.000028 0.000028 0.000028 0.000028 0.000028
81 81 (0) 1 : 0.999833 0.000028 0.000028 0.000028 0.000028 0.000028 0.000028
82 82 (0) 1 : 0.999813 0.000031 0.000031 0.000031 0.000031 0.000031 0.000031
83 83 (0) 1 : 0.999758 0.000040 0.000040 0.000040 0.000040 0.000040 0.000040
84 84 (0) 1 : 0.999670 0.000055 0.000055 0.000055 0.000055 0.000055 0.000055
85 85 (0) 1 : 0.999830 0.000028 0.000028 0.000028 0.000028 0.000028 0.000028
86 86 (0) 1 : 0.999833 0.000028 0.000028 0.000028 0.000028 0.000028 0.000028
87 87 (0) 5 : 0.459916 0.000043 0.000043 0.000043 0.000043 0.000043 0.539869
88 88 (0) 5 : 0.336929 0.000037 0.000037 0.000037 0.000037 0.000037 0.662886
89 89 (0) 5 : 0.497153 0.000029 0.000029 0.000029 0.000029 0.000029 0.502701
90 90 (0) 5 : 0.142939 0.000043 0.000043 0.000043 0.000043 0.000043 0.856847
91 91 (0) 5 : 0.074462 0.000041 0.000041 0.000041 0.000041 0.000041 0.925335
92 92 (0) 5 : 0.368546 0.000033 0.000033 0.000033 0.000033 0.000033 0.631290
93 93 (0) 5 : 0.274116 0.000046 0.000046 0.000046 0.000046 0.000046 0.725656
94 94 (0) 5 : 0.208390 0.000034 0.000034 0.000034 0.000034 0.000034 0.791439
95 95 (0) 5 : 0.076036 0.000044 0.000044 0.000044 0.000044 0.000044 0.923743
96 96 (0) 5 : 0.214028 0.000039 0.000039 0.000039 0.000039 0.000039 0.785777
97 97 (0) 6 : 0.999766 0.000039 0.000039 0.000039 0.000039 0.000039 0.000039
98 98 (0) 6 : 0.999774 0.000038 0.000038 0.000038 0.000038 0.000038 0.000038
99 99 (0) 6 : 0.999773 0.000038 0.000038 0.000038 0.000038 0.000038 0.000038
100 100 (0) 6 : 0.999817 0.000031 0.000031 0.000031 0.000031 0.000031 0.000031
101 101 (0) 6 : 0.999817 0.000030 0.000030 0.000030 0.000030 0.000030 0.000030
102 102 (0) 6 : 0.999828 0.000029 0.000029 0.000029 0.000029 0.000029 0.000029
103 103 (0) 6 : 0.999769 0.000038 0.000039 0.000038 0.000038 0.000038 0.000039
104 104 (0) 6 : 0.999756 0.000041 0.000041 0.000041 0.000041 0.000041 0.000041
105 105 (0) 6 : 0.999761 0.000040 0.000040 0.000040 0.000040 0.000040 0.000040
106 106 (0) 6 : 0.999731 0.000045 0.000045 0.000045 0.000045 0.000045 0.000045
107 107 (0) 6 : 0.999760 0.000040 0.000040 0.000040 0.000040 0.000040 0.000040
108 108 (0) 6 : 0.999747 0.000042 0.000042 0.000042 0.000042 0.000042 0.000042
109 109 (0) 6 : 0.999752 0.000041 0.000041 0.000041 0.000041 0.000041 0.000041
110 110 (0) 2 : 0.198698 0.000032 0.801143 0.000032 0.000032 0.000032 0.000032
111 111 (0) 2 : 0.000041 0.000041 0.999755 0.000041 0.000041 0.000041 0.000041
112 112 (0) 2 : 0.090173 0.000041 0.909620 0.000041 0.000041 0.000041 0.000042
113 113 (0) 2 : 0.000038 0.000038 0.999772 0.000038 0.000038 0.000038 0.000038
114 114 (0) 2 : 0.000040 0.000040 0.999762 0.000040 0.000040 0.000040 0.000040
115 115 (0) 3 : 0.878432 0.000028 0.121427 0.000028 0.000028 0.000028 0.000028
1 1 (0) 1 : 0.000041 0.999752 0.000041 0.000041 0.000041 0.000041 0.000041
2 2 (0) 1 : 0.000039 0.999764 0.000039 0.000039 0.000039 0.000039 0.000039
3 3 (0) 1 : 0.000042 0.999748 0.000042 0.000042 0.000042 0.000042 0.000042
4 4 (0) 1 : 0.000042 0.999747 0.000042 0.000042 0.000042 0.000042 0.000042
5 5 (0) 1 : 0.000044 0.999737 0.000044 0.000044 0.000044 0.000044 0.000044
6 6 (0) 1 : 0.000042 0.999746 0.000042 0.000042 0.000042 0.000042 0.000042
7 7 (0) 1 : 0.000045 0.999728 0.000045 0.000045 0.000045 0.000045 0.000045
8 8 (0) 1 : 0.000032 0.999808 0.000032 0.000032 0.000032 0.000032 0.000032
9 9 (0) 1 : 0.000030 0.999820 0.000030 0.000030 0.000030 0.000030 0.000030
10 10 (0) 1 : 0.000035 0.999789 0.000035 0.000035 0.000035 0.000035 0.000035
11 11 (0) 1 : 0.000041 0.999754 0.000041 0.000041 0.000041 0.000041 0.000041
12 12 (0) 1 : 0.000034 0.999799 0.000034 0.000034 0.000034 0.000034 0.000034
13 13 (0) 1 : 0.000040 0.999758 0.000040 0.000040 0.000040 0.000040 0.000040
14 14 (0) 1 : 0.000041 0.999756 0.000041 0.000041 0.000041 0.000041 0.000041
15 15 (0) 1 : 0.000041 0.999755 0.000041 0.000041 0.000041 0.000041 0.000041
16 16 (0) 1 : 0.000043 0.999742 0.000043 0.000043 0.000043 0.000043 0.000043
17 17 (0) 1 : 0.000047 0.999721 0.000047 0.000047 0.000047 0.000047 0.000047
18 18 (0) 2 : 0.000032 0.999810 0.000032 0.000032 0.000032 0.000032 0.000032
19 19 (0) 2 : 0.000041 0.999755 0.000041 0.000041 0.000041 0.000041 0.000041
20 20 (0) 3 : 0.000032 0.999807 0.000032 0.000032 0.000032 0.000032 0.000032
21 21 (0) 3 : 0.000034 0.999799 0.000034 0.000034 0.000034 0.000034 0.000034
22 22 (0) 2 : 0.000041 0.999752 0.000041 0.000041 0.000041 0.000041 0.000041
23 23 (0) 2 : 0.000032 0.999808 0.000032 0.000032 0.000032 0.000032 0.000032
24 24 (0) 2 : 0.000031 0.999814 0.000031 0.000031 0.000031 0.000031 0.000031
25 25 (0) 4 : 0.000037 0.152276 0.000037 0.000037 0.000037 0.847539 0.000037
26 26 (0) 4 : 0.000032 0.000033 0.000032 0.000032 0.000032 0.999805 0.000032
27 27 (0) 4 : 0.000048 0.000048 0.000048 0.000048 0.000048 0.999713 0.000048
28 28 (0) 4 : 0.000042 0.000042 0.000042 0.000042 0.000042 0.999747 0.000042
29 29 (0) 4 : 0.000049 0.000049 0.000049 0.000049 0.000049 0.999704 0.000049
30 30 (0) 4 : 0.000055 0.126731 0.000055 0.000055 0.000055 0.872993 0.000055
31 31 (0) 4 : 0.000045 0.000045 0.000045 0.000045 0.000045 0.999730 0.000045
32 32 (0) 4 : 0.000047 0.000047 0.000047 0.000047 0.000047 0.999717 0.000047
33 33 (0) 4 : 0.000040 0.000040 0.000040 0.000040 0.000040 0.999759 0.000040
34 34 (0) 4 : 0.000031 0.196305 0.000031 0.000031 0.000031 0.803540 0.000031
35 35 (0) 4 : 0.000030 0.307600 0.000030 0.000030 0.000030 0.692251 0.000030
36 36 (0) 4 : 0.000030 0.000030 0.000030 0.000030 0.000030 0.999821 0.000030
37 37 (0) 4 : 0.000030 0.000030 0.000030 0.000030 0.000030 0.999818 0.000030
38 38 (0) 4 : 0.000038 0.000039 0.000038 0.000038 0.000039 0.999769 0.000038
39 39 (0) 4 : 0.000032 0.000032 0.000032 0.000032 0.000032 0.999809 0.000032
40 40 (0) 4 : 0.000030 0.000030 0.000030 0.000030 0.000030 0.999821 0.000030
41 41 (0) 4 : 0.000042 0.000043 0.000042 0.000042 0.000043 0.999745 0.000042
42 42 (0) 4 : 0.000041 0.000041 0.000041 0.000041 0.000041 0.999753 0.000041
43 43 (0) 4 : 0.000043 0.000043 0.000043 0.000043 0.000043 0.999743 0.000043
44 44 (0) 4 : 0.000041 0.000041 0.000041 0.000041 0.000041 0.999752 0.000041
45 45 (0) 4 : 0.000042 0.000042 0.000042 0.000042 0.000042 0.999749 0.000042
46 46 (0) 4 : 0.000041 0.000042 0.000041 0.000041 0.000041 0.999751 0.000041
47 47 (0) 4 : 0.000043 0.000043 0.000043 0.000043 0.000043 0.999742 0.000043
48 48 (0) 4 : 0.000041 0.233725 0.000041 0.000041 0.000041 0.766072 0.000041
49 49 (0) 4 : 0.000040 0.000040 0.000040 0.000040 0.000040 0.999761 0.000040
50 50 (0) 4 : 0.000041 0.000041 0.000041 0.000041 0.000041 0.999755 0.000041
51 51 (0) 1 : 0.000027 0.999837 0.000027 0.000027 0.000027 0.000027 0.000027
52 52 (0) 1 : 0.000029 0.999828 0.000029 0.000029 0.000029 0.000029 0.000029
53 53 (0) 1 : 0.000046 0.936160 0.000046 0.000046 0.000046 0.063610 0.000046
54 54 (0) 1 : 0.000032 0.520808 0.000032 0.000032 0.000032 0.479033 0.000032
55 55 (0) 1 : 0.000049 0.662060 0.000049 0.000049 0.000049 0.337694 0.000049
56 56 (0) 1 : 0.000031 0.496208 0.000031 0.000031 0.000031 0.503638 0.000031
57 57 (0) 1 : 0.000029 0.540108 0.000029 0.000029 0.000029 0.459745 0.000029
58 58 (0) 1 : 0.000040 0.623938 0.000040 0.000040 0.000040 0.375864 0.000040
59 59 (0) 1 : 0.000039 0.999769 0.000039 0.000039 0.000039 0.000039 0.000039
60 60 (0) 1 : 0.000040 0.999761 0.000040 0.000040 0.000040 0.000040 0.000040
61 61 (0) 1 : 0.000028 0.999833 0.000028 0.000028 0.000028 0.000028 0.000028
62 62 (0) 1 : 0.000035 0.840985 0.000035 0.000035 0.000035 0.158838 0.000035
63 63 (0) 1 : 0.000037 0.903126 0.000037 0.000037 0.000037 0.096689 0.000037
64 64 (0) 1 : 0.000041 0.999752 0.000041 0.000041 0.000041 0.000041 0.000041
65 65 (0) 1 : 0.000040 0.999758 0.000040 0.000040 0.000040 0.000040 0.000040
66 66 (0) 1 : 0.000045 0.999731 0.000045 0.000045 0.000045 0.000045 0.000045
67 67 (0) 1 : 0.000040 0.999762 0.000040 0.000040 0.000040 0.000040 0.000040
68 68 (0) 1 : 0.000046 0.999725 0.000046 0.000046 0.000046 0.000046 0.000046
69 69 (0) 1 : 0.000049 0.999706 0.000049 0.000049 0.000049 0.000049 0.000049
70 70 (0) 1 : 0.000037 0.999775 0.000037 0.000037 0.000037 0.000037 0.000037
71 71 (0) 1 : 0.000044 0.999737 0.000044 0.000044 0.000044 0.000044 0.000044
72 72 (0) 1 : 0.000043 0.999743 0.000043 0.000043 0.000043 0.000043 0.000043
73 73 (0) 1 : 0.000040 0.999761 0.000040 0.000040 0.000040 0.000040 0.000040
74 74 (0) 1 : 0.000028 0.999830 0.000028 0.000028 0.000028 0.000028 0.000028
75 75 (0) 1 : 0.000028 0.999833 0.000028 0.000028 0.000028 0.000028 0.000028
76 76 (0) 1 : 0.000055 0.999671 0.000055 0.000055 0.000055 0.000055 0.000055
77 77 (0) 1 : 0.000043 0.999741 0.000043 0.000043 0.000043 0.000043 0.000043
78 78 (0) 1 : 0.000042 0.999745 0.000042 0.000042 0.000042 0.000042 0.000042
79 79 (0) 1 : 0.000035 0.808138 0.000035 0.000035 0.000035 0.191686 0.000035
80 80 (0) 1 : 0.000028 0.999833 0.000028 0.000028 0.000028 0.000028 0.000028
81 81 (0) 1 : 0.000028 0.999833 0.000028 0.000028 0.000028 0.000028 0.000028
82 82 (0) 1 : 0.000031 0.999813 0.000031 0.000031 0.000031 0.000031 0.000031
83 83 (0) 1 : 0.000040 0.999752 0.000040 0.000040 0.000047 0.000040 0.000040
84 84 (0) 1 : 0.000055 0.999670 0.000055 0.000055 0.000055 0.000055 0.000055
85 85 (0) 1 : 0.000028 0.999830 0.000028 0.000028 0.000028 0.000028 0.000028
86 86 (0) 1 : 0.000028 0.999833 0.000028 0.000028 0.000028 0.000028 0.000028
87 87 (0) 5 : 0.000043 0.999741 0.000043 0.000043 0.000043 0.000043 0.000043
88 88 (0) 5 : 0.000037 0.501374 0.000037 0.000037 0.000037 0.498441 0.000037
89 89 (0) 5 : 0.000029 0.999825 0.000029 0.000029 0.000029 0.000029 0.000029
90 90 (0) 5 : 0.000043 0.176883 0.000043 0.000043 0.000043 0.822903 0.000043
91 91 (0) 5 : 0.000041 0.000041 0.000041 0.000041 0.000041 0.999756 0.000041
92 92 (0) 5 : 0.000033 0.487007 0.000033 0.000033 0.000033 0.512828 0.000033
93 93 (0) 5 : 0.000046 0.377650 0.000046 0.000046 0.000046 0.622121 0.000046
94 94 (0) 5 : 0.000034 0.383943 0.000034 0.000034 0.000034 0.615886 0.000034
95 95 (0) 5 : 0.000044 0.000044 0.000044 0.000044 0.000044 0.999735 0.000044
96 96 (0) 5 : 0.000039 0.292206 0.000039 0.000039 0.000039 0.707598 0.000039
97 97 (0) 6 : 0.000039 0.999766 0.000039 0.000039 0.000039 0.000039 0.000039
98 98 (0) 6 : 0.000038 0.999774 0.000038 0.000038 0.000038 0.000038 0.000038
99 99 (0) 6 : 0.000038 0.999773 0.000038 0.000038 0.000038 0.000038 0.000038
100 100 (0) 6 : 0.000031 0.999817 0.000031 0.000031 0.000031 0.000031 0.000031
101 101 (0) 6 : 0.000030 0.999817 0.000030 0.000030 0.000030 0.000030 0.000030
102 102 (0) 6 : 0.000029 0.999828 0.000029 0.000029 0.000029 0.000029 0.000029
103 103 (0) 6 : 0.000038 0.999769 0.000038 0.000038 0.000039 0.000039 0.000038
104 104 (0) 6 : 0.000041 0.999756 0.000041 0.000041 0.000041 0.000041 0.000041
105 105 (0) 6 : 0.000040 0.000040 0.000040 0.000040 0.999761 0.000040 0.000040
106 106 (0) 6 : 0.000045 0.999730 0.000045 0.000045 0.000045 0.000045 0.000045
107 107 (0) 6 : 0.000040 0.999760 0.000040 0.000040 0.000040 0.000040 0.000040
108 108 (0) 6 : 0.000042 0.999747 0.000042 0.000042 0.000042 0.000042 0.000042
109 109 (0) 6 : 0.000041 0.000041 0.000041 0.000041 0.999752 0.000041 0.000041
110 110 (0) 2 : 0.000032 0.999809 0.000032 0.000032 0.000032 0.000032 0.000032
111 111 (0) 2 : 0.000041 0.999754 0.000041 0.000041 0.000041 0.000041 0.000041
112 112 (0) 2 : 0.000041 0.999751 0.000041 0.000041 0.000042 0.000042 0.000041
113 113 (0) 2 : 0.000038 0.999772 0.000038 0.000038 0.000038 0.000038 0.000038
114 114 (0) 2 : 0.000040 0.999762 0.000040 0.000040 0.000040 0.000040 0.000040
115 115 (0) 3 : 0.000028 0.999831 0.000028 0.000028 0.000028 0.000028 0.000028
1 1 (0) 1 : 0.000041 0.000041 0.000041 0.000041 0.000041 0.000041 0.999752
2 2 (0) 1 : 0.000039 0.000039 0.000039 0.000039 0.000039 0.000039 0.999764
3 3 (0) 1 : 0.000042 0.000042 0.000042 0.000042 0.000042 0.000042 0.999748
4 4 (0) 1 : 0.000042 0.000042 0.000042 0.000042 0.000042 0.000042 0.999747
5 5 (0) 1 : 0.000044 0.000044 0.000044 0.000044 0.000044 0.000044 0.999737
6 6 (0) 1 : 0.000042 0.000042 0.000042 0.000042 0.000042 0.000042 0.999746
7 7 (0) 1 : 0.000045 0.000045 0.000045 0.000045 0.000045 0.000045 0.999727
8 8 (0) 1 : 0.000032 0.000032 0.000032 0.000032 0.000032 0.000032 0.999808
9 9 (0) 1 : 0.000030 0.000030 0.000030 0.000030 0.000030 0.000030 0.999820
10 10 (0) 1 : 0.000035 0.000035 0.000035 0.000035 0.000035 0.000035 0.999789
11 11 (0) 1 : 0.000041 0.000041 0.000041 0.000041 0.000041 0.000041 0.999754
12 12 (0) 1 : 0.000034 0.000034 0.000034 0.000034 0.000034 0.000034 0.999799
13 13 (0) 1 : 0.000040 0.000040 0.000040 0.000040 0.000040 0.000040 0.999758
14 14 (0) 1 : 0.000041 0.000041 0.000041 0.000041 0.000041 0.000041 0.999756
15 15 (0) 1 : 0.000041 0.000041 0.000041 0.000041 0.000041 0.000041 0.999755
16 16 (0) 1 : 0.000043 0.000043 0.000043 0.000043 0.000043 0.000043 0.999742
17 17 (0) 1 : 0.000047 0.000047 0.000047 0.000047 0.000047 0.000047 0.999720
18 18 (0) 2 : 0.000032 0.000032 0.000032 0.000032 0.999810 0.000032 0.000032
19 19 (0) 2 : 0.000041 0.000041 0.000041 0.000041 0.999755 0.000041 0.000041
20 20 (0) 3 : 0.000032 0.000032 0.000032 0.000032 0.000032 0.000032 0.999807
21 21 (0) 3 : 0.000034 0.000034 0.000034 0.000034 0.000034 0.000034 0.999798
22 22 (0) 2 : 0.000041 0.000041 0.000041 0.000041 0.999752 0.000041 0.000042
23 23 (0) 2 : 0.000032 0.000032 0.000032 0.000032 0.999808 0.000032 0.000032
24 24 (0) 2 : 0.000031 0.000031 0.000031 0.000031 0.999814 0.000031 0.000031
25 25 (0) 4 : 0.000037 0.000037 0.000037 0.888844 0.000037 0.000037 0.110971
26 26 (0) 4 : 0.000032 0.000032 0.000032 0.999805 0.000032 0.000032 0.000032
27 27 (0) 4 : 0.000048 0.000048 0.000048 0.999713 0.000048 0.000048 0.000048
28 28 (0) 4 : 0.000042 0.000042 0.000042 0.999747 0.000042 0.000042 0.000042
29 29 (0) 4 : 0.000049 0.000049 0.000049 0.999704 0.000049 0.000049 0.000049
30 30 (0) 4 : 0.000055 0.000055 0.000055 0.889797 0.000055 0.000055 0.109927
31 31 (0) 4 : 0.000045 0.000045 0.000045 0.999730 0.000045 0.000045 0.000045
32 32 (0) 4 : 0.000047 0.000047 0.000047 0.999717 0.000047 0.000047 0.000047
33 33 (0) 4 : 0.000040 0.000040 0.000040 0.999759 0.000040 0.000040 0.000040
34 34 (0) 4 : 0.000031 0.000031 0.000031 0.902642 0.000031 0.000031 0.097203
35 35 (0) 4 : 0.000030 0.000030 0.000030 0.798793 0.000030 0.000030 0.201058
36 36 (0) 4 : 0.000030 0.000030 0.000030 0.999821 0.000030 0.000030 0.000030
37 37 (0) 4 : 0.000030 0.000030 0.000030 0.999818 0.000030 0.000030 0.000030
38 38 (0) 4 : 0.000038 0.000038 0.000038 0.999769 0.000039 0.000039 0.000039
39 39 (0) 4 : 0.000032 0.000032 0.000032 0.999809 0.000032 0.000032 0.000032
40 40 (0) 4 : 0.000030 0.000030 0.000030 0.999821 0.000030 0.000030 0.000030
41 41 (0) 4 : 0.000042 0.000042 0.000042 0.999745 0.000043 0.000043 0.000043
42 42 (0) 4 : 0.000041 0.000041 0.000041 0.999753 0.000041 0.000041 0.000041
43 43 (0) 4 : 0.000043 0.000043 0.000043 0.999743 0.000043 0.000043 0.000043
44 44 (0) 4 : 0.000041 0.000041 0.000041 0.999752 0.000041 0.000041 0.000041
45 45 (0) 4 : 0.000042 0.000042 0.000042 0.999749 0.000042 0.000042 0.000042
46 46 (0) 4 : 0.000041 0.000041 0.000041 0.999751 0.000041 0.000041 0.000042
47 47 (0) 4 : 0.000043 0.000043 0.000043 0.999742 0.000043 0.000043 0.000043
48 48 (0) 4 : 0.000041 0.000041 0.000041 0.831022 0.000041 0.000041 0.168775
49 49 (0) 4 : 0.000040 0.000040 0.000040 0.999761 0.000040 0.000040 0.000040
50 50 (0) 4 : 0.000041 0.000041 0.000041 0.999755 0.000041 0.000041 0.000041
51 51 (0) 1 : 0.000027 0.000027 0.000027 0.000027 0.000027 0.000027 0.999837
52 52 (0) 1 : 0.000029 0.000029 0.000029 0.000029 0.000029 0.000029 0.999828
53 53 (0) 1 : 0.000046 0.000046 0.000046 0.158636 0.000046 0.000046 0.841134
54 54 (0) 1 : 0.000032 0.000032 0.000032 0.550055 0.000032 0.000032 0.449786
55 55 (0) 1 : 0.000049 0.000049 0.000049 0.409454 0.000049 0.000049 0.590301
56 56 (0) 1 : 0.000031 0.000031 0.000031 0.559015 0.000031 0.000031 0.440831
57 57 (0) 1 : 0.000029 0.000029 0.000029 0.502467 0.000029 0.000029 0.497386
58 58 (0) 1 : 0.000040 0.000040 0.000040 0.426806 0.000040 0.000040 0.572995
59 59 (0) 1 : 0.000039 0.000039 0.000039 0.000039 0.000039 0.000039 0.999769
60 60 (0) 1 : 0.000040 0.000040 0.000040 0.000040 0.000040 0.000040 0.999761
61 61 (0) 1 : 0.000028 0.000028 0.000028 0.000028 0.000028 0.000028 0.999833
62 62 (0) 1 : 0.000035 0.000035 0.000035 0.202414 0.000035 0.000035 0.797409
63 63 (0) 1 : 0.000037 0.000037 0.000037 0.126698 0.000037 0.000037 0.873117
64 64 (0) 1 : 0.000041 0.000041 0.000041 0.000041 0.000041 0.000041 0.999752
65 65 (0) 1 : 0.000040 0.000040 0.000040 0.000040 0.000040 0.000040 0.999757
66 66 (0) 1 : 0.000045 0.000045 0.000045 0.000045 0.000045 0.000045 0.999731
67 67 (0) 1 : 0.000040 0.000040 0.000040 0.000040 0.000040 0.000040 0.999762
68 68 (0) 1 : 0.000046 0.000046 0.000046 0.000046 0.000046 0.000046 0.999725
69 69 (0) 1 : 0.000049 0.000049 0.000049 0.000049 0.000049 0.000049 0.999706
70 70 (0) 1 : 0.000037 0.000037 0.000037 0.000038 0.000037 0.000037 0.999775
71 71 (0) 1 : 0.000044 0.000044 0.000044 0.000044 0.000044 0.000044 0.999737
72 72 (0) 1 : 0.000043 0.000043 0.000043 0.000043 0.000043 0.000043 0.999743
73 73 (0) 1 : 0.000040 0.000040 0.000040 0.000040 0.000040 0.000040 0.999761
74 74 (0) 1 : 0.000028 0.000028 0.000028 0.000028 0.000028 0.000028 0.999830
75 75 (0) 1 : 0.000028 0.000028 0.000028 0.000028 0.000028 0.000028 0.999833
76 76 (0) 1 : 0.000055 0.000055 0.000055 0.000055 0.000055 0.000055 0.999671
77 77 (0) 1 : 0.000043 0.000043 0.000043 0.000043 0.000043 0.000043 0.999741
78 78 (0) 1 : 0.000042 0.000042 0.000042 0.000042 0.000042 0.000042 0.999745
79 79 (0) 1 : 0.000035 0.000035 0.000035 0.279783 0.000035 0.000035 0.720041
80 80 (0) 1 : 0.000028 0.000028 0.000028 0.000028 0.000028 0.000028 0.999833
81 81 (0) 1 : 0.000028 0.000028 0.000028 0.000028 0.000028 0.000028 0.999833
82 82 (0) 1 : 0.000031 0.000031 0.000031 0.000031 0.000031 0.000031 0.999813
83 83 (0) 1 : 0.000040 0.000040 0.000040 0.030358 0.000040 0.000040 0.969441
84 84 (0) 1 : 0.000055 0.000055 0.000055 0.000055 0.000055 0.000055 0.999670
85 85 (0) 1 : 0.000028 0.000028 0.000028 0.000028 0.000028 0.000028 0.999830
86 86 (0) 1 : 0.000028 0.000028 0.000028 0.000028 0.000028 0.000028 0.999833
87 87 (0) 5 : 0.000043 0.000043 0.000043 0.511387 0.000043 0.000043 0.488397
88 88 (0) 5 : 0.000037 0.000037 0.000037 0.626980 0.000037 0.000037 0.372835
89 89 (0) 5 : 0.000029 0.000029 0.000029 0.465866 0.000029 0.000029 0.533988
90 90 (0) 5 : 0.000043 0.000043 0.000043 0.880744 0.000043 0.000043 0.119042
91 91 (0) 5 : 0.000041 0.000041 0.000041 0.999756 0.000041 0.000041 0.000041
92 92 (0) 5 : 0.000033 0.000033 0.000033 0.609982 0.000033 0.000033 0.389854
93 93 (0) 5 : 0.000046 0.000046 0.000046 0.720325 0.000046 0.000046 0.279446
94 94 (0) 5 : 0.000034 0.000034 0.000034 0.729577 0.000034 0.000034 0.270251
95 95 (0) 5 : 0.000044 0.000044 0.000044 0.999735 0.000044 0.000044 0.000044
96 96 (0) 5 : 0.000039 0.000039 0.000039 0.792662 0.000039 0.000039 0.207143
97 97 (0) 6 : 0.000039 0.000039 0.000039 0.000039 0.000039 0.000039 0.999766
98 98 (0) 6 : 0.000038 0.000038 0.000038 0.000038 0.000038 0.000038 0.999774
99 99 (0) 6 : 0.000038 0.000038 0.000038 0.000038 0.000038 0.000038 0.999773
100 100 (0) 6 : 0.000031 0.000031 0.000031 0.000031 0.000031 0.000031 0.999817
101 101 (0) 6 : 0.000030 0.000030 0.000030 0.000030 0.000030 0.000030 0.999817
102 102 (0) 6 : 0.000029 0.000029 0.000029 0.000029 0.000029 0.000029 0.999828
103 103 (0) 6 : 0.000038 0.000038 0.000038 0.000039 0.000039 0.000039 0.999769
104 104 (0) 6 : 0.000041 0.000041 0.000041 0.000041 0.000041 0.000041 0.999756
105 105 (0) 6 : 0.000040 0.000040 0.000040 0.000040 0.000040 0.999761 0.000040
106 106 (0) 6 : 0.000045 0.000045 0.000045 0.000045 0.000045 0.000045 0.999731
107 107 (0) 6 : 0.000040 0.000040 0.000040 0.000040 0.000040 0.000040 0.999760
108 108 (0) 6 : 0.000042 0.000042 0.000042 0.000042 0.000042 0.000042 0.999747
109 109 (0) 6 : 0.000041 0.000041 0.000041 0.000041 0.000041 0.999752 0.000041
110 110 (0) 2 : 0.000032 0.000032 0.000032 0.000032 0.778935 0.000032 0.220906
111 111 (0) 2 : 0.000041 0.000041 0.000041 0.000041 0.999754 0.000041 0.000041
112 112 (0) 2 : 0.000041 0.000041 0.000041 0.000042 0.892126 0.000041 0.107666
113 113 (0) 2 : 0.000038 0.000038 0.000038 0.000038 0.999772 0.000038 0.000038
114 114 (0) 2 : 0.000040 0.000040 0.000040 0.000040 0.999763 0.000040 0.000040
115 115 (0) 3 : 0.000028 0.000028 0.000028 0.000028 0.000028 0.000028 0.999830
1 1 (0) 1 : 0.999752 0.000041 0.000041 0.000041 0.000041 0.000041 0.000041
2 2 (0) 1 : 0.999764 0.000039 0.000039 0.000039 0.000039 0.000039 0.000039
3 3 (0) 1 : 0.999748 0.000042 0.000042 0.000042 0.000042 0.000042 0.000042
4 4 (0) 1 : 0.999747 0.000042 0.000042 0.000042 0.000042 0.000042 0.000042
5 5 (0) 1 : 0.999737 0.000044 0.000044 0.000044 0.000044 0.000044 0.000044
6 6 (0) 1 : 0.999746 0.000042 0.000042 0.000042 0.000042 0.000042 0.000042
7 7 (0) 1 : 0.999727 0.000045 0.000045 0.000045 0.000045 0.000045 0.000045
8 8 (0) 1 : 0.999808 0.000032 0.000032 0.000032 0.000032 0.000032 0.000032
9 9 (0) 1 : 0.999820 0.000030 0.000030 0.000030 0.000030 0.000030 0.000030
10 10 (0) 1 : 0.999789 0.000035 0.000035 0.000035 0.000035 0.000035 0.000035
11 11 (0) 1 : 0.999754 0.000041 0.000041 0.000041 0.000041 0.000041 0.000041
12 12 (0) 1 : 0.999799 0.000034 0.000034 0.000034 0.000034 0.000034 0.000034
13 13 (0) 1 : 0.999758 0.000040 0.000040 0.000040 0.000040 0.000040 0.000040
14 14 (0) 1 : 0.999756 0.000041 0.000041 0.000041 0.000041 0.000041 0.000041
15 15 (0) 1 : 0.999755 0.000041 0.000041 0.000041 0.000041 0.000041 0.000041
16 16 (0) 1 : 0.999742 0.000043 0.000043 0.000043 0.000043 0.000043 0.000043
17 17 (0) 1 : 0.999720 0.000047 0.000047 0.000047 0.000047 0.000047 0.000047
18 18 (0) 2 : 0.000032 0.000032 0.000032 0.000032 0.000032 0.000032 0.999810
19 19 (0) 2 : 0.000041 0.000041 0.000041 0.000041 0.000041 0.000041 0.999756
20 20 (0) 3 : 0.926091 0.000032 0.000032 0.000032 0.000032 0.000032 0.073749
21 21 (0) 3 : 0.937228 0.000034 0.000034 0.000034 0.000034 0.000034 0.062604
22 22 (0) 2 : 0.000041 0.000041 0.000041 0.000041 0.000041 0.000041 0.999752
23 23 (0) 2 : 0.000032 0.000032 0.000032 0.000032 0.000032 0.000032 0.999808
24 24 (0) 2 : 0.000031 0.000031 0.000031 0.000031 0.000031 0.000031 0.999814
25 25 (0) 4 : 0.113601 0.000037 0.000037 0.000037 0.886213 0.000037 0.000037
26 26 (0) 4 : 0.000032 0.000032 0.000032 0.000032 0.999805 0.000032 0.000032
27 27 (0) 4 : 0.000048 0.000048 0.000048 0.000048 0.999713 0.000048 0.000048
28 28 (0) 4 : 0.000042 0.000042 0.000042 0.000042 0.999747 0.000042 0.000042
29 29 (0) 4 : 0.000049 0.000049 0.000049 0.000049 0.999704 0.000049 0.000049
30 30 (0) 4 : 0.121532 0.000055 0.000055 0.000055 0.878192 0.000055 0.000055
31 31 (0) 4 : 0.000045 0.000045 0.000045 0.000045 0.999730 0.000045 0.000045
32 32 (0) 4 : 0.000047 0.000047 0.000047 0.000047 0.999717 0.000047 0.000047
33 33 (0) 4 : 0.000040 0.000040 0.000040 0.000040 0.999759 0.000040 0.000040
34 34 (0) 4 : 0.101814 0.000031 0.000031 0.000031 0.898031 0.000031 0.000031
35 35 (0) 4 : 0.204355 0.000030 0.000030 0.000030 0.795496 0.000030 0.000030
36 36 (0) 4 : 0.000030 0.000030 0.000030 0.000030 0.999821 0.000030 0.000030
37 37 (0) 4 : 0.000030 0.000030 0.000030 0.000030 0.999818 0.000030 0.000030
38 38 (0) 4 : 0.000039 0.000038 0.000038 0.000038 0.999769 0.000039 0.000039
39 39 (0) 4 : 0.000032 0.000032 0.000032 0.000032 0.999809 0.000032 0.000032
40 40 (0) 4 : 0.000030 0.000030 0.000030 0.000030 0.999821 0.000030 0.000030
41 41 (0) 4 : 0.000043 0.000042 0.000042 0.000042 0.999745 0.000043 0.000043
42 42 (0) 4 : 0.000041 0.000041 0.000041 0.000041 0.999753 0.000041 0.000041
43 43 (0) 4 : 0.000043 0.000043 0.000043 0.000043 0.999743 0.000043 0.000043
44 44 (0) 4 : 0.000041 0.000041 0.000041 0.000041 0.999752 0.000041 0.000041
45 45 (0) 4 : 0.000042 0.000042 0.000042 0.000042 0.999749 0.000042 0.000042
46 46 (0) 4 : 0.000042 0.000041 0.000041 0.000041 0.999751 0.000041 0.000042
47 47 (0) 4 : 0.000043 0.000043 0.000043 0.000043 0.999742 0.000043 0.000043
48 48 (0) 4 : 0.174450 0.000041 0.000041 0.000041 0.825347 0.000041 0.000041
49 49 (0) 4 : 0.000040 0.000040 0.000040 0.000040 0.999761 0.000040 0.000040
50 50 (0) 4 : 0.000041 0.000041 0.000041 0.000041 0.999755 0.000041 0.000041
51 51 (0) 1 : 0.999837 0.000027 0.000027 0.000027 0.000027 0.000027 0.000027
52 52 (0) 1 : 0.999828 0.000029 0.000029 0.000029 0.000029 0.000029 0.000029
53 53 (0) 1 : 0.846446 0.000046 0.000046 0.000046 0.153325 0.000046 0.000046
54 54 (0) 1 : 0.454806 0.000032 0.000032 0.000032 0.545035 0.000032 0.000032
55 55 (0) 1 : 0.596562 0.000049 0.000049 0.000049 0.403192 0.000049 0.000049
56 56 (0) 1 : 0.443449 0.000031 0.000031 0.000031 0.556397 0.000031 0.000031
57 57 (0) 1 : 0.503202 0.000029 0.000029 0.000029 0.496651 0.000029 0.000029
58 58 (0) 1 : 0.579212 0.000040 0.000040 0.000040 0.420590 0.000040 0.000040
59 59 (0) 1 : 0.982851 0.000039 0.000039 0.000039 0.000039 0.000039 0.016956
60 60 (0) 1 : 0.999761 0.000040 0.000040 0.000040 0.000040 0.000040 0.000040
61 61 (0) 1 : 0.999833 0.000028 0.000028 0.000028 0.000028 0.000028 0.000028
62 62 (0) 1 : 0.799739 0.000035 0.000035 0.000035 0.200084 0.000035 0.000035
63 63 (0) 1 : 0.875250 0.000037 0.000037 0.000037 0.124564 0.000037 0.000037
64 64 (0) 1 : 0.999752 0.000041 0.000041 0.000041 0.000041 0.000041 0.000041
65 65 (0) 1 : 0.999757 0.000040 0.000040 0.000040 0.000040 0.000040 0.000040
66 66 (0) 1 : 0.999731 0.000045 0.000045 0.000045 0.000045 0.000045 0.000045
67 67 (0) 1 : 0.999762 0.000040 0.000040 0.000040 0.000040 0.000040 0.000040
68 68 (0) 1 : 0.999725 0.000046 0.000046 0.000046 0.000046 0.000046 0.000046
69 69 (0) 1 : 0.999706 0.000049 0.000049 0.000049 0.000049 0.000049 0.000049
70 70 (0) 1 : 0.999775 0.000037 0.000037 0.000037 0.000038 0.000037 0.000038
71 71 (0) 1 : 0.999737 0.000044 0.000044 0.000044 0.000044 0.000044 0.000044
72 72 (0) 1 : 0.999743 0.000043 0.000043 0.000043 0.000043 0.000043 0.000043
73 73 (0) 1 : 0.999761 0.000040 0.000040 0.000040 0.000040 0.000040 0.000040
74 74 (0) 1 : 0.999830 0.000028 0.000028 0.000028 0.000028 0.000028 0.000028
75 75 (0) 1 : 0.999833 0.000028 0.000028 0.000028 0.000028 0.000028 0.000028
76 76 (0) 1 : 0.999671 0.000055 0.000055 0.000055 0.000055 0.000055 0.000055
77 77 (0) 1 : 0.999741 0.000043 0.000043 0.000043 0.000043 0.000043 0.000043
78 78 (0) 1 : 0.999745 0.000042 0.000042 0.000042 0.000042 0.000042 0.000042
79 79 (0) 1 : 0.723928 0.000035 0.000035 0.000035 0.275896 0.000035 0.000035
80 80 (0) 1 : 0.999833 0.000028 0.000028 0.000028 0.000028 0.000028 0.000028
81 81 (0) 1 : 0.999833 0.000028 0.000028 0.000028 0.000028 0.000028 0.000028
82 82 (0) 1 : 0.999813 0.000031 0.000031 0.000031 0.000031 0.000031 0.000031
83 83 (0) 1 : 0.999758 0.000040 0.000040 0.000040 0.000040 0.000040 0.000040
84 84 (0) 1 : 0.999670 0.000055 0.000055 0.000055 0.000055 0.000055 0.000055
85 85 (0) 1 : 0.999830 0.000028 0.000028 0.000028 0.000028 0.000028 0.000028
86 86 (0) 1 : 0.999833 0.000028 0.000028 0.000028 0.000028 0.000028 0.000028
87 87 (0) 5 : 0.489998 0.000043 0.000043 0.000043 0.509786 0.000043 0.000043
88 88 (0) 5 : 0.374646 0.000037 0.000037 0.000037 0.625169 0.000037 0.000037
89 89 (0) 5 : 0.536044 0.000029 0.000029 0.000029 0.463810 0.000029 0.000029
90 90 (0) 5 : 0.139867 0.000043 0.000043 0.000043 0.859919 0.000043 0.000043
91 91 (0) 5 : 0.061229 0.000041 0.000041 0.000041 0.938568 0.000041 0.000041
92 92 (0) 5 : 0.394450 0.000033 0.000033 0.000033 0.605385 0.000033 0.000033
93 93 (0) 5 : 0.287403 0.000046 0.000046 0.000046 0.712368 0.000046 0.000046
94 94 (0) 5 : 0.275931 0.000034 0.000034 0.000034 0.723897 0.000034 0.000035
95 95 (0) 5 : 0.067690 0.000044 0.000044 0.000044 0.932089 0.000044 0.000044
96 96 (0) 5 : 0.217781 0.000039 0.000039 0.000039 0.782023 0.000039 0.000039
97 97 (0) 6 : 0.999766 0.000039 0.000039 0.000039 0.000039 0.000039 0.000039
98 98 (0) 6 : 0.999774 0.000038 0.000038 0.000038 0.000038 0.000038 0.000038
99 99 (0) 6 : 0.999773 0.000038 0.000038 0.000038 0.000038 0.000038 0.000038
100 100 (0) 6 : 0.999817 0.000031 0.000031 0.000031 0.000031 0.000031 0.000031
101 101 (0) 6 : 0.999817 0.000030 0.000030 0.000030 0.000030 0.000030 0.000030
102 102 (0) 6 : 0.999828 0.000029 0.000029 0.000029 0.000029 0.000029 0.000029
103 103 (0) 6 : 0.999769 0.000038 0.000038 0.000038 0.000039 0.000039 0.000039
104 104 (0) 6 : 0.999756 0.000041 0.000041 0.000041 0.000041 0.000041 0.000041
105 105 (0) 6 : 0.000040 0.000040 0.000040 0.000040 0.000040 0.999761 0.000040
106 106 (0) 6 : 0.999731 0.000045 0.000045 0.000045 0.000045 0.000045 0.000045
107 107 (0) 6 : 0.999760 0.000040 0.000040 0.000040 0.000040 0.000040 0.000040
108 108 (0) 6 : 0.999747 0.000042 0.000042 0.000042 0.000042 0.000042 0.000042
109 109 (0) 6 : 0.000041 0.000041 0.000041 0.000041 0.000041 0.999752 0.000041
110 110 (0) 2 : 0.207305 0.000032 0.000032 0.000032 0.000032 0.000032 0.792536
111 111 (0) 2 : 0.000041 0.000041 0.000041 0.000041 0.000041 0.000041 0.999755
112 112 (0) 2 : 0.108446 0.000041 0.000041 0.000041 0.000042 0.000041 0.891346
113 113 (0) 2 : 0.000038 0.000038 0.000038 0.000038 0.000038 0.000038 0.999772
114 114 (0) 2 : 0.000040 0.000040 0.000040 0.000040 0.000040 0.000040 0.999762
115 115 (0) 3 : 0.859098 0.000028 0.000028 0.000028 0.000028 0.000028 0.140761
