1 1 (0) 1 : 0.000036 0.000036 0.000036 0.000036 0.000036 0.000036 0.999748 0.000036
2 2 (0) 1 : 0.000034 0.000034 0.000034 0.000034 0.000034 0.000034 0.999759 0.000034
3 3 (0) 1 : 0.000037 0.000037 0.000037 0.000037 0.000037 0.000037 0.999744 0.000037
4 4 (0) 1 : 0.000037 0.000037 0.000037 0.000037 0.000037 0.000037 0.999742 0.000037
5 5 (0) 1 : 0.000038 0.000038 0.000038 0.000038 0.000038 0.000038 0.999732 0.000038
6 6 (0) 1 : 0.000037 0.000037 0.000037 0.000037 0.000037 0.000037 0.999741 0.000037
7 7 (0) 1 : 0.000040 0.000040 0.000040 0.000040 0.000040 0.000040 0.999722 0.000040
8 8 (0) 1 : 0.000028 0.000028 0.000028 0.000028 0.000028 0.000028 0.999804 0.000028
9 9 (0) 1 : 0.000026 0.000026 0.000026 0.000026 0.000026 0.000026 0.999816 0.000026
10 10 (0) 1 : 0.000031 0.000031 0.000031 0.000031 0.000031 0.000031 0.999785 0.000031
11 11 (0) 1 : 0.000036 0.000036 0.000036 0.000036 0.000036 0.000036 0.999750 0.000036
12 12 (0) 1 : 0.000029 0.000029 0.000029 0.000029 0.000029 0.000029 0.999795 0.000029
13 13 (0) 1 : 0.000035 0.000035 0.000035 0.000035 0.000035 0.000035 0.999754 0.000035
14 14 (0) 1 : 0.000035 0.000036 0.000035 0.000035 0.000035 0.000035 0.999752 0.000035
15 15 (0) 1 : 0.000036 0.000036 0.000036 0.000036 0.000036 0.000036 0.999751 0.000036
16 16 (0) 1 : 0.000038 0.000038 0.000038 0.000038 0.000038 0.000038 0.999737 0.000038
17 17 (0) 1 : 0.000041 0.000041 0.000041 0.000041 0.000041 0.000041 0.999715 0.000041
18 18 (0) 2 : 0.000028 0.000028 0.999807 0.000028 0.000028 0.000028 0.000028 0.000028
19 19 (0) 2 : 0.000036 0.000036 0.999751 0.000036 0.000036 0.000036 0.000036 0.000036
20 20 (0) 3 : 0.000028 0.000028 0.082557 0.000028 0.000028 0.000028 0.917275 0.000028
21 21 (0) 3 : 0.000029 0.000029 0.071108 0.000029 0.000029 0.000029 0.928716 0.000029
22 22 (0) 2 : 0.000036 0.000036 0.999747 0.000036 0.000036 0.000036 0.000036 0.000036
23 23 (0) 2 : 0.000028 0.000028 0.999805 0.000028 0.000028 0.000028 0.000028 0.000028
24 24 (0) 2 : 0.000027 0.000027 0.999811 0.000027 0.000027 0.000027 0.000027 0.000027
25 25 (0) 4 : 0.000032 0.999774 0.000032 0.000032 0.000032 0.000032 0.000032 0.000032
26 26 (0) 4 : 0.000028 0.999802 0.000028 0.000028 0.000028 0.000028 0.000028 0.000028
27 27 (0) 4 : 0.000042 0.999707 0.000042 0.000042 0.000042 0.000042 0.000042 0.000042
28 28 (0) 4 : 0.000037 0.999742 0.000037 0.000037 0.000037 0.000037 0.000037 0.000037
29 29 (0) 4 : 0.000043 0.999698 0.000043 0.000043 0.000043 0.000043 0.000043 0.000043
30 30 (0) 4 : 0.000048 0.999663 0.000048 0.000048 0.000048 0.000048 0.000048 0.000048
31 31 (0) 4 : 0.000039 0.999724 0.000039 0.000039 0.000039 0.000039 0.000039 0.000039
32 32 (0) 4 : 0.000041 0.999712 0.000041 0.000041 0.000041 0.000041 0.000041 0.000041
33 33 (0) 4 : 0.000035 0.999754 0.000035 0.000035 0.000035 0.000035 0.000035 0.000035
34 34 (0) 4 : 0.000027 0.999810 0.000027 0.000027 0.000027 0.000027 0.000027 0.000027
35 35 (0) 4 : 0.000026 0.856060 0.000026 0.000026 0.000026 0.000026 0.143783 0.000026
36 36 (0) 4 : 0.000026 0.999817 0.000026 0.000026 0.000026 0.000026 0.000026 0.000026
37 37 (0) 4 : 0.000026 0.999815 0.000026 0.000026 0.000026 0.000026 0.000027 0.000026
38 38 (0) 4 : 0.000034 0.999765 0.000034 0.000034 0.000034 0.000034 0.000034 0.000034
39 39 (0) 4 : 0.000028 0.999805 0.000028 0.000028 0.000028 0.000028 0.000028 0.000028
40 40 (0) 4 : 0.000026 0.999818 0.000026 0.000026 0.000026 0.000026 0.000026 0.000026
41 41 (0) 4 : 0.000037 0.999740 0.000037 0.000037 0.000037 0.000037 0.000037 0.000037
42 42 (0) 4 : 0.000036 0.999749 0.000036 0.000036 0.000036 0.000036 0.000036 0.000036
43 43 (0) 4 : 0.000037 0.999738 0.000037 0.000037 0.000037 0.000037 0.000037 0.000037
44 44 (0) 4 : 0.000036 0.999748 0.000036 0.000036 0.000036 0.000036 0.000036 0.000036
45 45 (0) 4 : 0.000036 0.999745 0.000037 0.000036 0.000036 0.000036 0.000037 0.000036
46 46 (0) 4 : 0.000036 0.999747 0.000036 0.000036 0.000036 0.000036 0.000036 0.000036
47 47 (0) 4 : 0.000038 0.999737 0.000038 0.000038 0.000038 0.000038 0.000038 0.000038
48 48 (0) 4 : 0.000035 0.862865 0.000035 0.000035 0.000035 0.000035 0.136923 0.000035
49 49 (0) 4 : 0.000035 0.999757 0.000035 0.000035 0.000035 0.000035 0.000035 0.000035
50 50 (0) 4 : 0.000036 0.999750 0.000036 0.000036 0.000036 0.000036 0.000036 0.000036
51 51 (0) 1 : 0.000024 0.000024 0.000024 0.000024 0.000024 0.000024 0.999834 0.000024
52 52 (0) 1 : 0.000025 0.000025 0.000025 0.000025 0.000025 0.000025 0.999825 0.000025
53 53 (0) 1 : 0.000040 0.000040 0.000040 0.000040 0.000040 0.000040 0.999719 0.000040
54 54 (0) 1 : 0.000028 0.546256 0.000028 0.000028 0.000028 0.000028 0.453577 0.000028
55 55 (0) 1 : 0.000043 0.391621 0.000043 0.000043 0.000043 0.000043 0.608122 0.000043
56 56 (0) 1 : 0.000027 0.563942 0.000027 0.000027 0.000027 0.000027 0.435897 0.000027
57 57 (0) 1 : 0.000026 0.500013 0.000026 0.000026 0.000026 0.000026 0.499833 0.000026
58 58 (0) 1 : 0.000035 0.413311 0.000035 0.000035 0.000035 0.000035 0.586480 0.000035
59 59 (0) 1 : 0.000034 0.000034 0.000034 0.000034 0.000034 0.000034 0.999764 0.000034
60 60 (0) 1 : 0.000035 0.000035 0.000035 0.000035 0.000035 0.000035 0.999757 0.000035
61 61 (0) 1 : 0.000024 0.000024 0.000024 0.000024 0.000024 0.000024 0.999830 0.000024
62 62 (0) 1 : 0.000031 0.185603 0.000031 0.000031 0.000031 0.000031 0.814212 0.000031
63 63 (0) 1 : 0.000032 0.097832 0.000032 0.000032 0.000032 0.000032 0.901974 0.000032
64 64 (0) 1 : 0.000036 0.000036 0.000036 0.000036 0.000036 0.000036 0.999748 0.000036
65 65 (0) 1 : 0.000035 0.000035 0.000035 0.000035 0.000035 0.000035 0.999753 0.000035
66 66 (0) 1 : 0.000039 0.000039 0.000039 0.000039 0.000039 0.000039 0.999726 0.000039
67 67 (0) 1 : 0.000035 0.000035 0.000035 0.000035 0.000035 0.000035 0.999757 0.000035
68 68 (0) 1 : 0.000040 0.000040 0.000040 0.000040 0.000040 0.000040 0.999719 0.000040
69 69 (0) 1 : 0.000043 0.000043 0.000043 0.000043 0.000043 0.000043 0.999700 0.000043
70 70 (0) 1 : 0.000033 0.000033 0.000033 0.000033 0.000033 0.000033 0.999771 0.000033
71 71 (0) 1 : 0.000038 0.000038 0.000038 0.000038 0.000038 0.000038 0.999732 0.000038
72 72 (0) 1 : 0.000037 0.000037 0.000037 0.000037 0.000037 0.000037 0.999738 0.000037
73 73 (0) 1 : 0.000035 0.000035 0.000035 0.000035 0.000035 0.000035 0.999756 0.000035
74 74 (0) 1 : 0.000025 0.000025 0.000025 0.000025 0.000025 0.000025 0.999827 0.000025
75 75 (0) 1 : 0.000024 0.000024 0.000024 0.000024 0.000024 0.000024 0.999829 0.000024
76 76 (0) 1 : 0.000048 0.000048 0.000048 0.000048 0.000048 0.000048 0.999664 0.000048
77 77 (0) 1 : 0.000038 0.000038 0.000038 0.000038 0.000038 0.000038 0.999736 0.000038
78 78 (0) 1 : 0.000037 0.000037 0.000037 0.000037 0.000037 0.000037 0.999741 0.000037
79 79 (0) 1 : 0.000031 0.000031 0.000031 0.000031 0.000031 0.000031 0.999785 0.000031
80 80 (0) 1 : 0.000024 0.000024 0.000024 0.000024 0.000024 0.000024 0.999830 0.000024
81 81 (0) 1 : 0.000024 0.000024 0.000024 0.000024 0.000024 0.000024 0.999830 0.000024
82 82 (0) 1 : 0.000027 0.000027 0.000027 0.000027 0.000027 0.000027 0.999810 0.000027
83 83 (0) 1 : 0.000035 0.000035 0.000035 0.000035 0.000035 0.000035 0.999754 0.000035
84 84 (0) 1 : 0.000048 0.000048 0.000048 0.000048 0.000048 0.000048 0.999664 0.000048
85 85 (0) 1 : 0.000025 0.000025 0.000025 0.000025 0.000025 0.000025 0.999827 0.000025
86 86 (0) 1 : 0.000024 0.000024 0.000024 0.000024 0.000024 0.000024 0.999830 0.000024
87 87 (0) 5 : 0.000038 0.556258 0.000038 0.000038 0.000038 0.000038 0.443516 0.000038
88 88 (0) 5 : 0.000032 0.667715 0.000032 0.000032 0.000032 0.000032 0.332091 0.000032
89 89 (0) 5 : 0.000025 0.504203 0.000025 0.000025 0.000025 0.000025 0.495645 0.000025
90 90 (0) 5 : 0.000037 0.999738 0.000037 0.000037 0.000037 0.000037 0.000037 0.000037
91 91 (0) 5 : 0.000035 0.999752 0.000036 0.000035 0.000035 0.000035 0.000036 0.000035
92 92 (0) 5 : 0.000029 0.641790 0.000029 0.000029 0.000029 0.000029 0.358037 0.000029
93 93 (0) 5 : 0.000040 0.747207 0.000040 0.000040 0.000040 0.000040 0.252553 0.000040
94 94 (0) 5 : 0.000030 0.782380 0.000030 0.000030 0.000030 0.000030 0.217440 0.000030
95 95 (0) 5 : 0.000039 0.999730 0.000039 0.000039 0.000039 0.000039 0.000039 0.000039
96 96 (0) 5 : 0.000034 0.819129 0.000034 0.000034 0.000034 0.000034 0.180666 0.000034
97 97 (0) 6 : 0.000034 0.000034 0.000034 0.000034 0.000034 0.000034 0.999762 0.000034
98 98 (0) 6 : 0.000033 0.000033 0.000033 0.000033 0.000033 0.000033 0.999770 0.000033
99 99 (0) 6 : 0.000033 0.000033 0.000033 0.000033 0.000033 0.000033 0.999769 0.000033
100 100 (0) 6 : 0.000027 0.000027 0.000027 0.000027 0.000027 0.000027 0.999813 0.000027
101 101 (0) 6 : 0.000027 0.000027 0.000027 0.000027 0.000027 0.000027 0.999814 0.000027
102 102 (0) 6 : 0.000025 0.000025 0.000025 0.000025 0.000025 0.000025 0.999824 0.000025
103 103 (0) 6 : 0.000034 0.000034 0.000034 0.000034 0.000034 0.000034 0.999765 0.000034
104 104 (0) 6 : 0.000035 0.000036 0.000035 0.000035 0.000035 0.000035 0.999752 0.000035
105 105 (0) 6 : 0.000035 0.000035 0.000035 0.000035 0.000035 0.000035 0.999756 0.000035
106 106 (0) 6 : 0.000039 0.000039 0.000039 0.000039 0.000039 0.000039 0.999725 0.000039
107 107 (0) 6 : 0.000035 0.000035 0.000035 0.000035 0.000035 0.000035 0.999756 0.000035
108 108 (0) 6 : 0.000037 0.000037 0.000037 0.000037 0.000037 0.000037 0.999743 0.000037
109 109 (0) 6 : 0.000036 0.000036 0.000036 0.000036 0.000036 0.000036 0.999747 0.000036
110 110 (0) 2 : 0.000028 0.000028 0.802225 0.000028 0.000028 0.000028 0.197608 0.000028
111 111 (0) 2 : 0.000036 0.000036 0.999750 0.000036 0.000036 0.000036 0.000036 0.000036
112 112 (0) 2 : 0.000036 0.000036 0.892330 0.000036 0.000036 0.000036 0.107453 0.000036
113 113 (0) 2 : 0.000033 0.000033 0.999768 0.000033 0.000033 0.000033 0.000033 0.000033
114 114 (0) 2 : 0.000035 0.000035 0.999758 0.000035 0.000035 0.000035 0.000035 0.000035
115 115 (0) 3 : 0.000025 0.000025 0.153976 0.000025 0.000025 0.000025 0.845876 0.000025
1 1 (0) 1 : 0.000036 0.000036 0.000036 0.000036 0.999748 0.000036 0.000036 0.000036
2 2 (0) 1 : 0.000034 0.000034 0.000034 0.000034 0.999759 0.000034 0.000034 0.000034
3 3 (0) 1 : 0.000037 0.000037 0.000037 0.000037 0.999744 0.000037 0.000037 0.000037
4 4 (0) 1 : 0.000037 0.000037 0.000037 0.000037 0.999742 0.000037 0.000037 0.000037
5 5 (0) 1 : 0.000038 0.000038 0.000038 0.000038 0.999732 0.000038 0.000038 0.000038
6 6 (0) 1 : 0.000037 0.000037 0.000037 0.000037 0.999741 0.000037 0.000037 0.000037
7 7 (0) 1 : 0.000040 0.000040 0.000040 0.000040 0.999722 0.000040 0.000040 0.000040
8 8 (0) 1 : 0.000028 0.000028 0.000028 0.000028 0.999804 0.000028 0.000028 0.000028
9 9 (0) 1 : 0.000026 0.000026 0.000026 0.000026 0.999816 0.000026 0.000026 0.000026
10 10 (0) 1 : 0.000031 0.000031 0.000031 0.000031 0.999785 0.000031 0.000031 0.000031
11 11 (0) 1 : 0.000036 0.000036 0.000036 0.000036 0.999750 0.000036 0.000036 0.000036
12 12 (0) 1 : 0.000029 0.000029 0.000029 0.000029 0.999795 0.000029 0.000029 0.000029
13 13 (0) 1 : 0.000035 0.000035 0.000035 0.000035 0.999754 0.000035 0.000035 0.000035
14 14 (0) 1 : 0.000035 0.000035 0.000036 0.000035 0.999752 0.000035 0.000035 0.000035
15 15 (0) 1 : 0.000036 0.000036 0.000036 0.000036 0.999751 0.000036 0.000036 0.000036
16 16 (0) 1 : 0.000038 0.000038 0.000038 0.000038 0.999737 0.000038 0.000038 0.000038
17 17 (0) 1 : 0.000041 0.000041 0.000041 0.000041 0.999715 0.000041 0.000041 0.000041
18 18 (0) 2 : 0.000028 0.999807 0.000028 0.000028 0.000028 0.000028 0.000028 0.000028
19 19 (0) 2 : 0.000036 0.999751 0.000036 0.000036 0.000036 0.000036 0.000036 0.000036
20 20 (0) 3 : 0.000028 0.070630 0.000028 0.000028 0.929202 0.000028 0.000028 0.000028
21 21 (0) 3 : 0.000029 0.057958 0.000029 0.000029 0.941866 0.000029 0.000029 0.000029
22 22 (0) 2 : 0.000036 0.999747 0.000036 0.000036 0.000036 0.000036 0.000036 0.000036
23 23 (0) 2 : 0.000028 0.999805 0.000028 0.000028 0.000028 0.000028 0.000028 0.000028
24 24 (0) 2 : 0.000027 0.999811 0.000027 0.000027 0.000027 0.000027 0.000027 0.000027
25 25 (0) 4 : 0.000032 0.000032 0.810852 0.000032 0.188954 0.000032 0.000032 0.000032
26 26 (0) 4 : 0.000028 0.000028 0.999802 0.000028 0.000028 0.000028 0.000028 0.000028
27 27 (0) 4 : 0.000042 0.000042 0.999707 0.000042 0.000042 0.000042 0.000042 0.000042
28 28 (0) 4 : 0.000037 0.000037 0.999742 0.000037 0.000037 0.000037 0.000037 0.000037
29 29 (0) 4 : 0.000043 0.000043 0.999698 0.000043 0.000043 0.000043 0.000043 0.000043
30 30 (0) 4 : 0.000048 0.000048 0.863023 0.000048 0.136687 0.000048 0.000048 0.000048
31 31 (0) 4 : 0.000039 0.000039 0.999724 0.000039 0.000039 0.000039 0.000039 0.000039
32 32 (0) 4 : 0.000041 0.000041 0.999712 0.000041 0.000041 0.000041 0.000041 0.000041
33 33 (0) 4 : 0.000035 0.000035 0.999754 0.000035 0.000035 0.000035 0.000035 0.000035
34 34 (0) 4 : 0.000027 0.000027 0.778745 0.000027 0.221093 0.000027 0.000027 0.000027
35 35 (0) 4 : 0.000026 0.000026 0.665811 0.000026 0.334032 0.000026 0.000026 0.000026
36 36 (0) 4 : 0.000026 0.000026 0.999817 0.000026 0.000026 0.000026 0.000026 0.000026
37 37 (0) 4 : 0.000026 0.000026 0.999815 0.000026 0.000027 0.000026 0.000026 0.000026
38 38 (0) 4 : 0.000034 0.000034 0.999765 0.000034 0.000034 0.000034 0.000034 0.000034
39 39 (0) 4 : 0.000028 0.000028 0.999805 0.000028 0.000028 0.000028 0.000028 0.000028
40 40 (0) 4 : 0.000026 0.000026 0.999818 0.000026 0.000026 0.000026 0.000026 0.000026
41 41 (0) 4 : 0.000037 0.000037 0.999740 0.000037 0.000037 0.000037 0.000037 0.000037
42 42 (0) 4 : 0.000036 0.000036 0.999749 0.000036 0.000036 0.000036 0.000036 0.000036
43 43 (0) 4 : 0.000037 0.000037 0.999738 0.000037 0.000037 0.000037 0.000037 0.000037
44 44 (0) 4 : 0.000036 0.000036 0.999748 0.000036 0.000036 0.000036 0.000036 0.000036
45 45 (0) 4 : 0.000036 0.000037 0.999745 0.000036 0.000037 0.000036 0.000036 0.000036
46 46 (0) 4 : 0.000036 0.000036 0.999747 0.000036 0.000036 0.000036 0.000036 0.000036
47 47 (0) 4 : 0.000038 0.000038 0.999737 0.000038 0.000038 0.000038 0.000038 0.000038
48 48 (0) 4 : 0.000035 0.000035 0.716594 0.000035 0.283194 0.000035 0.000035 0.000035
49 49 (0) 4 : 0.000035 0.000035 0.999757 0.000035 0.000035 0.000035 0.000035 0.000035
50 50 (0) 4 : 0.000036 0.000036 0.999750 0.000036 0.000036 0.000036 0.000036 0.000036
51 51 (0) 1 : 0.000024 0.000024 0.000024 0.000024 0.999834 0.000024 0.000024 0.000024
52 52 (0) 1 : 0.000025 0.000025 0.000025 0.000025 0.999825 0.000025 0.000025 0.000025
53 53 (0) 1 : 0.000040 0.000040 0.000040 0.000040 0.999719 0.000040 0.000040 0.000040
54 54 (0) 1 : 0.000028 0.000028 0.483349 0.000028 0.516485 0.000028 0.000028 0.000028
55 55 (0) 1 : 0.000043 0.000043 0.311008 0.000043 0.688735 0.000043 0.000043 0.000043
56 56 (0) 1 : 0.000027 0.000027 0.484941 0.000027 0.514898 0.000027 0.000027 0.000027
57 57 (0) 1 : 0.000026 0.000026 0.433746 0.000026 0.566100 0.000026 0.000026 0.000026
58 58 (0) 1 : 0.000035 0.000035 0.356831 0.000035 0.642961 0.000035 0.000035 0.000035
59 59 (0) 1 : 0.000034 0.000034 0.000034 0.000034 0.999764 0.000034 0.000034 0.000034
60 60 (0) 1 : 0.000035 0.000035 0.000035 0.000035 0.999757 0.000035 0.000035 0.000035
61 61 (0) 1 : 0.000024 0.000024 0.000024 0.000024 0.999830 0.000024 0.000024 0.000024
62 62 (0) 1 : 0.000031 0.000031 0.170454 0.000031 0.829361 0.000031 0.000031 0.000031
63 63 (0) 1 : 0.000032 0.000032 0.100943 0.000032 0.898863 0.000032 0.000032 0.000032
64 64 (0) 1 : 0.000036 0.000036 0.000036 0.000036 0.999748 0.000036 0.000036 0.000036
65 65 (0) 1 : 0.000035 0.000035 0.000035 0.000035 0.999753 0.000035 0.000035 0.000035
66 66 (0) 1 : 0.000039 0.000039 0.000039 0.000039 0.999726 0.000039 0.000039 0.000039
67 67 (0) 1 : 0.000035 0.000035 0.000035 0.000035 0.999757 0.000035 0.000035 0.000035
68 68 (0) 1 : 0.000040 0.000040 0.000040 0.000040 0.999719 0.000040 0.000040 0.000040
69 69 (0) 1 : 0.000043 0.000043 0.000043 0.000043 0.999700 0.000043 0.000043 0.000043
70 70 (0) 1 : 0.000033 0.000033 0.000033 0.000033 0.999771 0.000033 0.000033 0.000033
71 71 (0) 1 : 0.000038 0.000038 0.000038 0.000038 0.999732 0.000038 0.000038 0.000038
72 72 (0) 1 : 0.000037 0.000037 0.000037 0.000037 0.999738 0.000037 0.000037 0.000037
73 73 (0) 1 : 0.000035 0.000035 0.000035 0.000035 0.999756 0.000035 0.000035 0.000035
74 74 (0) 1 : 0.000025 0.000025 0.000025 0.000025 0.999827 0.000025 0.000025 0.000025
75 75 (0) 1 : 0.000024 0.000024 0.000024 0.000024 0.999829 0.000024 0.000024 0.000024
76 76 (0) 1 : 0.000048 0.000048 0.000048 0.000048 0.999664 0.000048 0.000048 0.000048
77 77 (0) 1 : 0.000038 0.000038 0.000038 0.000038 0.999736 0.000038 0.000038 0.000038
78 78 (0) 1 : 0.000037 0.000037 0.000037 0.000037 0.999741 0.000037 0.000037 0.000037
79 79 (0) 1 : 0.000031 0.000031 0.000031 0.000031 0.999785 0.000031 0.000031 0.000031
80 80 (0) 1 : 0.000024 0.000024 0.000024 0.000024 0.999830 0.000024 0.000024 0.000024
81 81 (0) 1 : 0.000024 0.000024 0.000024 0.000024 0.999830 0.000024 0.000024 0.000024
82 82 (0) 1 : 0.000027 0.000027 0.000027 0.000027 0.999810 0.000027 0.000027 0.000027
83 83 (0) 1 : 0.000035 0.000035 0.000035 0.000035 0.999754 0.000035 0.000035 0.000035
84 84 (0) 1 : 0.000048 0.000048 0.000048 0.000048 0.999664 0.000048 0.000048 0.000048
85 85 (0) 1 : 0.000025 0.000025 0.000025 0.000025 0.999827 0.000025 0.000025 0.000025
86 86 (0) 1 : 0.000024 0.000024 0.000024 0.000024 0.999830 0.000024 0.000024 0.000024
87 87 (0) 5 : 0.000038 0.000038 0.000038 0.000038 0.999736 0.000038 0.000038 0.000038
88 88 (0) 5 : 0.000032 0.000032 0.000032 0.000032 0.999773 0.000032 0.000032 0.000032
89 89 (0) 5 : 0.000025 0.000025 0.000025 0.000025 0.999822 0.000025 0.000025 0.000025
90 90 (0) 5 : 0.000037 0.000037 0.999738 0.000037 0.000037 0.000037 0.000037 0.000037
91 91 (0) 5 : 0.000035 0.000036 0.999752 0.000035 0.000036 0.000035 0.000035 0.000035
92 92 (0) 5 : 0.018335 0.000029 0.000029 0.000029 0.981493 0.000029 0.000029 0.000029
93 93 (0) 5 : 0.000040 0.000040 0.564350 0.000040 0.435410 0.000040 0.000040 0.000040
94 94 (0) 5 : 0.000030 0.000030 0.597646 0.000030 0.402175 0.000030 0.000030 0.000030
95 95 (0) 5 : 0.000039 0.000039 0.999730 0.000039 0.000039 0.000039 0.000039 0.000039
96 96 (0) 5 : 0.000034 0.000034 0.650080 0.000034 0.349715 0.000034 0.000034 0.000034
97 97 (0) 6 : 0.000034 0.000034 0.000034 0.000034 0.999762 0.000034 0.000034 0.000034
98 98 (0) 6 : 0.000033 0.000033 0.000033 0.000033 0.999770 0.000033 0.000033 0.000033
99 99 (0) 6 : 0.000033 0.000033 0.000033 0.000033 0.999769 0.000033 0.000033 0.000033
100 100 (0) 6 : 0.000027 0.000027 0.000027 0.000027 0.999813 0.000027 0.000027 0.000027
101 101 (0) 6 : 0.000027 0.000027 0.000027 0.000027 0.999814 0.000027 0.000027 0.000027
102 102 (0) 6 : 0.000025 0.000025 0.000025 0.000025 0.999824 0.000025 0.000025 0.000025
103 103 (0) 6 : 0.000034 0.000034 0.000034 0.000034 0.999765 0.000034 0.000034 0.000034
104 104 (0) 6 : 0.000035 0.000035 0.000036 0.000035 0.999752 0.000035 0.000035 0.000035
105 105 (0) 6 : 0.000035 0.000035 0.000035 0.000035 0.999756 0.000035 0.000035 0.000035
106 106 (0) 6 : 0.000039 0.000039 0.000039 0.000039 0.999725 0.000039 0.000039 0.000039
107 107 (0) 6 : 0.000035 0.000035 0.000035 0.000035 0.999756 0.000035 0.000035 0.000035
108 108 (0) 6 : 0.000037 0.000037 0.000037 0.000037 0.999743 0.000037 0.000037 0.000037
109 109 (0) 6 : 0.000036 0.000036 0.000036 0.000036 0.999747 0.000036 0.000036 0.000036
110 110 (0) 2 : 0.000028 0.788706 0.000028 0.000028 0.211127 0.000028 0.000028 0.000028
111 111 (0) 2 : 0.000036 0.999750 0.000036 0.000036 0.000036 0.000036 0.000036 0.000036
112 112 (0) 2 : 0.000036 0.877367 0.000036 0.000036 0.122416 0.000036 0.000036 0.000036
113 113 (0) 2 : 0.000033 0.999768 0.000033 0.000033 0.000033 0.000033 0.000033 0.000033
114 114 (0) 2 : 0.000035 0.999758 0.000035 0.000035 0.000035 0.000035 0.000035 0.000035
115 115 (0) 3 : 0.000025 0.142010 0.000025 0.000025 0.857842 0.000025 0.000025 0.000025
1 1 (0) 1 : 0.000036 0.000036 0.000036 0.000036 0.999748 0.000036 0.000036 0.000036
2 2 (0) 1 : 0.000034 0.000034 0.000034 0.000034 0.999759 0.000034 0.000034 0.000034
3 3 (0) 1 : 0.000037 0.000037 0.000037 0.000037 0.999744 0.000037 0.000037 0.000037
4 4 (0) 1 : 0.000037 0.000037 0.000037 0.000037 0.999742 0.000037 0.000037 0.000037
5 5 (0) 1 : 0.000038 0.000038 0.000038 0.000038 0.999732 0.000038 0.000038 0.000038
6 6 (0) 1 : 0.000037 0.000037 0.000037 0.000037 0.999741 0.000037 0.000037 0.000037
7 7 (0) 1 : 0.000040 0.000040 0.000040 0.000040 0.999722 0.000040 0.000040 0.000040
8 8 (0) 1 : 0.000028 0.000028 0.000028 0.000028 0.999804 0.000028 0.000028 0.000028
9 9 (0) 1 : 0.000026 0.000026 0.000026 0.000026 0.999816 0.000026 0.000026 0.000026
10 10 (0) 1 : 0.000031 0.000031 0.000031 0.000031 0.999785 0.000031 0.000031 0.000031
11 11 (0) 1 : 0.000036 0.000036 0.000036 0.000036 0.999750 0.000036 0.000036 0.000036
12 12 (0) 1 : 0.000029 0.000029 0.000029 0.000029 0.999795 0.000029 0.000029 0.000029
13 13 (0) 1 : 0.000035 0.000035 0.000035 0.000035 0.999754 0.000035 0.000035 0.000035
14 14 (0) 1 : 0.000035 0.000035 0.000035 0.000035 0.999752 0.000035 0.000035 0.000036
15 15 (0) 1 : 0.000036 0.000036 0.000036 0.000036 0.999751 0.000036 0.000036 0.000036
16 16 (0) 1 : 0.000038 0.000038 0.000038 0.000038 0.999737 0.000038 0.000038 0.000038
17 17 (0) 1 : 0.000041 0.000041 0.000041 0.000041 0.999715 0.000041 0.000041 0.000041
18 18 (0) 2 : 0.999807 0.000028 0.000028 0.000028 0.000028 0.000028 0.000028 0.000028
19 19 (0) 2 : 0.999751 0.000036 0.000036 0.000036 0.000036 0.000036 0.000036 0.000036
20 20 (0) 3 : 0.093540 0.000028 0.000028 0.000028 0.906292 0.000028 0.000028 0.000028
21 21 (0) 3 : 0.082524 0.000029 0.000029 0.000029 0.917300 0.000029 0.000029 0.000029
22 22 (0) 2 : 0.999747 0.000036 0.000036 0.000036 0.000036 0.000036 0.000036 0.000036
23 23 (0) 2 : 0.999805 0.000028 0.000028 0.000028 0.000028 0.000028 0.000028 0.000028
24 24 (0) 2 : 0.999811 0.000027 0.000027 0.000027 0.000027 0.000027 0.000027 0.000027
25 25 (0) 4 : 0.000032 0.000032 0.000032 0.000032 0.000032 0.000032 0.000032 0.999774
26 26 (0) 4 : 0.000028 0.000028 0.000028 0.000028 0.000028 0.000028 0.000028 0.999802
27 27 (0) 4 : 0.000042 0.000042 0.000042 0.000042 0.000042 0.000042 0.000042 0.999707
28 28 (0) 4 : 0.000037 0.000037 0.000037 0.000037 0.000037 0.000037 0.000037 0.999742
29 29 (0) 4 : 0.000043 0.000043 0.000043 0.000043 0.000043 0.000043 0.000043 0.999698
30 30 (0) 4 : 0.000048 0.000048 0.000048 0.000048 0.136712 0.000048 0.000048 0.862998
31 31 (0) 4 : 0.000039 0.000039 0.000039 0.000039 0.000039 0.000039 0.000039 0.999724
32 32 (0) 4 : 0.000041 0.000041 0.000041 0.000041 0.000041 0.000041 0.000041 0.999712
33 33 (0) 4 : 0.000035 0.000035 0.000035 0.000035 0.000035 0.000035 0.000035 0.999754
34 34 (0) 4 : 0.000027 0.000027 0.000027 0.000027 0.000027 0.000027 0.000027 0.999810
35 35 (0) 4 : 0.000026 0.000026 0.000026 0.000026 0.056541 0.000026 0.000026 0.943302
36 36 (0) 4 : 0.000026 0.000026 0.000026 0.000026 0.000026 0.000026 0.000026 0.999817
37 37 (0) 4 : 0.000026 0.000026 0.000026 0.000026 0.000027 0.000026 0.000026 0.999815
38 38 (0) 4 : 0.000034 0.000034 0.000034 0.000034 0.000034 0.000034 0.000034 0.999765
39 39 (0) 4 : 0.000028 0.000028 0.000028 0.000028 0.000028 0.000028 0.000028 0.999805
40 40 (0) 4 : 0.000026 0.000026 0.000026 0.000026 0.000026 0.000026 0.000026 0.999818
41 41 (0) 4 : 0.000037 0.000037 0.000037 0.000037 0.000037 0.000037 0.000037 0.999740
42 42 (0) 4 : 0.000036 0.000036 0.000036 0.000036 0.000036 0.000036 0.000036 0.999749
43 43 (0) 4 : 0.000037 0.000037 0.000037 0.000037 0.000037 0.000037 0.000037 0.999738
44 44 (0) 4 : 0.000036 0.000036 0.000036 0.000036 0.000036 0.000036 0.000036 0.999748
45 45 (0) 4 : 0.000037 0.000036 0.000036 0.000036 0.000037 0.000036 0.000036 0.999745
46 46 (0) 4 : 0.000036 0.000036 0.000036 0.000036 0.000036 0.000036 0.000036 0.999747
47 47 (0) 4 : 0.000038 0.000038 0.000038 0.000038 0.000038 0.000038 0.000038 0.999737
48 48 (0) 4 : 0.000035 0.000035 0.000035 0.000035 0.106787 0.000035 0.000035 0.893000
49 49 (0) 4 : 0.000035 0.000035 0.000035 0.000035 0.000035 0.000035 0.000035 0.999757
50 50 (0) 4 : 0.000036 0.000036 0.000036 0.000036 0.000036 0.000036 0.000036 0.999750
51 51 (0) 1 : 0.000024 0.000024 0.000024 0.000024 0.999834 0.000024 0.000024 0.000024
52 52 (0) 1 : 0.000025 0.000025 0.000025 0.000025 0.999825 0.000025 0.000025 0.000025
53 53 (0) 1 : 0.049739 0.000040 0.000040 0.000040 0.950020 0.000040 0.000040 0.000040
54 54 (0) 1 : 0.005649 0.000028 0.000028 0.000028 0.994185 0.000028 0.000028 0.000028
55 55 (0) 1 : 0.000043 0.000043 0.000043 0.000043 0.781828 0.000043 0.000043 0.217915
56 56 (0) 1 : 0.000027 0.000027 0.000027 0.000027 0.999812 0.000027 0.000027 0.000027
57 57 (0) 1 : 0.000026 0.000026 0.000026 0.000026 0.999820 0.000026 0.000026 0.000026
58 58 (0) 1 : 0.000035 0.000035 0.000035 0.000035 0.999757 0.000035 0.000035 0.000035
59 59 (0) 1 : 0.007510 0.000034 0.000034 0.000034 0.992288 0.000034 0.000034 0.000034
60 60 (0) 1 : 0.000035 0.000035 0.000035 0.000035 0.999757 0.000035 0.000035 0.000035
61 61 (0) 1 : 0.000024 0.000024 0.000024 0.000024 0.999830 0.000024 0.000024 0.000024
62 62 (0) 1 : 0.000031 0.000031 0.000031 0.000031 0.999783 0.000031 0.000031 0.000031
63 63 (0) 1 : 0.000032 0.000032 0.000032 0.000032 0.999774 0.000032 0.000032 0.000032
64 64 (0) 1 : 0.000036 0.000036 0.000036 0.000036 0.999748 0.000036 0.000036 0.000036
65 65 (0) 1 : 0.000035 0.000035 0.000035 0.000035 0.999753 0.000035 0.000035 0.000035
66 66 (0) 1 : 0.000039 0.000039 0.000039 0.000039 0.999726 0.000039 0.000039 0.000039
67 67 (0) 1 : 0.000035 0.000035 0.000035 0.000035 0.999757 0.000035 0.000035 0.000035
68 68 (0) 1 : 0.000040 0.000040 0.000040 0.000040 0.999719 0.000040 0.000040 0.000040
69 69 (0) 1 : 0.000043 0.000043 0.000043 0.000043 0.999700 0.000043 0.000043 0.000043
70 70 (0) 1 : 0.000033 0.000033 0.000033 0.000033 0.999771 0.000033 0.000033 0.000033
71 71 (0) 1 : 0.000038 0.000038 0.000038 0.000038 0.999732 0.000038 0.000038 0.000038
72 72 (0) 1 : 0.000037 0.000037 0.000037 0.000037 0.999738 0.000037 0.000037 0.000037
73 73 (0) 1 : 0.000035 0.000035 0.000035 0.000035 0.999756 0.000035 0.000035 0.000035
74 74 (0) 1 : 0.000025 0.000025 0.000025 0.000025 0.999827 0.000025 0.000025 0.000025
75 75 (0) 1 : 0.000024 0.000024 0.000024 0.000024 0.999829 0.000024 0.000024 0.000024
76 76 (0) 1 : 0.000048 0.000048 0.000048 0.000048 0.999664 0.000048 0.000048 0.000048
77 77 (0) 1 : 0.000038 0.000038 0.000038 0.000038 0.999736 0.000038 0.000038 0.000038
78 78 (0) 1 : 0.000037 0.000037 0.000037 0.000037 0.999741 0.000037 0.000037 0.000037
79 79 (0) 1 : 0.000031 0.000031 0.000031 0.000031 0.999785 0.000031 0.000031 0.000031
80 80 (0) 1 : 0.000024 0.000024 0.000024 0.000024 0.999830 0.000024 0.000024 0.000024
81 81 (0) 1 : 0.000024 0.000024 0.000024 0.000024 0.999830 0.000024 0.000024 0.000024
82 82 (0) 1 : 0.000027 0.000027 0.000027 0.000027 0.999810 0.000027 0.000027 0.000027
83 83 (0) 1 : 0.000035 0.000035 0.000035 0.000035 0.999754 0.000035 0.000035 0.000035
84 84 (0) 1 : 0.000048 0.000048 0.000048 0.000048 0.999664 0.000048 0.000048 0.000048
85 85 (0) 1 : 0.000025 0.000025 0.000025 0.000025 0.999827 0.000025 0.000025 0.000025
86 86 (0) 1 : 0.000024 0.000024 0.000024 0.000024 0.999830 0.000024 0.000024 0.000024
87 87 (0) 5 : 0.000038 0.000038 0.000038 0.000038 0.461745 0.000038 0.000038 0.538029
88 88 (0) 5 : 0.000032 0.000032 0.000032 0.000032 0.330344 0.000032 0.000032 0.669462
89 89 (0) 5 : 0.000025 0.000025 0.000025 0.000025 0.501122 0.000025 0.000025 0.498725
90 90 (0) 5 : 0.000037 0.000037 0.000037 0.000037 0.131170 0.000037 0.000037 0.868606
91 91 (0) 5 : 0.000036 0.000035 0.000035 0.000035 0.000036 0.000035 0.000035 0.999752
92 92 (0) 5 : 0.000029 0.000029 0.000029 0.000029 0.387822 0.000029 0.000029 0.612005
93 93 (0) 5 : 0.000040 0.000040 0.000040 0.000040 0.287921 0.000040 0.000040 0.711839
94 94 (0) 5 : 0.000030 0.000030 0.000030 0.000030 0.148964 0.000030 0.000030 0.850856
95 95 (0) 5 : 0.000039 0.000039 0.000039 0.000039 0.074469 0.000039 0.000039 0.925300
96 96 (0) 5 : 0.000034 0.000034 0.000034 0.000034 0.224726 0.000034 0.000034 0.775069
97 97 (0) 6 : 0.000034 0.000034 0.000034 0.000034 0.999762 0.000034 0.000034 0.000034
98 98 (0) 6 : 0.000033 0.000033 0.000033 0.000033 0.999770 0.000033 0.000033 0.000033
99 99 (0) 6 : 0.000033 0.000033 0.000033 0.000033 0.999769 0.000033 0.000033 0.000033
100 100 (0) 6 : 0.000027 0.000027 0.000027 0.000027 0.999813 0.000027 0.000027 0.000027
101 101 (0) 6 : 0.000027 0.000027 0.000027 0.000027 0.999814 0.000027 0.000027 0.000027
102 102 (0) 6 : 0.000025 0.000025 0.000025 0.000025 0.999824 0.000025 0.000025 0.000025
103 103 (0) 6 : 0.000034 0.000034 0.000034 0.000034 0.999765 0.000034 0.000034 0.000034
104 104 (0) 6 : 0.000035 0.000035 0.000035 0.000035 0.999752 0.000035 0.000035 0.000036
105 105 (0) 6 : 0.000035 0.000035 0.000035 0.000035 0.999756 0.000035 0.000035 0.000035
106 106 (0) 6 : 0.000039 0.000039 0.000039 0.000039 0.999725 0.000039 0.000039 0.000039
107 107 (0) 6 : 0.000035 0.000035 0.000035 0.000035 0.999756 0.000035 0.000035 0.000035
108 108 (0) 6 : 0.000037 0.000037 0.000037 0.000037 0.999743 0.000037 0.000037 0.000037
109 109 (0) 6 : 0.000036 0.000036 0.000036 0.000036 0.999747 0.000036 0.000036 0.000036
110 110 (0) 2 : 0.804950 0.000028 0.000028 0.000028 0.194883 0.000028 0.000028 0.000028
111 111 (0) 2 : 0.999750 0.000036 0.000036 0.000036 0.000036 0.000036 0.000036 0.000036
112 112 (0) 2 : 0.889155 0.000036 0.000036 0.000036 0.110628 0.000036 0.000036 0.000036
113 113 (0) 2 : 0.999768 0.000033 0.000033 0.000033 0.000033 0.000033 0.000033 0.000033
114 114 (0) 2 : 0.999758 0.000035 0.000035 0.000035 0.000035 0.000035 0.000035 0.000035
115 115 (0) 3 : 0.168710 0.000025 0.000025 0.000025 0.831142 0.000025 0.000025 0.000025
