1 1 (0) 1 : 0.999764 0.000059 0.000059 0.000059 0.000059
2 2 (0) 1 : 0.999775 0.000056 0.000056 0.000057 0.000057
3 3 (0) 1 : 0.999761 0.000059 0.000059 0.000060 0.000060
4 4 (0) 1 : 0.999760 0.000060 0.000060 0.000060 0.000060
5 5 (0) 1 : 0.999749 0.000062 0.000062 0.000063 0.000063
6 6 (0) 1 : 0.999759 0.000060 0.000060 0.000061 0.000061
7 7 (0) 1 : 0.999740 0.000064 0.000064 0.000065 0.000065
8 8 (0) 1 : 0.999817 0.000045 0.000045 0.000046 0.000046
9 9 (0) 1 : 0.999828 0.000043 0.000043 0.000043 0.000043
10 10 (0) 1 : 0.999799 0.000050 0.000050 0.000051 0.000051
11 11 (0) 1 : 0.999766 0.000058 0.000058 0.000059 0.000059
12 12 (0) 1 : 0.999807 0.000048 0.000048 0.000048 0.000048
13 13 (0) 1 : 0.999770 0.000057 0.000057 0.000058 0.000058
14 14 (0) 1 : 0.999768 0.000058 0.000058 0.000058 0.000058
15 15 (0) 1 : 0.999767 0.000058 0.000058 0.000059 0.000059
16 16 (0) 1 : 0.999754 0.000061 0.000061 0.000062 0.000062
17 17 (0) 1 : 0.999734 0.000066 0.000066 0.000067 0.000067
18 18 (0) 2 : 0.000046 0.000045 0.000045 0.000045 0.999819
19 19 (0) 2 : 0.000059 0.000058 0.000058 0.000059 0.999767
20 20 (0) 3 : 0.932114 0.000046 0.000046 0.000046 0.067748
21 21 (0) 3 : 0.953020 0.000048 0.000048 0.000049 0.046836
22 22 (0) 2 : 0.000060 0.000059 0.000059 0.000060 0.999762
23 23 (0) 2 : 0.000046 0.000046 0.000046 0.000046 0.999816
24 24 (0) 2 : 0.000045 0.000044 0.000044 0.000045 0.999823
25 25 (0) 4 : 0.000053 0.000053 0.000053 0.999788 0.000053
26 26 (0) 4 : 0.000047 0.000046 0.000046 0.999814 0.000047
27 27 (0) 4 : 0.000069 0.000068 0.000068 0.999727 0.000069
28 28 (0) 4 : 0.000061 0.000060 0.000060 0.999760 0.000060
29 29 (0) 4 : 0.000071 0.000070 0.000070 0.999718 0.000071
30 30 (0) 4 : 0.000080 0.000078 0.000078 0.999684 0.000079
31 31 (0) 4 : 0.000065 0.000064 0.000064 0.999743 0.000065
32 32 (0) 4 : 0.000068 0.000067 0.000067 0.999732 0.000068
33 33 (0) 4 : 0.000058 0.000057 0.000057 0.999770 0.000058
34 34 (0) 4 : 0.000045 0.000044 0.000044 0.999823 0.000044
35 35 (0) 4 : 0.048797 0.000042 0.000042 0.951076 0.000043
36 36 (0) 4 : 0.000043 0.000042 0.000042 0.999829 0.000043
37 37 (0) 4 : 0.000044 0.000043 0.000043 0.999827 0.000043
38 38 (0) 4 : 0.000055 0.000054 0.000054 0.999781 0.000055
39 39 (0) 4 : 0.000046 0.000045 0.000045 0.999818 0.000046
40 40 (0) 4 : 0.000043 0.000042 0.000042 0.999830 0.000043
41 41 (0) 4 : 0.000061 0.000060 0.000060 0.999758 0.000061
42 42 (0) 4 : 0.000059 0.000058 0.000058 0.999765 0.000059
43 43 (0) 4 : 0.000062 0.000061 0.000061 0.999755 0.000062
44 44 (0) 4 : 0.000059 0.000058 0.000058 0.999764 0.000059
45 45 (0) 4 : 0.000060 0.000059 0.000059 0.999761 0.000060
46 46 (0) 4 : 0.000060 0.000059 0.000059 0.999763 0.000060
47 47 (0) 4 : 0.000062 0.000061 0.000061 0.999754 0.000062
48 48 (0) 4 : 0.000059 0.000058 0.000058 0.999766 0.000059
49 49 (0) 4 : 0.000057 0.000056 0.000056 0.999773 0.000057
50 50 (0) 4 : 0.000059 0.000058 0.000058 0.999766 0.000059
51 51 (0) 1 : 0.999845 0.000039 0.000039 0.000039 0.000039
52 52 (0) 1 : 0.999836 0.000041 0.000041 0.000041 0.000041
53 53 (0) 1 : 0.707470 0.000065 0.000065 0.292334 0.000066
54 54 (0) 1 : 0.361453 0.000045 0.000045 0.638410 0.000046
55 55 (0) 1 : 0.739862 0.000070 0.000070 0.259928 0.000071
56 56 (0) 1 : 0.384432 0.000044 0.000044 0.615436 0.000044
57 57 (0) 1 : 0.423595 0.000042 0.000042 0.576279 0.000042
58 58 (0) 1 : 0.546940 0.000057 0.000057 0.452889 0.000057
59 59 (0) 1 : 0.957976 0.000055 0.000055 0.041858 0.000056
60 60 (0) 1 : 0.999773 0.000056 0.000056 0.000057 0.000057
61 61 (0) 1 : 0.999841 0.000040 0.000040 0.000040 0.000040
62 62 (0) 1 : 0.823158 0.000050 0.000050 0.176690 0.000051
63 63 (0) 1 : 0.875555 0.000053 0.000053 0.124286 0.000053
64 64 (0) 1 : 0.999765 0.000058 0.000058 0.000059 0.000059
65 65 (0) 1 : 0.999769 0.000057 0.000057 0.000058 0.000058
66 66 (0) 1 : 0.999744 0.000064 0.000064 0.000065 0.000064
67 67 (0) 1 : 0.999774 0.000056 0.000056 0.000057 0.000057
68 68 (0) 1 : 0.999738 0.000065 0.000065 0.000066 0.000066
69 69 (0) 1 : 0.999720 0.000070 0.000070 0.000071 0.000070
70 70 (0) 1 : 0.999787 0.000053 0.000053 0.000054 0.000054
71 71 (0) 1 : 0.999750 0.000062 0.000062 0.000063 0.000063
72 72 (0) 1 : 0.999756 0.000061 0.000061 0.000061 0.000061
73 73 (0) 1 : 0.999773 0.000056 0.000056 0.000057 0.000057
74 74 (0) 1 : 0.999838 0.000040 0.000040 0.000041 0.000041
75 75 (0) 1 : 0.999841 0.000040 0.000040 0.000040 0.000040
76 76 (0) 1 : 0.999686 0.000078 0.000078 0.000079 0.000079
77 77 (0) 1 : 0.999755 0.000061 0.000061 0.000062 0.000062
78 78 (0) 1 : 0.999758 0.000060 0.000060 0.000061 0.000061
79 79 (0) 1 : 0.682747 0.000050 0.000050 0.317103 0.000051
80 80 (0) 1 : 0.999841 0.000040 0.000040 0.000040 0.000040
81 81 (0) 1 : 0.999841 0.000039 0.000039 0.000040 0.000040
82 82 (0) 1 : 0.999822 0.000044 0.000044 0.000045 0.000045
83 83 (0) 1 : 0.999770 0.000057 0.000057 0.000058 0.000058
84 84 (0) 1 : 0.935665 0.000078 0.000078 0.064099 0.000079
85 85 (0) 1 : 0.999838 0.000040 0.000040 0.000041 0.000041
86 86 (0) 1 : 0.999841 0.000040 0.000040 0.000040 0.000040
87 87 (0) 5 : 0.315267 0.000061 0.000061 0.684548 0.000062
88 88 (0) 5 : 0.000054 0.000053 0.000053 0.999787 0.000054
89 89 (0) 5 : 0.336686 0.000042 0.000042 0.663189 0.000042
90 90 (0) 5 : 0.000062 0.000061 0.000061 0.999755 0.000062
91 91 (0) 5 : 0.000059 0.000058 0.000058 0.999767 0.000059
92 92 (0) 5 : 0.230089 0.000047 0.000047 0.769771 0.000047
93 93 (0) 5 : 0.098281 0.000065 0.000065 0.901522 0.000066
94 94 (0) 5 : 0.191483 0.000049 0.000049 0.808371 0.000049
95 95 (0) 5 : 0.000064 0.000063 0.000063 0.999747 0.000064
96 96 (0) 5 : 0.063721 0.000056 0.000056 0.936111 0.000056
97 97 (0) 6 : 0.999777 0.000055 0.000055 0.000056 0.000056
98 98 (0) 6 : 0.999786 0.000053 0.000053 0.000054 0.000054
99 99 (0) 6 : 0.999784 0.000054 0.000054 0.000054 0.000054
100 100 (0) 6 : 0.999826 0.000043 0.000043 0.000044 0.000044
101 101 (0) 6 : 0.999826 0.000043 0.000043 0.000044 0.000044
102 102 (0) 6 : 0.999836 0.000041 0.000041 0.000041 0.000041
103 103 (0) 6 : 0.999781 0.000054 0.000054 0.000055 0.000055
104 104 (0) 6 : 0.999769 0.000057 0.000057 0.000058 0.000058
105 105 (0) 6 : 0.999772 0.000057 0.000057 0.000057 0.000057
106 106 (0) 6 : 0.999744 0.000064 0.000064 0.000064 0.000064
107 107 (0) 6 : 0.999772 0.000057 0.000057 0.000058 0.000057
108 108 (0) 6 : 0.999760 0.000060 0.000060 0.000061 0.000060
109 109 (0) 6 : 0.999764 0.000059 0.000059 0.000059 0.000059
110 110 (0) 2 : 0.000046 0.000045 0.000045 0.000046 0.999819
111 111 (0) 2 : 0.000059 0.000058 0.000058 0.000059 0.999766
112 112 (0) 2 : 0.000060 0.000059 0.000059 0.000060 0.999763
113 113 (0) 2 : 0.000055 0.000054 0.000054 0.000055 0.999783
114 114 (0) 2 : 0.000057 0.000056 0.000056 0.000057 0.999774
115 115 (0) 3 : 0.929789 0.000040 0.000040 0.000041 0.070090
1 1 (0) 1 : 0.999763 0.000059 0.000059 0.000059 0.000059
2 2 (0) 1 : 0.999774 0.000057 0.000056 0.000057 0.000057
3 3 (0) 1 : 0.999760 0.000060 0.000059 0.000060 0.000060
4 4 (0) 1 : 0.999759 0.000060 0.000060 0.000060 0.000060
5 5 (0) 1 : 0.999748 0.000063 0.000062 0.000063 0.000063
6 6 (0) 1 : 0.999759 0.000061 0.000060 0.000061 0.000059
7 7 (0) 1 : 0.999739 0.000065 0.000064 0.000065 0.000065
8 8 (0) 1 : 0.999816 0.000046 0.000045 0.000046 0.000046
9 9 (0) 1 : 0.999829 0.000043 0.000043 0.000043 0.000042
10 10 (0) 1 : 0.999799 0.000051 0.000050 0.000050 0.000051
11 11 (0) 1 : 0.999765 0.000059 0.000058 0.000059 0.000059
12 12 (0) 1 : 0.999807 0.000048 0.000048 0.000048 0.000048
13 13 (0) 1 : 0.999770 0.000058 0.000057 0.000058 0.000058
14 14 (0) 1 : 0.999767 0.000058 0.000058 0.000058 0.000058
15 15 (0) 1 : 0.999766 0.000059 0.000058 0.000059 0.000059
16 16 (0) 1 : 0.999754 0.000062 0.000061 0.000062 0.000062
17 17 (0) 1 : 0.999733 0.000067 0.000066 0.000067 0.000067
18 18 (0) 2 : 0.000046 0.000045 0.000045 0.999819 0.000045
19 19 (0) 2 : 0.000059 0.000059 0.000058 0.999766 0.000059
20 20 (0) 3 : 0.987362 0.000046 0.000046 0.012500 0.000045
21 21 (0) 3 : 0.999808 0.000048 0.000048 0.000048 0.000048
22 22 (0) 2 : 0.000060 0.000060 0.000059 0.999761 0.000060
23 23 (0) 2 : 0.000046 0.000046 0.000046 0.999816 0.000046
24 24 (0) 2 : 0.000045 0.000045 0.000044 0.999822 0.000045
25 25 (0) 4 : 0.062773 0.937067 0.000053 0.000053 0.000053
26 26 (0) 4 : 0.000047 0.999814 0.000046 0.000047 0.000047
27 27 (0) 4 : 0.000069 0.999726 0.000068 0.000069 0.000069
28 28 (0) 4 : 0.000061 0.999759 0.000060 0.000060 0.000060
29 29 (0) 4 : 0.000071 0.999717 0.000070 0.000071 0.000071
30 30 (0) 4 : 0.130789 0.868974 0.000078 0.000079 0.000079
31 31 (0) 4 : 0.000065 0.999742 0.000064 0.000065 0.000065
32 32 (0) 4 : 0.000068 0.999731 0.000067 0.000068 0.000068
33 33 (0) 4 : 0.000058 0.999770 0.000057 0.000058 0.000058
34 34 (0) 4 : 0.000045 0.999822 0.000044 0.000044 0.000045
35 35 (0) 4 : 0.087758 0.912113 0.000042 0.000043 0.000043
36 36 (0) 4 : 0.000043 0.999829 0.000042 0.000043 0.000043
37 37 (0) 4 : 0.000044 0.999827 0.000043 0.000043 0.000043
38 38 (0) 4 : 0.000055 0.999780 0.000054 0.000055 0.000055
39 39 (0) 4 : 0.000046 0.999818 0.000045 0.000046 0.000046
40 40 (0) 4 : 0.000043 0.999829 0.000042 0.000043 0.000043
41 41 (0) 4 : 0.000061 0.999758 0.000060 0.000061 0.000061
42 42 (0) 4 : 0.000059 0.999765 0.000058 0.000059 0.000059
43 43 (0) 4 : 0.000062 0.999754 0.000061 0.000062 0.000062
44 44 (0) 4 : 0.000059 0.999764 0.000058 0.000059 0.000059
45 45 (0) 4 : 0.000060 0.999761 0.000059 0.000060 0.000060
46 46 (0) 4 : 0.076220 0.923602 0.000059 0.000060 0.000060
47 47 (0) 4 : 0.000062 0.999754 0.000061 0.000062 0.000062
48 48 (0) 4 : 0.126608 0.873216 0.000058 0.000059 0.000059
49 49 (0) 4 : 0.000057 0.999772 0.000056 0.000057 0.000057
50 50 (0) 4 : 0.000059 0.999766 0.000058 0.000059 0.000059
51 51 (0) 1 : 0.999844 0.000039 0.000038 0.000039 0.000039
52 52 (0) 1 : 0.999836 0.000041 0.000041 0.000041 0.000041
53 53 (0) 1 : 0.823523 0.176280 0.000065 0.000066 0.000066
54 54 (0) 1 : 0.509933 0.489930 0.000045 0.000046 0.000046
55 55 (0) 1 : 0.867001 0.132788 0.000070 0.000071 0.000071
56 56 (0) 1 : 0.999823 0.000044 0.000044 0.000044 0.000044
57 57 (0) 1 : 0.585346 0.414528 0.000042 0.000042 0.000042
58 58 (0) 1 : 0.696898 0.302931 0.000057 0.000057 0.000057
59 59 (0) 1 : 0.999778 0.000056 0.000055 0.000056 0.000056
60 60 (0) 1 : 0.999772 0.000057 0.000056 0.000057 0.000057
61 61 (0) 1 : 0.999841 0.000040 0.000040 0.000040 0.000040
62 62 (0) 1 : 0.999797 0.000051 0.000050 0.000051 0.000051
63 63 (0) 1 : 0.999787 0.000053 0.000053 0.000053 0.000053
64 64 (0) 1 : 0.999764 0.000059 0.000058 0.000059 0.000059
65 65 (0) 1 : 0.999768 0.000058 0.000057 0.000058 0.000058
66 66 (0) 1 : 0.999743 0.000064 0.000064 0.000064 0.000065
67 67 (0) 1 : 0.999773 0.000057 0.000056 0.000057 0.000057
68 68 (0) 1 : 0.999737 0.000066 0.000065 0.000066 0.000066
69 69 (0) 1 : 0.999719 0.000070 0.000070 0.000070 0.000070
70 70 (0) 1 : 0.999786 0.000054 0.000053 0.000054 0.000054
71 71 (0) 1 : 0.999749 0.000063 0.000062 0.000063 0.000063
72 72 (0) 1 : 0.999755 0.000061 0.000061 0.000061 0.000061
73 73 (0) 1 : 0.999772 0.000057 0.000056 0.000057 0.000057
74 74 (0) 1 : 0.999838 0.000041 0.000040 0.000041 0.000041
75 75 (0) 1 : 0.999840 0.000040 0.000040 0.000040 0.000040
76 76 (0) 1 : 0.999685 0.000079 0.000078 0.000079 0.000079
77 77 (0) 1 : 0.999754 0.000062 0.000061 0.000062 0.000062
78 78 (0) 1 : 0.999757 0.000061 0.000060 0.000061 0.000061
79 79 (0) 1 : 0.864035 0.135814 0.000050 0.000051 0.000050
80 80 (0) 1 : 0.999841 0.000040 0.000039 0.000040 0.000039
81 81 (0) 1 : 0.999841 0.000040 0.000039 0.000040 0.000040
82 82 (0) 1 : 0.999821 0.000045 0.000044 0.000045 0.000045
83 83 (0) 1 : 0.916068 0.000058 0.000057 0.000058 0.083759
84 84 (0) 1 : 0.999684 0.000079 0.000078 0.000079 0.000080
85 85 (0) 1 : 0.999838 0.000041 0.000040 0.000041 0.000041
86 86 (0) 1 : 0.999840 0.000040 0.000040 0.000040 0.000040
87 87 (0) 5 : 0.421904 0.577911 0.000062 0.000062 0.000062
88 88 (0) 5 : 0.269735 0.730105 0.000053 0.000054 0.000054
89 89 (0) 5 : 0.418703 0.581171 0.000042 0.000042 0.000042
90 90 (0) 5 : 0.082639 0.917177 0.000061 0.000062 0.000062
91 91 (0) 5 : 0.000059 0.999766 0.000058 0.000059 0.000059
92 92 (0) 5 : 0.326770 0.673089 0.000047 0.000047 0.000047
93 93 (0) 5 : 0.195478 0.804325 0.000065 0.000066 0.000066
94 94 (0) 5 : 0.233793 0.766059 0.000049 0.000049 0.000049
95 95 (0) 5 : 0.000064 0.999746 0.000063 0.000064 0.000064
96 96 (0) 5 : 0.138085 0.861746 0.000056 0.000056 0.000056
97 97 (0) 6 : 0.000056 0.000056 0.000055 0.000056 0.999776
98 98 (0) 6 : 0.000054 0.000054 0.000053 0.000054 0.999785
99 99 (0) 6 : 0.000054 0.000054 0.000053 0.000054 0.999784
100 100 (0) 6 : 0.999825 0.000044 0.000043 0.000044 0.000044
101 101 (0) 6 : 0.999825 0.000044 0.000043 0.000044 0.000044
102 102 (0) 6 : 0.999835 0.000041 0.000041 0.000041 0.000041
103 103 (0) 6 : 0.000055 0.000055 0.000054 0.000055 0.999780
104 104 (0) 6 : 0.000058 0.000058 0.000057 0.000058 0.999768
105 105 (0) 6 : 0.000057 0.000057 0.000056 0.000057 0.999772
106 106 (0) 6 : 0.000064 0.000064 0.000063 0.000064 0.999743
107 107 (0) 6 : 0.000058 0.000058 0.000057 0.000057 0.999771
108 108 (0) 6 : 0.000061 0.000061 0.000060 0.000060 0.999759
109 109 (0) 6 : 0.000059 0.000059 0.000058 0.000059 0.999764
110 110 (0) 2 : 0.000046 0.000046 0.000045 0.999818 0.000046
111 111 (0) 2 : 0.000059 0.000059 0.000058 0.999766 0.000059
112 112 (0) 2 : 0.000060 0.000060 0.000059 0.999762 0.000060
113 113 (0) 2 : 0.000055 0.000055 0.000054 0.999782 0.000055
114 114 (0) 2 : 0.000057 0.000057 0.000056 0.999773 0.000057
115 115 (0) 3 : 0.976794 0.000041 0.000040 0.023084 0.000041
1 1 (0) 1 : 0.000059 0.999763 0.000059 0.000060 0.000060
2 2 (0) 1 : 0.000056 0.999773 0.000056 0.000058 0.000057
3 3 (0) 1 : 0.000059 0.999762 0.000059 0.000059 0.000060
4 4 (0) 1 : 0.000060 0.999759 0.000060 0.000061 0.000061
5 5 (0) 1 : 0.000062 0.999748 0.000062 0.000064 0.000063
6 6 (0) 1 : 0.000060 0.999757 0.000060 0.000062 0.000061
7 7 (0) 1 : 0.000064 0.999739 0.000064 0.000066 0.000066
8 8 (0) 1 : 0.000045 0.999816 0.000045 0.000047 0.000046
9 9 (0) 1 : 0.000043 0.999827 0.000043 0.000044 0.000043
10 10 (0) 1 : 0.000050 0.999798 0.000050 0.000051 0.000051
11 11 (0) 1 : 0.000058 0.999765 0.000058 0.000060 0.000059
12 12 (0) 1 : 0.000048 0.999806 0.000048 0.000050 0.000049
13 13 (0) 1 : 0.000057 0.999769 0.000057 0.000058 0.000058
14 14 (0) 1 : 0.000058 0.999767 0.000058 0.000059 0.000059
15 15 (0) 1 : 0.000058 0.999766 0.000058 0.000060 0.000059
16 16 (0) 1 : 0.000061 0.999754 0.000061 0.000062 0.000062
17 17 (0) 1 : 0.000066 0.999732 0.000066 0.000068 0.000067
18 18 (0) 2 : 0.000045 0.000045 0.000045 0.000046 0.999819
19 19 (0) 2 : 0.000058 0.081116 0.000058 0.000059 0.918709
20 20 (0) 3 : 0.000046 0.934622 0.000046 0.000049 0.065237
21 21 (0) 3 : 0.000048 0.955328 0.000048 0.000051 0.044526
22 22 (0) 2 : 0.000059 0.000059 0.000059 0.000060 0.999763
23 23 (0) 2 : 0.000046 0.000046 0.000046 0.000047 0.999816
24 24 (0) 2 : 0.000044 0.000044 0.000044 0.000045 0.999823
25 25 (0) 4 : 0.000053 0.097785 0.000053 0.902056 0.000053
26 26 (0) 4 : 0.000046 0.000046 0.000046 0.999813 0.000048
27 27 (0) 4 : 0.000068 0.000068 0.000657 0.999138 0.000069
28 28 (0) 4 : 0.000060 0.000060 0.000891 0.998928 0.000061
29 29 (0) 4 : 0.000070 0.000070 0.000070 0.999719 0.000071
30 30 (0) 4 : 0.000078 0.113549 0.000078 0.886214 0.000080
31 31 (0) 4 : 0.000064 0.000064 0.000064 0.999744 0.000065
32 32 (0) 4 : 0.000067 0.000066 0.000067 0.999733 0.000067
33 33 (0) 4 : 0.000057 0.000057 0.000057 0.999771 0.000058
34 34 (0) 4 : 0.000044 0.057202 0.000044 0.942666 0.000044
35 35 (0) 4 : 0.000042 0.105001 0.000042 0.894872 0.000042
36 36 (0) 4 : 0.000042 0.000043 0.000042 0.999830 0.000043
37 37 (0) 4 : 0.000043 0.000043 0.000043 0.999827 0.000043
38 38 (0) 4 : 0.000054 0.000055 0.000054 0.999781 0.000055
39 39 (0) 4 : 0.000045 0.000045 0.000045 0.999819 0.000046
40 40 (0) 4 : 0.000042 0.000042 0.000042 0.999830 0.000043
41 41 (0) 4 : 0.000060 0.000061 0.000119 0.999700 0.000061
42 42 (0) 4 : 0.000058 0.000059 0.000234 0.999590 0.000059
43 43 (0) 4 : 0.000061 0.000061 0.000061 0.999755 0.000062
44 44 (0) 4 : 0.000058 0.000059 0.000058 0.999765 0.000059
45 45 (0) 4 : 0.000059 0.000060 0.000059 0.999762 0.000060
46 46 (0) 4 : 0.000059 0.048964 0.000059 0.950860 0.000059
47 47 (0) 4 : 0.000061 0.000061 0.000060 0.999755 0.000062
48 48 (0) 4 : 0.000058 0.125369 0.000058 0.874457 0.000058
49 49 (0) 4 : 0.000056 0.000057 0.000164 0.999665 0.000057
50 50 (0) 4 : 0.000058 0.000059 0.000059 0.999765 0.000059
51 51 (0) 1 : 0.000039 0.999842 0.000039 0.000041 0.000039
52 52 (0) 1 : 0.000041 0.999832 0.000041 0.000045 0.000042
53 53 (0) 1 : 0.000066 0.717625 0.000066 0.282179 0.000064
54 54 (0) 1 : 0.000045 0.379760 0.000045 0.620104 0.000045
55 55 (0) 1 : 0.000070 0.749579 0.000070 0.250209 0.000072
56 56 (0) 1 : 0.000044 0.402658 0.000044 0.597210 0.000044
57 57 (0) 1 : 0.000042 0.441335 0.000042 0.558539 0.000042
58 58 (0) 1 : 0.000057 0.559353 0.000057 0.440476 0.000057
59 59 (0) 1 : 0.000055 0.959948 0.000055 0.039888 0.000055
60 60 (0) 1 : 0.000056 0.999772 0.000056 0.000058 0.000057
61 61 (0) 1 : 0.000040 0.999840 0.000040 0.000041 0.000040
62 62 (0) 1 : 0.000050 0.825915 0.000050 0.173932 0.000052
63 63 (0) 1 : 0.000053 0.876319 0.000053 0.123521 0.000054
64 64 (0) 1 : 0.000058 0.999764 0.000058 0.000060 0.000059
65 65 (0) 1 : 0.000057 0.999768 0.000057 0.000059 0.000058
66 66 (0) 1 : 0.000064 0.999742 0.000064 0.000065 0.000065
67 67 (0) 1 : 0.000056 0.999773 0.000056 0.000058 0.000057
68 68 (0) 1 : 0.000065 0.999737 0.000065 0.000067 0.000066
69 69 (0) 1 : 0.000070 0.999719 0.000070 0.000071 0.000071
70 70 (0) 1 : 0.000053 0.999786 0.000053 0.000054 0.000054
71 71 (0) 1 : 0.000062 0.999748 0.000062 0.000064 0.000063
72 72 (0) 1 : 0.000061 0.999755 0.000061 0.000062 0.000062
73 73 (0) 1 : 0.000056 0.999772 0.000056 0.000058 0.000057
74 74 (0) 1 : 0.000040 0.999837 0.000040 0.000042 0.000041
75 75 (0) 1 : 0.000040 0.999840 0.000040 0.000041 0.000040
76 76 (0) 1 : 0.000078 0.999685 0.000078 0.000080 0.000079
77 77 (0) 1 : 0.000061 0.999754 0.000061 0.000062 0.000062
78 78 (0) 1 : 0.000060 0.999757 0.000060 0.000061 0.000061
79 79 (0) 1 : 0.000050 0.691517 0.000050 0.308331 0.000051
80 80 (0) 1 : 0.000039 0.999839 0.000040 0.000041 0.000040
81 81 (0) 1 : 0.000039 0.999837 0.000039 0.000043 0.000040
82 82 (0) 1 : 0.000044 0.999820 0.000044 0.000046 0.000046
83 83 (0) 1 : 0.000057 0.999767 0.000057 0.000059 0.000059
84 84 (0) 1 : 0.000079 0.936992 0.000079 0.062767 0.000082
85 85 (0) 1 : 0.000040 0.999837 0.000040 0.000042 0.000041
86 86 (0) 1 : 0.000040 0.999839 0.000040 0.000042 0.000040
87 87 (0) 5 : 0.000062 0.366348 0.000062 0.633467 0.000062
88 88 (0) 5 : 0.000053 0.229534 0.000053 0.770307 0.000053
89 89 (0) 5 : 0.000042 0.381823 0.000042 0.618052 0.000042
90 90 (0) 5 : 0.000061 0.000060 0.000061 0.999757 0.000061
91 91 (0) 5 : 0.000058 0.000058 0.000058 0.999768 0.000058
92 92 (0) 5 : 0.000047 0.274522 0.000047 0.725338 0.000047
93 93 (0) 5 : 0.000065 0.136224 0.000065 0.863580 0.000065
94 94 (0) 5 : 0.000049 0.224758 0.000049 0.775096 0.000049
95 95 (0) 5 : 0.000063 0.000063 0.000063 0.999748 0.000064
96 96 (0) 5 : 0.000056 0.000055 0.000056 0.999778 0.000056
97 97 (0) 6 : 0.000055 0.999777 0.000055 0.000056 0.000056
98 98 (0) 6 : 0.000053 0.999785 0.000053 0.000055 0.000054
99 99 (0) 6 : 0.000054 0.999783 0.000054 0.000055 0.000055
100 100 (0) 6 : 0.000043 0.999825 0.000043 0.000045 0.000044
101 101 (0) 6 : 0.000043 0.999825 0.000043 0.000045 0.000044
102 102 (0) 6 : 0.000041 0.999835 0.000041 0.000042 0.000041
103 103 (0) 6 : 0.000054 0.999780 0.000054 0.000056 0.000055
104 104 (0) 6 : 0.000057 0.999768 0.000057 0.000059 0.000058
105 105 (0) 6 : 0.000057 0.999772 0.000057 0.000057 0.000057
106 106 (0) 6 : 0.000064 0.999744 0.000064 0.000065 0.000065
107 107 (0) 6 : 0.000057 0.999771 0.000057 0.000058 0.000058
108 108 (0) 6 : 0.000060 0.999759 0.000060 0.000061 0.000061
109 109 (0) 6 : 0.000059 0.999765 0.000059 0.000059 0.000059
110 110 (0) 2 : 0.000045 0.221910 0.000045 0.000046 0.777954
111 111 (0) 2 : 0.000058 0.117272 0.000058 0.000059 0.882554
112 112 (0) 2 : 0.000059 0.182949 0.000059 0.000059 0.816874
113 113 (0) 2 : 0.000054 0.117240 0.000054 0.000054 0.882598
114 114 (0) 2 : 0.000056 0.056176 0.000056 0.000057 0.943655
115 115 (0) 3 : 0.000040 0.934179 0.000040 0.000043 0.065698
1 1 (0) 1 : 0.999763 0.000060 0.000059 0.000059 0.000059
2 2 (0) 1 : 0.999775 0.000057 0.000056 0.000056 0.000056
3 3 (0) 1 : 0.999760 0.000061 0.000059 0.000059 0.000060
4 4 (0) 1 : 0.999759 0.000061 0.000060 0.000061 0.000060
5 5 (0) 1 : 0.999749 0.000063 0.000062 0.000063 0.000063
6 6 (0) 1 : 0.999759 0.000060 0.000060 0.000060 0.000060
7 7 (0) 1 : 0.999740 0.000066 0.000064 0.000065 0.000065
8 8 (0) 1 : 0.999817 0.000046 0.000045 0.000046 0.000046
9 9 (0) 1 : 0.999828 0.000044 0.000043 0.000043 0.000043
10 10 (0) 1 : 0.999799 0.000051 0.000050 0.000050 0.000050
11 11 (0) 1 : 0.999765 0.000060 0.000058 0.000059 0.000058
12 12 (0) 1 : 0.999808 0.000049 0.000048 0.000048 0.000048
13 13 (0) 1 : 0.999770 0.000058 0.000057 0.000058 0.000057
14 14 (0) 1 : 0.999768 0.000059 0.000058 0.000058 0.000058
15 15 (0) 1 : 0.999767 0.000059 0.000058 0.000058 0.000058
16 16 (0) 1 : 0.999754 0.000062 0.000061 0.000061 0.000061
17 17 (0) 1 : 0.999733 0.000067 0.000066 0.000067 0.000066
18 18 (0) 2 : 0.000048 0.000047 0.000045 0.999816 0.000045
19 19 (0) 2 : 0.000060 0.000060 0.000058 0.999765 0.000058
20 20 (0) 3 : 0.931194 0.000046 0.000046 0.068668 0.000046
21 21 (0) 3 : 0.952050 0.000048 0.000048 0.047808 0.000048
22 22 (0) 2 : 0.000062 0.000061 0.000059 0.999759 0.000059
23 23 (0) 2 : 0.000049 0.000047 0.000046 0.999813 0.000046
24 24 (0) 2 : 0.000047 0.000046 0.000044 0.999819 0.000044
25 25 (0) 4 : 0.000052 0.999790 0.000053 0.000053 0.000053
26 26 (0) 4 : 0.000046 0.999814 0.000046 0.000046 0.000048
27 27 (0) 4 : 0.000068 0.999728 0.000068 0.000068 0.000068
28 28 (0) 4 : 0.000060 0.999760 0.000060 0.000060 0.000060
29 29 (0) 4 : 0.000070 0.999719 0.000070 0.000070 0.000070
30 30 (0) 4 : 0.142688 0.857076 0.000078 0.000078 0.000080
31 31 (0) 4 : 0.000065 0.999744 0.000064 0.000064 0.000064
32 32 (0) 4 : 0.000066 0.999734 0.000067 0.000066 0.000067
33 33 (0) 4 : 0.000058 0.999771 0.000057 0.000057 0.000057
34 34 (0) 4 : 0.000044 0.999825 0.000044 0.000044 0.000044
35 35 (0) 4 : 0.000043 0.999830 0.000042 0.000042 0.000042
36 36 (0) 4 : 0.000043 0.999830 0.000042 0.000043 0.000042
37 37 (0) 4 : 0.000044 0.999827 0.000043 0.000043 0.000043
38 38 (0) 4 : 0.000054 0.999782 0.000054 0.000055 0.000055
39 39 (0) 4 : 0.000045 0.999819 0.000045 0.000045 0.000045
40 40 (0) 4 : 0.000043 0.999830 0.000042 0.000042 0.000042
41 41 (0) 4 : 0.000061 0.999759 0.000060 0.000061 0.000060
42 42 (0) 4 : 0.000059 0.999766 0.000058 0.000059 0.000058
43 43 (0) 4 : 0.000062 0.999755 0.000061 0.000061 0.000061
44 44 (0) 4 : 0.000058 0.999766 0.000058 0.000059 0.000059
45 45 (0) 4 : 0.000060 0.999762 0.000059 0.000060 0.000059
46 46 (0) 4 : 0.073234 0.926588 0.000059 0.000059 0.000061
47 47 (0) 4 : 0.000061 0.999755 0.000061 0.000061 0.000061
48 48 (0) 4 : 0.102377 0.897449 0.000058 0.000057 0.000058
49 49 (0) 4 : 0.000057 0.999774 0.000056 0.000057 0.000056
50 50 (0) 4 : 0.000059 0.999767 0.000058 0.000059 0.000058
51 51 (0) 1 : 0.999846 0.000039 0.000039 0.000038 0.000039
52 52 (0) 1 : 0.999836 0.000041 0.000041 0.000041 0.000041
53 53 (0) 1 : 0.870687 0.126135 0.000065 0.003048 0.000066
54 54 (0) 1 : 0.920603 0.000045 0.000045 0.079263 0.000045
55 55 (0) 1 : 0.999718 0.000070 0.000070 0.000069 0.000073
56 56 (0) 1 : 0.999826 0.000043 0.000044 0.000043 0.000044
57 57 (0) 1 : 0.999833 0.000041 0.000042 0.000041 0.000043
58 58 (0) 1 : 0.999771 0.000056 0.000057 0.000056 0.000061
59 59 (0) 1 : 0.980347 0.019490 0.000054 0.000054 0.000054
60 60 (0) 1 : 0.999774 0.000057 0.000056 0.000057 0.000056
61 61 (0) 1 : 0.999841 0.000040 0.000040 0.000040 0.000040
62 62 (0) 1 : 0.999799 0.000050 0.000050 0.000050 0.000051
63 63 (0) 1 : 0.999789 0.000053 0.000053 0.000052 0.000053
64 64 (0) 1 : 0.999765 0.000059 0.000058 0.000059 0.000059
65 65 (0) 1 : 0.999769 0.000058 0.000057 0.000058 0.000057
66 66 (0) 1 : 0.999744 0.000065 0.000064 0.000064 0.000064
67 67 (0) 1 : 0.999773 0.000058 0.000056 0.000057 0.000056
68 68 (0) 1 : 0.999739 0.000066 0.000065 0.000066 0.000065
69 69 (0) 1 : 0.999717 0.000073 0.000070 0.000070 0.000070
70 70 (0) 1 : 0.999787 0.000054 0.000053 0.000053 0.000053
71 71 (0) 1 : 0.999750 0.000063 0.000062 0.000063 0.000062
72 72 (0) 1 : 0.999756 0.000062 0.000061 0.000061 0.000061
73 73 (0) 1 : 0.999773 0.000057 0.000056 0.000057 0.000056
74 74 (0) 1 : 0.999839 0.000040 0.000040 0.000040 0.000040
75 75 (0) 1 : 0.999841 0.000040 0.000040 0.000040 0.000040
76 76 (0) 1 : 0.999686 0.000079 0.000078 0.000079 0.000078
77 77 (0) 1 : 0.999755 0.000062 0.000061 0.000061 0.000061
78 78 (0) 1 : 0.999758 0.000061 0.000060 0.000061 0.000060
79 79 (0) 1 : 0.999797 0.000049 0.000050 0.000049 0.000054
80 80 (0) 1 : 0.999841 0.000040 0.000040 0.000039 0.000040
81 81 (0) 1 : 0.999842 0.000040 0.000039 0.000039 0.000040
82 82 (0) 1 : 0.999823 0.000044 0.000044 0.000044 0.000045
83 83 (0) 1 : 0.999286 0.000065 0.000057 0.000057 0.000534
84 84 (0) 1 : 0.999686 0.000078 0.000078 0.000077 0.000081
85 85 (0) 1 : 0.999838 0.000041 0.000040 0.000040 0.000040
86 86 (0) 1 : 0.999841 0.000040 0.000040 0.000040 0.000040
87 87 (0) 5 : 0.385982 0.613833 0.000062 0.000062 0.000062
88 88 (0) 5 : 0.211128 0.788713 0.000053 0.000052 0.000053
89 89 (0) 5 : 0.371067 0.628808 0.000042 0.000042 0.000042
90 90 (0) 5 : 0.000060 0.999758 0.000061 0.000060 0.000061
91 91 (0) 5 : 0.000058 0.999768 0.000058 0.000058 0.000058
92 92 (0) 5 : 0.296298 0.703562 0.000047 0.000047 0.000047
93 93 (0) 5 : 0.182914 0.816890 0.000065 0.000065 0.000066
94 94 (0) 5 : 0.173771 0.826084 0.000049 0.000048 0.000049
95 95 (0) 5 : 0.000062 0.999748 0.000063 0.000063 0.000064
96 96 (0) 5 : 0.121658 0.878176 0.000056 0.000055 0.000056
97 97 (0) 6 : 0.999770 0.000064 0.000055 0.000056 0.000055
98 98 (0) 6 : 0.999757 0.000078 0.000053 0.000059 0.000053
99 99 (0) 6 : 0.999749 0.000080 0.000054 0.000064 0.000053
100 100 (0) 6 : 0.999824 0.000045 0.000043 0.000044 0.000043
101 101 (0) 6 : 0.999825 0.000044 0.000043 0.000044 0.000043
102 102 (0) 6 : 0.999834 0.000043 0.000041 0.000042 0.000041
103 103 (0) 6 : 0.999766 0.000063 0.000055 0.000063 0.000054
104 104 (0) 6 : 0.999767 0.000061 0.000057 0.000058 0.000057
105 105 (0) 6 : 0.999726 0.000101 0.000057 0.000060 0.000056
106 106 (0) 6 : 0.999594 0.000201 0.000064 0.000078 0.000063
107 107 (0) 6 : 0.999719 0.000108 0.000057 0.000060 0.000056
108 108 (0) 6 : 0.999756 0.000063 0.000060 0.000061 0.000059
109 109 (0) 6 : 0.999502 0.000321 0.000059 0.000059 0.000058
110 110 (0) 2 : 0.000047 0.000047 0.000045 0.999816 0.000045
111 111 (0) 2 : 0.000063 0.000060 0.000058 0.999761 0.000058
112 112 (0) 2 : 0.000061 0.000061 0.000059 0.999761 0.000059
113 113 (0) 2 : 0.000055 0.000055 0.000054 0.999782 0.000054
114 114 (0) 2 : 0.000058 0.000058 0.000056 0.999771 0.000056
115 115 (0) 3 : 0.925847 0.000040 0.000040 0.074032 0.000040
1 1 (0) 1 : 0.000059 0.000059 0.000059 0.000059 0.999764
2 2 (0) 1 : 0.000057 0.000057 0.000056 0.000057 0.999774
3 3 (0) 1 : 0.000060 0.000060 0.000059 0.000060 0.999760
4 4 (0) 1 : 0.000060 0.000060 0.000060 0.000060 0.999759
5 5 (0) 1 : 0.000063 0.000063 0.000062 0.000063 0.999749
6 6 (0) 1 : 0.000061 0.000061 0.000060 0.000061 0.999758
7 7 (0) 1 : 0.999739 0.000065 0.000064 0.000065 0.000066
8 8 (0) 1 : 0.999816 0.000046 0.000045 0.000046 0.000046
9 9 (0) 1 : 0.999828 0.000043 0.000043 0.000043 0.000043
10 10 (0) 1 : 0.999798 0.000050 0.000050 0.000051 0.000051
11 11 (0) 1 : 0.999765 0.000059 0.000058 0.000059 0.000059
12 12 (0) 1 : 0.999807 0.000048 0.000048 0.000048 0.000049
13 13 (0) 1 : 0.999770 0.000058 0.000057 0.000058 0.000058
14 14 (0) 1 : 0.999767 0.000058 0.000058 0.000058 0.000059
15 15 (0) 1 : 0.999766 0.000059 0.000058 0.000059 0.000059
16 16 (0) 1 : 0.999754 0.000062 0.000061 0.000062 0.000062
17 17 (0) 1 : 0.999733 0.000067 0.000066 0.000067 0.000067
18 18 (0) 2 : 0.000045 0.999819 0.000045 0.000045 0.000046
19 19 (0) 2 : 0.000059 0.999766 0.000058 0.000059 0.000059
20 20 (0) 3 : 0.000046 0.000046 0.000046 0.000046 0.999815
21 21 (0) 3 : 0.000048 0.000048 0.000048 0.000048 0.999807
22 22 (0) 2 : 0.000060 0.999761 0.000059 0.000060 0.000060
23 23 (0) 2 : 0.000046 0.999816 0.000046 0.000046 0.000046
24 24 (0) 2 : 0.000045 0.999822 0.000044 0.000045 0.000045
25 25 (0) 4 : 0.000052 0.000054 0.000053 0.999789 0.000053
26 26 (0) 4 : 0.000047 0.000047 0.000046 0.999813 0.000047
27 27 (0) 4 : 0.000069 0.000069 0.000068 0.999726 0.000069
28 28 (0) 4 : 0.000060 0.000060 0.000060 0.999759 0.000061
29 29 (0) 4 : 0.000071 0.000071 0.000070 0.999717 0.000071
30 30 (0) 4 : 0.000080 0.000079 0.000078 0.912105 0.087657
31 31 (0) 4 : 0.000065 0.000065 0.000064 0.999742 0.000065
32 32 (0) 4 : 0.000068 0.000068 0.000067 0.999729 0.000069
33 33 (0) 4 : 0.000058 0.000058 0.000057 0.999769 0.000058
34 34 (0) 4 : 0.000045 0.000045 0.000044 0.999822 0.000044
35 35 (0) 4 : 0.000046 0.000043 0.000042 0.999826 0.000043
36 36 (0) 4 : 0.000043 0.000043 0.000042 0.999829 0.000043
37 37 (0) 4 : 0.000044 0.000043 0.000043 0.999826 0.000044
38 38 (0) 4 : 0.000055 0.000055 0.000054 0.999780 0.000055
39 39 (0) 4 : 0.000046 0.000046 0.000045 0.999817 0.000046
40 40 (0) 4 : 0.000043 0.000043 0.000042 0.999829 0.000043
41 41 (0) 4 : 0.000061 0.000061 0.000060 0.999757 0.000061
42 42 (0) 4 : 0.000059 0.000059 0.000058 0.999764 0.000059
43 43 (0) 4 : 0.000062 0.000062 0.000061 0.999754 0.000062
44 44 (0) 4 : 0.000059 0.000059 0.000058 0.999763 0.000060
45 45 (0) 4 : 0.000060 0.000060 0.000059 0.999760 0.000060
46 46 (0) 4 : 0.025158 0.000061 0.000059 0.974660 0.000062
47 47 (0) 4 : 0.000062 0.000062 0.000061 0.999753 0.000062
48 48 (0) 4 : 0.000059 0.000059 0.000058 0.913320 0.086504
49 49 (0) 4 : 0.000057 0.000057 0.000056 0.999772 0.000057
50 50 (0) 4 : 0.000059 0.000059 0.000058 0.999766 0.000059
51 51 (0) 1 : 0.000039 0.000039 0.000038 0.000039 0.999845
52 52 (0) 1 : 0.000041 0.000041 0.000041 0.000041 0.999836
53 53 (0) 1 : 0.000066 0.000066 0.000065 0.136671 0.863132
54 54 (0) 1 : 0.000046 0.000046 0.000045 0.615509 0.384354
55 55 (0) 1 : 0.000071 0.000071 0.000070 0.188373 0.811416
56 56 (0) 1 : 0.000044 0.000044 0.000044 0.576803 0.423064
57 57 (0) 1 : 0.000042 0.000042 0.000042 0.547578 0.452296
58 58 (0) 1 : 0.000057 0.000057 0.000057 0.381985 0.617844
59 59 (0) 1 : 0.849486 0.000056 0.000055 0.049484 0.100920
60 60 (0) 1 : 0.999773 0.000057 0.000056 0.000057 0.000057
61 61 (0) 1 : 0.999841 0.000040 0.000039 0.000040 0.000040
62 62 (0) 1 : 0.900141 0.000051 0.000050 0.099707 0.000051
63 63 (0) 1 : 0.999786 0.000053 0.000053 0.000054 0.000054
64 64 (0) 1 : 0.999764 0.000059 0.000058 0.000059 0.000059
65 65 (0) 1 : 0.999768 0.000058 0.000057 0.000058 0.000058
66 66 (0) 1 : 0.999743 0.000064 0.000064 0.000064 0.000065
67 67 (0) 1 : 0.999773 0.000057 0.000056 0.000057 0.000057
68 68 (0) 1 : 0.999737 0.000066 0.000065 0.000066 0.000066
69 69 (0) 1 : 0.999719 0.000070 0.000069 0.000070 0.000071
70 70 (0) 1 : 0.999786 0.000054 0.000053 0.000054 0.000054
71 71 (0) 1 : 0.999749 0.000063 0.000062 0.000063 0.000063
72 72 (0) 1 : 0.999755 0.000061 0.000061 0.000061 0.000062
73 73 (0) 1 : 0.999772 0.000057 0.000056 0.000057 0.000058
74 74 (0) 1 : 0.999838 0.000041 0.000040 0.000041 0.000040
75 75 (0) 1 : 0.999841 0.000040 0.000039 0.000040 0.000040
76 76 (0) 1 : 0.999685 0.000079 0.000078 0.000079 0.000079
77 77 (0) 1 : 0.999754 0.000062 0.000061 0.000062 0.000062
78 78 (0) 1 : 0.999757 0.000061 0.000060 0.000061 0.000061
79 79 (0) 1 : 0.000051 0.000050 0.000050 0.226887 0.772963
80 80 (0) 1 : 0.000040 0.000040 0.000039 0.000040 0.999841
81 81 (0) 1 : 0.000040 0.000040 0.000039 0.000040 0.999841
82 82 (0) 1 : 0.000044 0.000045 0.000044 0.000045 0.999822
83 83 (0) 1 : 0.000058 0.000058 0.000057 0.000058 0.999770
84 84 (0) 1 : 0.000079 0.000079 0.000078 0.000079 0.999685
85 85 (0) 1 : 0.999838 0.000041 0.000040 0.000041 0.000041
86 86 (0) 1 : 0.000040 0.000040 0.000040 0.000040 0.999840
87 87 (0) 5 : 0.000062 0.000062 0.000061 0.694125 0.305689
88 88 (0) 5 : 0.000055 0.000054 0.000053 0.845676 0.154162
89 89 (0) 5 : 0.000042 0.000042 0.000042 0.658666 0.341208
90 90 (0) 5 : 0.000067 0.000063 0.000061 0.980419 0.019391
91 91 (0) 5 : 0.000059 0.000059 0.000058 0.999764 0.000060
92 92 (0) 5 : 0.058213 0.000047 0.000047 0.787448 0.154245
93 93 (0) 5 : 0.000067 0.000066 0.000065 0.878024 0.121777
94 94 (0) 5 : 0.000050 0.000049 0.000049 0.838730 0.161122
95 95 (0) 5 : 0.000064 0.000064 0.000063 0.999745 0.000065
96 96 (0) 5 : 0.061294 0.000057 0.000056 0.938532 0.000062
97 97 (0) 6 : 0.000056 0.000056 0.000055 0.000056 0.999777
98 98 (0) 6 : 0.000054 0.000054 0.000053 0.000054 0.999786
99 99 (0) 6 : 0.000054 0.000054 0.000054 0.000054 0.999784
100 100 (0) 6 : 0.000044 0.000044 0.000043 0.000044 0.999825
101 101 (0) 6 : 0.000044 0.000044 0.000043 0.000044 0.999825
102 102 (0) 6 : 0.000041 0.000041 0.000041 0.000041 0.999836
103 103 (0) 6 : 0.000055 0.000055 0.000054 0.000055 0.999780
104 104 (0) 6 : 0.000058 0.000058 0.000057 0.000058 0.999768
105 105 (0) 6 : 0.000057 0.000057 0.000056 0.000057 0.999772
106 106 (0) 6 : 0.000064 0.000064 0.000063 0.000064 0.999744
107 107 (0) 6 : 0.000058 0.000057 0.000057 0.000057 0.999771
108 108 (0) 6 : 0.000061 0.000060 0.000060 0.000060 0.999759
109 109 (0) 6 : 0.000059 0.000059 0.000058 0.000059 0.999764
110 110 (0) 2 : 0.000046 0.888287 0.000045 0.000046 0.111577
111 111 (0) 2 : 0.000059 0.999765 0.000058 0.000059 0.000059
112 112 (0) 2 : 0.000060 0.999763 0.000059 0.000060 0.000059
113 113 (0) 2 : 0.000055 0.999782 0.000054 0.000055 0.000055
114 114 (0) 2 : 0.000057 0.999773 0.000056 0.000057 0.000057
115 115 (0) 3 : 0.000041 0.000041 0.000040 0.000041 0.999838
