1 1 (0) 1 : 0.999602 0.000398
2 2 (0) 1 : 0.999632 0.000368
3 3 (0) 1 : 0.996635 0.003365
4 4 (0) 1 : 0.999618 0.000382
5 5 (0) 1 : 0.999614 0.000386
6 6 (0) 1 : 0.999545 0.000455
7 7 (0) 1 : 0.999624 0.000376
8 8 (0) 1 : 0.999755 0.000245
9 9 (0) 1 : 0.999767 0.000233
10 10 (0) 1 : 0.999691 0.000309
11 11 (0) 1 : 0.999643 0.000357
12 12 (0) 1 : 0.999753 0.000247
13 13 (0) 1 : 0.999666 0.000334
14 14 (0) 1 : 0.999666 0.000334
15 15 (0) 1 : 0.999667 0.000333
16 16 (0) 1 : 0.999646 0.000354
17 17 (0) 1 : 0.999622 0.000378
18 18 (0) 2 : 0.404819 0.595181
19 19 (0) 2 : 0.436250 0.563750
20 20 (0) 3 : 0.999625 0.000375
21 21 (0) 3 : 0.999636 0.000364
22 22 (0) 2 : 0.405976 0.594024
23 23 (0) 2 : 0.385500 0.614500
24 24 (0) 2 : 0.421847 0.578153
25 25 (0) 4 : 0.085401 0.914599
26 26 (0) 4 : 0.000309 0.999691
27 27 (0) 4 : 0.000519 0.999481
28 28 (0) 4 : 0.000398 0.999602
29 29 (0) 4 : 0.000508 0.999492
30 30 (0) 4 : 0.093737 0.906263
31 31 (0) 4 : 0.000460 0.999540
32 32 (0) 4 : 0.000774 0.999226
33 33 (0) 4 : 0.000371 0.999629
34 34 (0) 4 : 0.038220 0.961780
35 35 (0) 4 : 0.097109 0.902891
36 36 (0) 4 : 0.000280 0.999720
37 37 (0) 4 : 0.000279 0.999721
38 38 (0) 4 : 0.000391 0.999609
39 39 (0) 4 : 0.000317 0.999683
40 40 (0) 4 : 0.000271 0.999729
41 41 (0) 4 : 0.000408 0.999592
42 42 (0) 4 : 0.000420 0.999580
43 43 (0) 4 : 0.000452 0.999548
44 44 (0) 4 : 0.000550 0.999450
45 45 (0) 4 : 0.000391 0.999609
46 46 (0) 4 : 0.024721 0.975279
47 47 (0) 4 : 0.000411 0.999589
48 48 (0) 4 : 0.121724 0.878276
49 49 (0) 4 : 0.000363 0.999637
50 50 (0) 4 : 0.000380 0.999620
51 51 (0) 1 : 0.999750 0.000250
52 52 (0) 1 : 0.999730 0.000270
53 53 (0) 1 : 0.719513 0.280487
54 54 (0) 1 : 0.365398 0.634602
55 55 (0) 1 : 0.763642 0.236358
56 56 (0) 1 : 0.397760 0.602240
57 57 (0) 1 : 0.443318 0.556682
58 58 (0) 1 : 0.567416 0.432584
59 59 (0) 1 : 0.959851 0.040149
60 60 (0) 1 : 0.999661 0.000339
61 61 (0) 1 : 0.999791 0.000209
62 62 (0) 1 : 0.829494 0.170506
63 63 (0) 1 : 0.883237 0.116763
64 64 (0) 1 : 0.999668 0.000332
65 65 (0) 1 : 0.999659 0.000341
66 66 (0) 1 : 0.999626 0.000374
67 67 (0) 1 : 0.999657 0.000343
68 68 (0) 1 : 0.999579 0.000421
69 69 (0) 1 : 0.999564 0.000436
70 70 (0) 1 : 0.999688 0.000312
71 71 (0) 1 : 0.999611 0.000389
72 72 (0) 1 : 0.999643 0.000357
73 73 (0) 1 : 0.999657 0.000343
74 74 (0) 1 : 0.999780 0.000220
75 75 (0) 1 : 0.999881 0.000119
76 76 (0) 1 : 0.999527 0.000473
77 77 (0) 1 : 0.999619 0.000381
78 78 (0) 1 : 0.999634 0.000366
79 79 (0) 1 : 0.705423 0.294577
80 80 (0) 1 : 0.999750 0.000250
81 81 (0) 1 : 0.999738 0.000262
82 82 (0) 1 : 0.999695 0.000305
83 83 (0) 1 : 0.999457 0.000543
84 84 (0) 1 : 0.945509 0.054491
85 85 (0) 1 : 0.999779 0.000221
86 86 (0) 1 : 0.999770 0.000230
87 87 (0) 5 : 0.346220 0.653780
88 88 (0) 5 : 0.227375 0.772625
89 89 (0) 5 : 0.344380 0.655620
90 90 (0) 5 : 0.042625 0.957375
91 91 (0) 5 : 0.000990 0.999010
92 92 (0) 5 : 0.256953 0.743047
93 93 (0) 5 : 0.152991 0.847009
94 94 (0) 5 : 0.192371 0.807629
95 95 (0) 5 : 0.000716 0.999284
96 96 (0) 5 : 0.087002 0.912998
97 97 (0) 6 : 0.999669 0.000331
98 98 (0) 6 : 0.999680 0.000320
99 99 (0) 6 : 0.999670 0.000330
100 100 (0) 6 : 0.999767 0.000233
101 101 (0) 6 : 0.999764 0.000236
102 102 (0) 6 : 0.999778 0.000222
103 103 (0) 6 : 0.999673 0.000327
104 104 (0) 6 : 0.999653 0.000347
105 105 (0) 6 : 0.999565 0.000435
106 106 (0) 6 : 0.999603 0.000397
107 107 (0) 6 : 0.999630 0.000370
108 108 (0) 6 : 0.999634 0.000366
109 109 (0) 6 : 0.999563 0.000437
110 110 (0) 2 : 0.485439 0.514561
111 111 (0) 2 : 0.461766 0.538234
112 112 (0) 2 : 0.489424 0.510576
113 113 (0) 2 : 0.482804 0.517196
114 114 (0) 2 : 0.480909 0.519091
115 115 (0) 3 : 0.999593 0.000407
1 1 (0) 1 : 0.000393 0.999607
2 2 (0) 1 : 0.000351 0.999649
3 3 (0) 1 : 0.001369 0.998631
4 4 (0) 1 : 0.000377 0.999623
5 5 (0) 1 : 0.000379 0.999621
6 6 (0) 1 : 0.000416 0.999584
7 7 (0) 1 : 0.000373 0.999627
8 8 (0) 1 : 0.000241 0.999759
9 9 (0) 1 : 0.000230 0.999770
10 10 (0) 1 : 0.000302 0.999698
11 11 (0) 1 : 0.000353 0.999647
12 12 (0) 1 : 0.000212 0.999788
13 13 (0) 1 : 0.000329 0.999671
14 14 (0) 1 : 0.000333 0.999667
15 15 (0) 1 : 0.000329 0.999671
16 16 (0) 1 : 0.000354 0.999646
17 17 (0) 1 : 0.000376 0.999624
18 18 (0) 2 : 0.000456 0.999544
19 19 (0) 2 : 0.000757 0.999243
20 20 (0) 3 : 0.000280 0.999720
21 21 (0) 3 : 0.000267 0.999733
22 22 (0) 2 : 0.000439 0.999561
23 23 (0) 2 : 0.000386 0.999614
24 24 (0) 2 : 0.000483 0.999517
25 25 (0) 4 : 0.881046 0.118954
26 26 (0) 4 : 0.999645 0.000355
27 27 (0) 4 : 0.999470 0.000530
28 28 (0) 4 : 0.999597 0.000403
29 29 (0) 4 : 0.999447 0.000553
30 30 (0) 4 : 0.859481 0.140519
31 31 (0) 4 : 0.999551 0.000449
32 32 (0) 4 : 0.997177 0.002823
33 33 (0) 4 : 0.999620 0.000380
34 34 (0) 4 : 0.861306 0.138694
35 35 (0) 4 : 0.812064 0.187936
36 36 (0) 4 : 0.999722 0.000278
37 37 (0) 4 : 0.999709 0.000291
38 38 (0) 4 : 0.999610 0.000390
39 39 (0) 4 : 0.999663 0.000337
40 40 (0) 4 : 0.999722 0.000278
41 41 (0) 4 : 0.999586 0.000414
42 42 (0) 4 : 0.999563 0.000437
43 43 (0) 4 : 0.999512 0.000488
44 44 (0) 4 : 0.999425 0.000575
45 45 (0) 4 : 0.999597 0.000403
46 46 (0) 4 : 0.894992 0.105008
47 47 (0) 4 : 0.999544 0.000456
48 48 (0) 4 : 0.826787 0.173213
49 49 (0) 4 : 0.999638 0.000362
50 50 (0) 4 : 0.999610 0.000390
51 51 (0) 1 : 0.000226 0.999774
52 52 (0) 1 : 0.000260 0.999740
53 53 (0) 1 : 0.215964 0.784036
54 54 (0) 1 : 0.564184 0.435816
55 55 (0) 1 : 0.225270 0.774730
56 56 (0) 1 : 0.555978 0.444022
57 57 (0) 1 : 0.516592 0.483408
58 58 (0) 1 : 0.416649 0.583351
59 59 (0) 1 : 0.018623 0.981377
60 60 (0) 1 : 0.000334 0.999666
61 61 (0) 1 : 0.000205 0.999795
62 62 (0) 1 : 0.129629 0.870371
63 63 (0) 1 : 0.090088 0.909912
64 64 (0) 1 : 0.000331 0.999669
65 65 (0) 1 : 0.000337 0.999663
66 66 (0) 1 : 0.000369 0.999631
67 67 (0) 1 : 0.000339 0.999661
68 68 (0) 1 : 0.000413 0.999587
69 69 (0) 1 : 0.000443 0.999557
70 70 (0) 1 : 0.000315 0.999685
71 71 (0) 1 : 0.000390 0.999610
72 72 (0) 1 : 0.000363 0.999637
73 73 (0) 1 : 0.000333 0.999667
74 74 (0) 1 : 0.000216 0.999784
75 75 (0) 1 : 0.000204 0.999796
76 76 (0) 1 : 0.000479 0.999521
77 77 (0) 1 : 0.000386 0.999614
78 78 (0) 1 : 0.000359 0.999641
79 79 (0) 1 : 0.254354 0.745646
80 80 (0) 1 : 0.000229 0.999771
81 81 (0) 1 : 0.000231 0.999769
82 82 (0) 1 : 0.000260 0.999740
83 83 (0) 1 : 0.000418 0.999582
84 84 (0) 1 : 0.041556 0.958444
85 85 (0) 1 : 0.000218 0.999782
86 86 (0) 1 : 0.000220 0.999780
87 87 (0) 5 : 0.574827 0.425173
88 88 (0) 5 : 0.683900 0.316100
89 89 (0) 5 : 0.557274 0.442726
90 90 (0) 5 : 0.884495 0.115505
91 91 (0) 5 : 0.961924 0.038076
92 92 (0) 5 : 0.664895 0.335105
93 93 (0) 5 : 0.820343 0.179657
94 94 (0) 5 : 0.699240 0.300760
95 95 (0) 5 : 0.980766 0.019234
96 96 (0) 5 : 0.847296 0.152704
97 97 (0) 6 : 0.000333 0.999667
98 98 (0) 6 : 0.000310 0.999690
99 99 (0) 6 : 0.000321 0.999679
100 100 (0) 6 : 0.000232 0.999768
101 101 (0) 6 : 0.000233 0.999767
102 102 (0) 6 : 0.000220 0.999780
103 103 (0) 6 : 0.000331 0.999669
104 104 (0) 6 : 0.000350 0.999650
105 105 (0) 6 : 0.000596 0.999404
106 106 (0) 6 : 0.000427 0.999573
107 107 (0) 6 : 0.000387 0.999613
108 108 (0) 6 : 0.000367 0.999633
109 109 (0) 6 : 0.002144 0.997856
110 110 (0) 2 : 0.015709 0.984291
111 111 (0) 2 : 0.000490 0.999510
112 112 (0) 2 : 0.000624 0.999376
113 113 (0) 2 : 0.005085 0.994915
114 114 (0) 2 : 0.000619 0.999381
115 115 (0) 3 : 0.000245 0.999755
1 1 (0) 1 : 0.000398 0.999602
2 2 (0) 1 : 0.000367 0.999633
3 3 (0) 1 : 0.003285 0.996715
4 4 (0) 1 : 0.000382 0.999618
5 5 (0) 1 : 0.000385 0.999615
6 6 (0) 1 : 0.000455 0.999545
7 7 (0) 1 : 0.000376 0.999624
8 8 (0) 1 : 0.000245 0.999755
9 9 (0) 1 : 0.000232 0.999768
10 10 (0) 1 : 0.000308 0.999692
11 11 (0) 1 : 0.000357 0.999643
12 12 (0) 1 : 0.000140 0.999860
13 13 (0) 1 : 0.000334 0.999666
14 14 (0) 1 : 0.000333 0.999667
15 15 (0) 1 : 0.000333 0.999667
16 16 (0) 1 : 0.000354 0.999646
17 17 (0) 1 : 0.000378 0.999622
18 18 (0) 2 : 0.593843 0.406157
19 19 (0) 2 : 0.562486 0.437514
20 20 (0) 3 : 0.000374 0.999626
21 21 (0) 3 : 0.000364 0.999636
22 22 (0) 2 : 0.592591 0.407409
23 23 (0) 2 : 0.613026 0.386974
24 24 (0) 2 : 0.576756 0.423244
25 25 (0) 4 : 0.912871 0.087129
26 26 (0) 4 : 0.999690 0.000310
27 27 (0) 4 : 0.999480 0.000520
28 28 (0) 4 : 0.999601 0.000399
29 29 (0) 4 : 0.999492 0.000508
30 30 (0) 4 : 0.905447 0.094553
31 31 (0) 4 : 0.999539 0.000461
32 32 (0) 4 : 0.999219 0.000781
33 33 (0) 4 : 0.999629 0.000371
34 34 (0) 4 : 0.956432 0.043568
35 35 (0) 4 : 0.899996 0.100004
36 36 (0) 4 : 0.999720 0.000280
37 37 (0) 4 : 0.999721 0.000279
38 38 (0) 4 : 0.999609 0.000391
39 39 (0) 4 : 0.999683 0.000317
40 40 (0) 4 : 0.999729 0.000271
41 41 (0) 4 : 0.999591 0.000409
42 42 (0) 4 : 0.999579 0.000421
43 43 (0) 4 : 0.999548 0.000452
44 44 (0) 4 : 0.999449 0.000551
45 45 (0) 4 : 0.999608 0.000392
46 46 (0) 4 : 0.972770 0.027230
47 47 (0) 4 : 0.999588 0.000412
48 48 (0) 4 : 0.877177 0.122823
49 49 (0) 4 : 0.999637 0.000363
50 50 (0) 4 : 0.999620 0.000380
51 51 (0) 1 : 0.000250 0.999750
52 52 (0) 1 : 0.000270 0.999730
53 53 (0) 1 : 0.279973 0.720027
54 54 (0) 1 : 0.633933 0.366067
55 55 (0) 1 : 0.236024 0.763976
56 56 (0) 1 : 0.601620 0.398380
57 57 (0) 1 : 0.556005 0.443995
58 58 (0) 1 : 0.432104 0.567896
59 59 (0) 1 : 0.040062 0.959938
60 60 (0) 1 : 0.000339 0.999661
61 61 (0) 1 : 0.000208 0.999792
62 62 (0) 1 : 0.170405 0.829595
63 63 (0) 1 : 0.116734 0.883266
64 64 (0) 1 : 0.000332 0.999668
65 65 (0) 1 : 0.000341 0.999659
66 66 (0) 1 : 0.000374 0.999626
67 67 (0) 1 : 0.000343 0.999657
68 68 (0) 1 : 0.000421 0.999579
69 69 (0) 1 : 0.000436 0.999564
70 70 (0) 1 : 0.000312 0.999688
71 71 (0) 1 : 0.000389 0.999611
72 72 (0) 1 : 0.000357 0.999643
73 73 (0) 1 : 0.000343 0.999657
74 74 (0) 1 : 0.000220 0.999780
75 75 (0) 1 : 0.000207 0.999793
76 76 (0) 1 : 0.000473 0.999527
77 77 (0) 1 : 0.000381 0.999619
78 78 (0) 1 : 0.000366 0.999634
79 79 (0) 1 : 0.294069 0.705931
80 80 (0) 1 : 0.000250 0.999750
81 81 (0) 1 : 0.000261 0.999739
82 82 (0) 1 : 0.000305 0.999695
83 83 (0) 1 : 0.000543 0.999457
84 84 (0) 1 : 0.054221 0.945779
85 85 (0) 1 : 0.000220 0.999780
86 86 (0) 1 : 0.000229 0.999771
87 87 (0) 5 : 0.652246 0.347754
88 88 (0) 5 : 0.771059 0.228941
89 89 (0) 5 : 0.653979 0.346021
90 90 (0) 5 : 0.956059 0.043941
91 91 (0) 5 : 0.998980 0.001020
92 92 (0) 5 : 0.741662 0.258338
93 93 (0) 5 : 0.845860 0.154140
94 94 (0) 5 : 0.806076 0.193924
95 95 (0) 5 : 0.999278 0.000722
96 96 (0) 5 : 0.911897 0.088103
97 97 (0) 6 : 0.000331 0.999669
98 98 (0) 6 : 0.000320 0.999680
99 99 (0) 6 : 0.000330 0.999670
100 100 (0) 6 : 0.000233 0.999767
101 101 (0) 6 : 0.000236 0.999764
102 102 (0) 6 : 0.000222 0.999778
103 103 (0) 6 : 0.000327 0.999673
104 104 (0) 6 : 0.000347 0.999653
105 105 (0) 6 : 0.000435 0.999565
106 106 (0) 6 : 0.000397 0.999603
107 107 (0) 6 : 0.000369 0.999631
108 108 (0) 6 : 0.000366 0.999634
109 109 (0) 6 : 0.000437 0.999563
110 110 (0) 2 : 0.513436 0.486564
111 111 (0) 2 : 0.536895 0.463105
112 112 (0) 2 : 0.509511 0.490489
113 113 (0) 2 : 0.516024 0.483976
114 114 (0) 2 : 0.517885 0.482115
115 115 (0) 3 : 0.000404 0.999596
1 1 (0) 1 : 0.000393 0.999607
2 2 (0) 1 : 0.000351 0.999649
3 3 (0) 1 : 0.001452 0.998548
4 4 (0) 1 : 0.000377 0.999623
5 5 (0) 1 : 0.000379 0.999621
6 6 (0) 1 : 0.000416 0.999584
7 7 (0) 1 : 0.000373 0.999627
8 8 (0) 1 : 0.000241 0.999759
9 9 (0) 1 : 0.000230 0.999770
10 10 (0) 1 : 0.000302 0.999698
11 11 (0) 1 : 0.000353 0.999647
12 12 (0) 1 : 0.000245 0.999755
13 13 (0) 1 : 0.000329 0.999671
14 14 (0) 1 : 0.000333 0.999667
15 15 (0) 1 : 0.000329 0.999671
16 16 (0) 1 : 0.000354 0.999646
17 17 (0) 1 : 0.000376 0.999624
18 18 (0) 2 : 0.000455 0.999545
19 19 (0) 2 : 0.000755 0.999245
20 20 (0) 3 : 0.000280 0.999720
21 21 (0) 3 : 0.000267 0.999733
22 22 (0) 2 : 0.000439 0.999561
23 23 (0) 2 : 0.000386 0.999614
24 24 (0) 2 : 0.000481 0.999519
25 25 (0) 4 : 0.881568 0.118432
26 26 (0) 4 : 0.999647 0.000353
27 27 (0) 4 : 0.999470 0.000530
28 28 (0) 4 : 0.999597 0.000403
29 29 (0) 4 : 0.999447 0.000553
30 30 (0) 4 : 0.860007 0.139993
31 31 (0) 4 : 0.999552 0.000448
32 32 (0) 4 : 0.997555 0.002445
33 33 (0) 4 : 0.999620 0.000380
34 34 (0) 4 : 0.861962 0.138038
35 35 (0) 4 : 0.812716 0.187284
36 36 (0) 4 : 0.999722 0.000278
37 37 (0) 4 : 0.999709 0.000291
38 38 (0) 4 : 0.999610 0.000390
39 39 (0) 4 : 0.999663 0.000337
40 40 (0) 4 : 0.999722 0.000278
41 41 (0) 4 : 0.999586 0.000414
42 42 (0) 4 : 0.999564 0.000436
43 43 (0) 4 : 0.999513 0.000487
44 44 (0) 4 : 0.999426 0.000574
45 45 (0) 4 : 0.999598 0.000402
46 46 (0) 4 : 0.895608 0.104392
47 47 (0) 4 : 0.999545 0.000455
48 48 (0) 4 : 0.827236 0.172764
49 49 (0) 4 : 0.999638 0.000362
50 50 (0) 4 : 0.999611 0.000389
51 51 (0) 1 : 0.000226 0.999774
52 52 (0) 1 : 0.000260 0.999740
53 53 (0) 1 : 0.216154 0.783846
54 54 (0) 1 : 0.564571 0.435429
55 55 (0) 1 : 0.225517 0.774483
56 56 (0) 1 : 0.556287 0.443713
57 57 (0) 1 : 0.516921 0.483079
58 58 (0) 1 : 0.416999 0.583001
59 59 (0) 1 : 0.018579 0.981421
60 60 (0) 1 : 0.000334 0.999666
61 61 (0) 1 : 0.000205 0.999795
62 62 (0) 1 : 0.129753 0.870247
63 63 (0) 1 : 0.090185 0.909815
64 64 (0) 1 : 0.000331 0.999669
65 65 (0) 1 : 0.000337 0.999663
66 66 (0) 1 : 0.000369 0.999631
67 67 (0) 1 : 0.000339 0.999661
68 68 (0) 1 : 0.000413 0.999587
69 69 (0) 1 : 0.000443 0.999557
70 70 (0) 1 : 0.000315 0.999685
71 71 (0) 1 : 0.000390 0.999610
72 72 (0) 1 : 0.000363 0.999637
73 73 (0) 1 : 0.000333 0.999667
74 74 (0) 1 : 0.000216 0.999784
75 75 (0) 1 : 0.000122 0.999878
76 76 (0) 1 : 0.000479 0.999521
77 77 (0) 1 : 0.000386 0.999614
78 78 (0) 1 : 0.000359 0.999641
79 79 (0) 1 : 0.254609 0.745391
80 80 (0) 1 : 0.000229 0.999771
81 81 (0) 1 : 0.000231 0.999769
82 82 (0) 1 : 0.000260 0.999740
83 83 (0) 1 : 0.000419 0.999581
84 84 (0) 1 : 0.041590 0.958410
85 85 (0) 1 : 0.000218 0.999782
86 86 (0) 1 : 0.000220 0.999780
87 87 (0) 5 : 0.575700 0.424300
88 88 (0) 5 : 0.684589 0.315411
89 89 (0) 5 : 0.557920 0.442080
90 90 (0) 5 : 0.886868 0.113132
91 91 (0) 5 : 0.967986 0.032014
92 92 (0) 5 : 0.665501 0.334499
93 93 (0) 5 : 0.821225 0.178775
94 94 (0) 5 : 0.700610 0.299390
95 95 (0) 5 : 0.988421 0.011579
96 96 (0) 5 : 0.848758 0.151242
97 97 (0) 6 : 0.000334 0.999666
98 98 (0) 6 : 0.000310 0.999690
99 99 (0) 6 : 0.000321 0.999679
100 100 (0) 6 : 0.000232 0.999768
101 101 (0) 6 : 0.000233 0.999767
102 102 (0) 6 : 0.000220 0.999780
103 103 (0) 6 : 0.000332 0.999668
104 104 (0) 6 : 0.000350 0.999650
105 105 (0) 6 : 0.000599 0.999401
106 106 (0) 6 : 0.000427 0.999573
107 107 (0) 6 : 0.000388 0.999612
108 108 (0) 6 : 0.000368 0.999632
109 109 (0) 6 : 0.003472 0.996528
110 110 (0) 2 : 0.015599 0.984401
111 111 (0) 2 : 0.000489 0.999511
112 112 (0) 2 : 0.000624 0.999376
113 113 (0) 2 : 0.003318 0.996682
114 114 (0) 2 : 0.000618 0.999382
115 115 (0) 3 : 0.000245 0.999755
1 1 (0) 1 : 0.000393 0.999607
2 2 (0) 1 : 0.000351 0.999649
3 3 (0) 1 : 0.001382 0.998618
4 4 (0) 1 : 0.000377 0.999623
5 5 (0) 1 : 0.000379 0.999621
6 6 (0) 1 : 0.000416 0.999584
7 7 (0) 1 : 0.000373 0.999627
8 8 (0) 1 : 0.000241 0.999759
9 9 (0) 1 : 0.000229 0.999771
10 10 (0) 1 : 0.000302 0.999698
11 11 (0) 1 : 0.000353 0.999647
12 12 (0) 1 : 0.000245 0.999755
13 13 (0) 1 : 0.000329 0.999671
14 14 (0) 1 : 0.000333 0.999667
15 15 (0) 1 : 0.000329 0.999671
16 16 (0) 1 : 0.000354 0.999646
17 17 (0) 1 : 0.000376 0.999624
18 18 (0) 2 : 0.000454 0.999546
19 19 (0) 2 : 0.000750 0.999250
20 20 (0) 3 : 0.000279 0.999721
21 21 (0) 3 : 0.000267 0.999733
22 22 (0) 2 : 0.000439 0.999561
23 23 (0) 2 : 0.000385 0.999615
24 24 (0) 2 : 0.000479 0.999521
25 25 (0) 4 : 0.880477 0.119523
26 26 (0) 4 : 0.999644 0.000356
27 27 (0) 4 : 0.999470 0.000530
28 28 (0) 4 : 0.999597 0.000403
29 29 (0) 4 : 0.999446 0.000554
30 30 (0) 4 : 0.859232 0.140768
31 31 (0) 4 : 0.999551 0.000449
32 32 (0) 4 : 0.997124 0.002876
33 33 (0) 4 : 0.999620 0.000380
34 34 (0) 4 : 0.860409 0.139591
35 35 (0) 4 : 0.811128 0.188872
36 36 (0) 4 : 0.999722 0.000278
37 37 (0) 4 : 0.999709 0.000291
38 38 (0) 4 : 0.999610 0.000390
39 39 (0) 4 : 0.999662 0.000338
40 40 (0) 4 : 0.999722 0.000278
41 41 (0) 4 : 0.999586 0.000414
42 42 (0) 4 : 0.999563 0.000437
43 43 (0) 4 : 0.999512 0.000488
44 44 (0) 4 : 0.999425 0.000575
45 45 (0) 4 : 0.999597 0.000403
46 46 (0) 4 : 0.894735 0.105265
47 47 (0) 4 : 0.999544 0.000456
48 48 (0) 4 : 0.826382 0.173618
49 49 (0) 4 : 0.999638 0.000362
50 50 (0) 4 : 0.999610 0.000390
51 51 (0) 1 : 0.000226 0.999774
52 52 (0) 1 : 0.000260 0.999740
53 53 (0) 1 : 0.215701 0.784299
54 54 (0) 1 : 0.563819 0.436181
55 55 (0) 1 : 0.224970 0.775030
56 56 (0) 1 : 0.555655 0.444345
57 57 (0) 1 : 0.516247 0.483753
58 58 (0) 1 : 0.416408 0.583592
59 59 (0) 1 : 0.018526 0.981474
60 60 (0) 1 : 0.000333 0.999667
61 61 (0) 1 : 0.000192 0.999808
62 62 (0) 1 : 0.129556 0.870444
63 63 (0) 1 : 0.090058 0.909942
64 64 (0) 1 : 0.000331 0.999669
65 65 (0) 1 : 0.000337 0.999663
66 66 (0) 1 : 0.000369 0.999631
67 67 (0) 1 : 0.000339 0.999661
68 68 (0) 1 : 0.000413 0.999587
69 69 (0) 1 : 0.000443 0.999557
70 70 (0) 1 : 0.000315 0.999685
71 71 (0) 1 : 0.000390 0.999610
72 72 (0) 1 : 0.000363 0.999637
73 73 (0) 1 : 0.000333 0.999667
74 74 (0) 1 : 0.000216 0.999784
75 75 (0) 1 : 0.000204 0.999796
76 76 (0) 1 : 0.000479 0.999521
77 77 (0) 1 : 0.000386 0.999614
78 78 (0) 1 : 0.000359 0.999641
79 79 (0) 1 : 0.254053 0.745947
80 80 (0) 1 : 0.000229 0.999771
81 81 (0) 1 : 0.000231 0.999769
82 82 (0) 1 : 0.000260 0.999740
83 83 (0) 1 : 0.000418 0.999582
84 84 (0) 1 : 0.041346 0.958654
85 85 (0) 1 : 0.000218 0.999782
86 86 (0) 1 : 0.000220 0.999780
87 87 (0) 5 : 0.574143 0.425857
88 88 (0) 5 : 0.683228 0.316772
89 89 (0) 5 : 0.556588 0.443412
90 90 (0) 5 : 0.883971 0.116029
91 91 (0) 5 : 0.961375 0.038625
92 92 (0) 5 : 0.664318 0.335682
93 93 (0) 5 : 0.819888 0.180112
94 94 (0) 5 : 0.698595 0.301405
95 95 (0) 5 : 0.980215 0.019785
96 96 (0) 5 : 0.846792 0.153208
97 97 (0) 6 : 0.000333 0.999667
98 98 (0) 6 : 0.000310 0.999690
99 99 (0) 6 : 0.000321 0.999679
100 100 (0) 6 : 0.000232 0.999768
101 101 (0) 6 : 0.000233 0.999767
102 102 (0) 6 : 0.000220 0.999780
103 103 (0) 6 : 0.000331 0.999669
104 104 (0) 6 : 0.000350 0.999650
105 105 (0) 6 : 0.000600 0.999400
106 106 (0) 6 : 0.000427 0.999573
107 107 (0) 6 : 0.000387 0.999613
108 108 (0) 6 : 0.000367 0.999633
109 109 (0) 6 : 0.003386 0.996614
110 110 (0) 2 : 0.015438 0.984562
111 111 (0) 2 : 0.000489 0.999511
112 112 (0) 2 : 0.000622 0.999378
113 113 (0) 2 : 0.002613 0.997387
114 114 (0) 2 : 0.000616 0.999384
115 115 (0) 3 : 0.000245 0.999755
