1 1 (0) 1 : 0.999740 0.000029 0.000029 0.000029 0.000029 0.000029 0.000029 0.000029 0.000029 0.000029
2 2 (0) 1 : 0.999752 0.000028 0.000028 0.000028 0.000028 0.000028 0.000028 0.000028 0.000028 0.000028
3 3 (0) 1 : 0.999737 0.000029 0.000029 0.000029 0.000029 0.000029 0.000029 0.000029 0.000029 0.000029
4 4 (0) 1 : 0.999735 0.000029 0.000029 0.000029 0.000029 0.000029 0.000029 0.000029 0.000029 0.000029
5 5 (0) 1 : 0.999723 0.000031 0.000031 0.000031 0.000031 0.000031 0.000031 0.000031 0.000031 0.000031
6 6 (0) 1 : 0.999734 0.000030 0.000030 0.000030 0.000030 0.000030 0.000030 0.000030 0.000030 0.000030
7 7 (0) 1 : 0.999713 0.000032 0.000032 0.000032 0.000032 0.000032 0.000032 0.000032 0.000032 0.000032
8 8 (0) 1 : 0.999798 0.000022 0.000022 0.000022 0.000022 0.000022 0.000022 0.000022 0.000022 0.000022
9 9 (0) 1 : 0.999811 0.000021 0.000021 0.000021 0.000021 0.000021 0.000021 0.000021 0.000021 0.000021
10 10 (0) 1 : 0.999779 0.000025 0.000025 0.000025 0.000025 0.000025 0.000025 0.000025 0.000025 0.000025
11 11 (0) 1 : 0.999741 0.000029 0.000029 0.000029 0.000029 0.000029 0.000029 0.000029 0.000029 0.000029
12 12 (0) 1 : 0.999787 0.000024 0.000024 0.000024 0.000024 0.000024 0.000024 0.000024 0.000024 0.000024
13 13 (0) 1 : 0.999747 0.000028 0.000028 0.000028 0.000028 0.000028 0.000028 0.000028 0.000028 0.000028
14 14 (0) 1 : 0.999744 0.000028 0.000028 0.000028 0.000028 0.000028 0.000028 0.000028 0.000028 0.000028
15 15 (0) 1 : 0.999743 0.000029 0.000029 0.000029 0.000029 0.000029 0.000029 0.000029 0.000029 0.000029
16 16 (0) 1 : 0.999729 0.000030 0.000030 0.000030 0.000030 0.000030 0.000030 0.000030 0.000030 0.000030
17 17 (0) 1 : 0.999706 0.000033 0.000033 0.000033 0.000033 0.000033 0.000033 0.000033 0.000033 0.000033
18 18 (0) 2 : 0.000022 0.000022 0.999801 0.000022 0.000022 0.000022 0.000022 0.000022 0.000022 0.000022
19 19 (0) 2 : 0.000029 0.000029 0.999743 0.000029 0.000029 0.000029 0.000029 0.000029 0.000029 0.000029
20 20 (0) 3 : 0.999797 0.000023 0.000023 0.000023 0.000023 0.000023 0.000023 0.000023 0.000023 0.000023
21 21 (0) 3 : 0.999788 0.000024 0.000024 0.000024 0.000024 0.000024 0.000024 0.000024 0.000024 0.000024
22 22 (0) 2 : 0.000029 0.000029 0.999737 0.000029 0.000029 0.000029 0.000029 0.000029 0.000029 0.000029
23 23 (0) 2 : 0.000023 0.000023 0.999797 0.000023 0.000023 0.000023 0.000023 0.000023 0.000023 0.000023
24 24 (0) 2 : 0.000022 0.000022 0.999805 0.000022 0.000022 0.000022 0.000022 0.000022 0.000022 0.000022
25 25 (0) 4 : 0.050118 0.000026 0.000026 0.000026 0.000026 0.000026 0.000026 0.949674 0.000026 0.000026
26 26 (0) 4 : 0.000023 0.000023 0.000023 0.000023 0.000023 0.000023 0.000023 0.999795 0.000023 0.000023
27 27 (0) 4 : 0.000033 0.000033 0.000033 0.000033 0.000033 0.000033 0.000033 0.999699 0.000033 0.000033
28 28 (0) 4 : 0.000029 0.000029 0.000029 0.000029 0.000029 0.000029 0.000029 0.999735 0.000029 0.000029
29 29 (0) 4 : 0.000035 0.000035 0.000035 0.000035 0.000035 0.000035 0.000035 0.999689 0.000035 0.000035
30 30 (0) 4 : 0.000039 0.000039 0.000039 0.000039 0.000039 0.000039 0.000039 0.999653 0.000039 0.000039
31 31 (0) 4 : 0.000032 0.000032 0.000032 0.000032 0.000032 0.000032 0.000032 0.999716 0.000032 0.000032
32 32 (0) 4 : 0.000033 0.000033 0.000033 0.000033 0.000033 0.000033 0.000033 0.999704 0.000033 0.000033
33 33 (0) 4 : 0.000028 0.000028 0.000028 0.000028 0.000028 0.000028 0.000028 0.999746 0.000028 0.000028
34 34 (0) 4 : 0.000022 0.000022 0.000022 0.000022 0.000022 0.000022 0.000022 0.999805 0.000022 0.000022
35 35 (0) 4 : 0.069323 0.000021 0.000021 0.000021 0.000021 0.000021 0.000021 0.930510 0.000021 0.000021
36 36 (0) 4 : 0.000021 0.000021 0.000021 0.000021 0.000021 0.000021 0.000021 0.999812 0.000021 0.000021
37 37 (0) 4 : 0.000021 0.000021 0.000021 0.000021 0.000021 0.000021 0.000021 0.999809 0.000021 0.000021
38 38 (0) 4 : 0.000027 0.000027 0.000027 0.000027 0.000027 0.000027 0.000027 0.999758 0.000027 0.000027
39 39 (0) 4 : 0.000022 0.000022 0.000022 0.000022 0.000022 0.000022 0.000022 0.999799 0.000022 0.000022
40 40 (0) 4 : 0.000021 0.000021 0.000021 0.000021 0.000021 0.000021 0.000021 0.999812 0.000021 0.000021
41 41 (0) 4 : 0.000030 0.000030 0.000030 0.000030 0.000030 0.000030 0.000030 0.999733 0.000030 0.000030
42 42 (0) 4 : 0.000029 0.000029 0.000029 0.000029 0.000029 0.000029 0.000029 0.999741 0.000029 0.000029
43 43 (0) 4 : 0.000030 0.000030 0.000030 0.000030 0.000030 0.000030 0.000030 0.999729 0.000030 0.000030
44 44 (0) 4 : 0.000029 0.000029 0.000029 0.000029 0.000029 0.000029 0.000029 0.999740 0.000029 0.000029
45 45 (0) 4 : 0.000029 0.000029 0.000029 0.000029 0.000029 0.000029 0.000029 0.999737 0.000029 0.000029
46 46 (0) 4 : 0.050199 0.000029 0.000029 0.000029 0.000029 0.000029 0.000029 0.949569 0.000029 0.000029
47 47 (0) 4 : 0.000030 0.000030 0.000030 0.000030 0.000030 0.000030 0.000030 0.999729 0.000030 0.000030
48 48 (0) 4 : 0.000029 0.000029 0.000029 0.000029 0.000029 0.000029 0.000029 0.999743 0.000029 0.000029
49 49 (0) 4 : 0.000028 0.000028 0.000028 0.000028 0.000028 0.000028 0.000028 0.999749 0.000028 0.000028
50 50 (0) 4 : 0.000029 0.000029 0.000029 0.000029 0.000029 0.000029 0.000029 0.999742 0.000029 0.000029
51 51 (0) 1 : 0.999829 0.000019 0.000019 0.000019 0.000019 0.000019 0.000019 0.000019 0.000019 0.000019
52 52 (0) 1 : 0.999819 0.000020 0.000020 0.000020 0.000020 0.000020 0.000020 0.000020 0.000020 0.000020
53 53 (0) 1 : 0.780871 0.000032 0.000032 0.000032 0.000032 0.000032 0.000032 0.218873 0.000032 0.000032
54 54 (0) 1 : 0.395361 0.000022 0.000022 0.000022 0.000022 0.000022 0.000022 0.604461 0.000022 0.000022
55 55 (0) 1 : 0.780843 0.000034 0.000034 0.000034 0.000034 0.000034 0.000034 0.218882 0.000034 0.000034
56 56 (0) 1 : 0.424031 0.000022 0.000022 0.000022 0.000022 0.000022 0.000022 0.575797 0.000022 0.000022
57 57 (0) 1 : 0.465792 0.000021 0.000021 0.000021 0.000021 0.000021 0.000021 0.534044 0.000021 0.000021
58 58 (0) 1 : 0.584209 0.000028 0.000028 0.000028 0.000028 0.000028 0.000028 0.415568 0.000028 0.000028
59 59 (0) 1 : 0.999757 0.000027 0.000027 0.000027 0.000027 0.000027 0.000027 0.000027 0.000027 0.000027
60 60 (0) 1 : 0.999750 0.000028 0.000028 0.000028 0.000028 0.000028 0.000028 0.000028 0.000028 0.000028
61 61 (0) 1 : 0.999824 0.000019 0.000020 0.000020 0.000019 0.000019 0.000019 0.000020 0.000019 0.000019
62 62 (0) 1 : 0.859063 0.000025 0.000025 0.000025 0.000025 0.000025 0.000025 0.140739 0.000025 0.000025
63 63 (0) 1 : 0.905716 0.000026 0.000026 0.000026 0.000026 0.000026 0.000026 0.094076 0.000026 0.000026
64 64 (0) 1 : 0.999741 0.000029 0.000029 0.000029 0.000029 0.000029 0.000029 0.000029 0.000029 0.000029
65 65 (0) 1 : 0.999745 0.000028 0.000028 0.000028 0.000028 0.000028 0.000028 0.000028 0.000028 0.000028
66 66 (0) 1 : 0.999717 0.000031 0.000031 0.000031 0.000031 0.000031 0.000031 0.000031 0.000031 0.000031
67 67 (0) 1 : 0.999751 0.000028 0.000028 0.000028 0.000028 0.000028 0.000028 0.000028 0.000028 0.000028
68 68 (0) 1 : 0.999711 0.000032 0.000032 0.000032 0.000032 0.000032 0.000032 0.000032 0.000032 0.000032
69 69 (0) 1 : 0.999691 0.000034 0.000034 0.000034 0.000034 0.000034 0.000034 0.000034 0.000034 0.000034
70 70 (0) 1 : 0.999765 0.000026 0.000026 0.000026 0.000026 0.000026 0.000026 0.000026 0.000026 0.000026
71 71 (0) 1 : 0.999724 0.000031 0.000031 0.000031 0.000031 0.000031 0.000031 0.000031 0.000031 0.000031
72 72 (0) 1 : 0.999731 0.000030 0.000030 0.000030 0.000030 0.000030 0.000030 0.000030 0.000030 0.000030
73 73 (0) 1 : 0.999749 0.000028 0.000028 0.000028 0.000028 0.000028 0.000028 0.000028 0.000028 0.000028
74 74 (0) 1 : 0.999822 0.000020 0.000020 0.000020 0.000020 0.000020 0.000020 0.000020 0.000020 0.000020
75 75 (0) 1 : 0.999824 0.000020 0.000020 0.000020 0.000020 0.000020 0.000020 0.000020 0.000020 0.000020
76 76 (0) 1 : 0.999654 0.000038 0.000038 0.000038 0.000038 0.000038 0.000038 0.000038 0.000038 0.000038
77 77 (0) 1 : 0.999730 0.000030 0.000030 0.000030 0.000030 0.000030 0.000030 0.000030 0.000030 0.000030
78 78 (0) 1 : 0.999733 0.000030 0.000030 0.000030 0.000030 0.000030 0.000030 0.000030 0.000030 0.000030
79 79 (0) 1 : 0.746193 0.000025 0.000025 0.000025 0.000025 0.000025 0.000025 0.253610 0.000025 0.000025
80 80 (0) 1 : 0.999825 0.000019 0.000019 0.000019 0.000019 0.000019 0.000019 0.000019 0.000019 0.000019
81 81 (0) 1 : 0.999825 0.000019 0.000019 0.000019 0.000019 0.000019 0.000019 0.000019 0.000019 0.000019
82 82 (0) 1 : 0.999804 0.000022 0.000022 0.000022 0.000022 0.000022 0.000022 0.000022 0.000022 0.000022
83 83 (0) 1 : 0.895486 0.000028 0.000028 0.104289 0.000028 0.000028 0.000028 0.000028 0.000028 0.000028
84 84 (0) 1 : 0.999654 0.000038 0.000038 0.000038 0.000038 0.000038 0.000038 0.000038 0.000038 0.000038
85 85 (0) 1 : 0.999821 0.000020 0.000020 0.000020 0.000020 0.000020 0.000020 0.000020 0.000020 0.000020
86 86 (0) 1 : 0.999824 0.000020 0.000020 0.000020 0.000020 0.000020 0.000020 0.000020 0.000020 0.000020
87 87 (0) 5 : 0.342678 0.000030 0.000030 0.000030 0.000030 0.000030 0.000030 0.657080 0.000030 0.000030
88 88 (0) 5 : 0.000026 0.000026 0.000026 0.000026 0.000026 0.000026 0.000026 0.999765 0.000026 0.000026
89 89 (0) 5 : 0.350833 0.000020 0.000020 0.000020 0.000020 0.000020 0.000020 0.649003 0.000020 0.000020
90 90 (0) 5 : 0.000030 0.000030 0.000030 0.000030 0.000030 0.000030 0.000030 0.999730 0.000030 0.000030
91 91 (0) 5 : 0.000029 0.000029 0.000029 0.000029 0.000029 0.000029 0.000029 0.999743 0.000029 0.000029
92 92 (0) 5 : 0.243457 0.000023 0.000023 0.000023 0.000023 0.000023 0.000023 0.756360 0.000023 0.000023
93 93 (0) 5 : 0.000032 0.000032 0.000032 0.000032 0.000032 0.000032 0.000032 0.999710 0.000032 0.000032
94 94 (0) 5 : 0.195999 0.000024 0.000024 0.000024 0.000024 0.000024 0.000024 0.803809 0.000024 0.000024
95 95 (0) 5 : 0.000031 0.000031 0.000031 0.000031 0.000031 0.000031 0.000031 0.999722 0.000031 0.000031
96 96 (0) 5 : 0.000027 0.000027 0.000027 0.000027 0.000027 0.000027 0.000027 0.999753 0.000027 0.000027
97 97 (0) 6 : 0.000027 0.000027 0.000027 0.999754 0.000027 0.000027 0.000027 0.000027 0.000027 0.000027
98 98 (0) 6 : 0.000026 0.000026 0.000026 0.999764 0.000026 0.000026 0.000026 0.000026 0.000026 0.000026
99 99 (0) 6 : 0.000026 0.000026 0.000026 0.999762 0.000026 0.000026 0.000026 0.000026 0.000026 0.000026
100 100 (0) 6 : 0.000021 0.000021 0.000021 0.999808 0.000021 0.000021 0.000021 0.000021 0.000021 0.000021
101 101 (0) 6 : 0.725125 0.000021 0.000021 0.274704 0.000021 0.000021 0.000021 0.000021 0.000021 0.000021
102 102 (0) 6 : 0.000020 0.000020 0.000020 0.999819 0.000020 0.000020 0.000020 0.000020 0.000020 0.000020
103 103 (0) 6 : 0.000027 0.000027 0.000027 0.999758 0.000027 0.000027 0.000027 0.000027 0.000027 0.000027
104 104 (0) 6 : 0.000028 0.000028 0.000028 0.999745 0.000028 0.000028 0.000028 0.000028 0.000028 0.000028
105 105 (0) 6 : 0.000028 0.000028 0.000028 0.999749 0.000028 0.000028 0.000028 0.000028 0.000028 0.000028
106 106 (0) 6 : 0.000031 0.000031 0.000031 0.999718 0.000031 0.000031 0.000031 0.000031 0.000031 0.000031
107 107 (0) 6 : 0.000028 0.000028 0.000028 0.999748 0.000028 0.000028 0.000028 0.000028 0.000028 0.000028
108 108 (0) 6 : 0.000029 0.000029 0.000029 0.999735 0.000029 0.000029 0.000029 0.000029 0.000029 0.000029
109 109 (0) 6 : 0.000029 0.000029 0.000029 0.999740 0.000029 0.000029 0.000029 0.000029 0.000029 0.000029
110 110 (0) 2 : 0.000022 0.000022 0.999800 0.000022 0.000022 0.000022 0.000022 0.000022 0.000022 0.000022
111 111 (0) 2 : 0.000029 0.000029 0.999742 0.000029 0.000029 0.000029 0.000029 0.000029 0.000029 0.000029
112 112 (0) 2 : 0.000029 0.000029 0.999739 0.000029 0.000029 0.000029 0.000029 0.000029 0.000029 0.000029
113 113 (0) 2 : 0.000027 0.000027 0.999761 0.000027 0.000027 0.000027 0.000027 0.000027 0.000027 0.000027
114 114 (0) 2 : 0.000028 0.000028 0.999751 0.000028 0.000028 0.000028 0.000028 0.000028 0.000028 0.000028
115 115 (0) 3 : 0.999822 0.000020 0.000020 0.000020 0.000020 0.000020 0.000020 0.000020 0.000020 0.000020
1 1 (0) 1 : 0.000029 0.000029 0.000029 0.000029 0.999740 0.000029 0.000029 0.000029 0.000029 0.000029
2 2 (0) 1 : 0.000028 0.000028 0.000028 0.000028 0.999752 0.000028 0.000028 0.000028 0.000028 0.000028
3 3 (0) 1 : 0.000029 0.000029 0.000029 0.000029 0.999737 0.000029 0.000029 0.000029 0.000029 0.000029
4 4 (0) 1 : 0.000029 0.000029 0.000029 0.000029 0.999735 0.000029 0.000029 0.000029 0.000029 0.000029
5 5 (0) 1 : 0.000031 0.000031 0.000031 0.000031 0.999723 0.000031 0.000031 0.000031 0.000031 0.000031
6 6 (0) 1 : 0.000030 0.000030 0.000030 0.000030 0.999734 0.000030 0.000030 0.000030 0.000030 0.000030
7 7 (0) 1 : 0.000032 0.000032 0.000032 0.000032 0.999713 0.000032 0.000032 0.000032 0.000032 0.000032
8 8 (0) 1 : 0.000022 0.000022 0.000022 0.000022 0.999798 0.000022 0.000022 0.000022 0.000022 0.000022
9 9 (0) 1 : 0.000021 0.000021 0.000021 0.000021 0.999811 0.000021 0.000021 0.000021 0.000021 0.000021
10 10 (0) 1 : 0.000025 0.000025 0.000025 0.000025 0.999779 0.000025 0.000025 0.000025 0.000025 0.000025
11 11 (0) 1 : 0.000029 0.000029 0.000029 0.000029 0.999741 0.000029 0.000029 0.000029 0.000029 0.000029
12 12 (0) 1 : 0.000024 0.000024 0.000024 0.000024 0.999787 0.000024 0.000024 0.000024 0.000024 0.000024
13 13 (0) 1 : 0.000028 0.000028 0.000028 0.000028 0.999747 0.000028 0.000028 0.000028 0.000028 0.000028
14 14 (0) 1 : 0.000028 0.000028 0.000028 0.000028 0.999744 0.000028 0.000028 0.000028 0.000028 0.000028
15 15 (0) 1 : 0.000029 0.000029 0.000029 0.000029 0.999743 0.000029 0.000029 0.000029 0.000029 0.000029
16 16 (0) 1 : 0.000030 0.000030 0.000030 0.000030 0.999729 0.000030 0.000030 0.000030 0.000030 0.000030
17 17 (0) 1 : 0.000033 0.000033 0.000033 0.000033 0.999706 0.000033 0.000033 0.000033 0.000033 0.000033
18 18 (0) 2 : 0.999801 0.000022 0.000022 0.000022 0.000022 0.000022 0.000022 0.000022 0.000022 0.000022
19 19 (0) 2 : 0.772387 0.000029 0.000029 0.000029 0.227384 0.000029 0.000029 0.000029 0.000029 0.000029
20 20 (0) 3 : 0.000023 0.000023 0.000023 0.000023 0.999797 0.000023 0.000023 0.000023 0.000023 0.000023
21 21 (0) 3 : 0.000024 0.000024 0.000024 0.000024 0.999788 0.000024 0.000024 0.000024 0.000024 0.000024
22 22 (0) 2 : 0.999737 0.000029 0.000029 0.000029 0.000029 0.000029 0.000029 0.000029 0.000029 0.000029
23 23 (0) 2 : 0.999797 0.000023 0.000023 0.000023 0.000023 0.000023 0.000023 0.000023 0.000023 0.000023
24 24 (0) 2 : 0.999805 0.000022 0.000022 0.000022 0.000022 0.000022 0.000022 0.000022 0.000022 0.000022
25 25 (0) 4 : 0.000026 0.000026 0.000026 0.000026 0.109134 0.000026 0.000026 0.000026 0.890658 0.000026
26 26 (0) 4 : 0.000023 0.000023 0.000023 0.000023 0.000023 0.000023 0.000023 0.000023 0.999795 0.000023
27 27 (0) 4 : 0.000033 0.000033 0.000033 0.000033 0.000033 0.000033 0.000033 0.000033 0.999699 0.000033
28 28 (0) 4 : 0.000029 0.000029 0.000029 0.000029 0.000029 0.000029 0.000029 0.000029 0.999735 0.000029
29 29 (0) 4 : 0.000035 0.000035 0.000035 0.000035 0.000035 0.000035 0.000035 0.000035 0.999689 0.000035
30 30 (0) 4 : 0.000039 0.000039 0.000039 0.000039 0.131351 0.000039 0.000039 0.000039 0.868340 0.000039
31 31 (0) 4 : 0.000032 0.000032 0.000032 0.000032 0.000032 0.000032 0.000032 0.000032 0.999716 0.000032
32 32 (0) 4 : 0.000033 0.000033 0.000033 0.000033 0.000033 0.000033 0.000033 0.000033 0.999704 0.000033
33 33 (0) 4 : 0.000028 0.000028 0.000028 0.000028 0.000028 0.000028 0.000028 0.000028 0.999746 0.000028
34 34 (0) 4 : 0.000022 0.000022 0.000022 0.000022 0.101269 0.000022 0.000022 0.000022 0.898558 0.000022
35 35 (0) 4 : 0.000021 0.000021 0.000021 0.000021 0.165526 0.000021 0.000021 0.000021 0.834307 0.000021
36 36 (0) 4 : 0.000021 0.000021 0.000021 0.000021 0.000021 0.000021 0.000021 0.000021 0.999812 0.000021
37 37 (0) 4 : 0.000021 0.000021 0.000021 0.000021 0.000021 0.000021 0.000021 0.000021 0.999809 0.000021
38 38 (0) 4 : 0.000027 0.000027 0.000027 0.000027 0.000027 0.000027 0.000027 0.000027 0.999758 0.000027
39 39 (0) 4 : 0.000022 0.000022 0.000022 0.000022 0.000022 0.000022 0.000022 0.000022 0.999799 0.000022
40 40 (0) 4 : 0.000021 0.000021 0.000021 0.000021 0.000021 0.000021 0.000021 0.000021 0.999812 0.000021
41 41 (0) 4 : 0.000030 0.000030 0.000030 0.000030 0.000030 0.000030 0.000030 0.000030 0.999733 0.000030
42 42 (0) 4 : 0.000029 0.000029 0.000029 0.000029 0.000029 0.000029 0.000029 0.000029 0.999741 0.000029
43 43 (0) 4 : 0.000030 0.000030 0.000030 0.000030 0.000030 0.000030 0.000030 0.000030 0.999729 0.000030
44 44 (0) 4 : 0.000029 0.000029 0.000029 0.000029 0.000029 0.000029 0.000029 0.000029 0.999740 0.000029
45 45 (0) 4 : 0.000029 0.000029 0.000029 0.000029 0.000029 0.000029 0.000029 0.000029 0.999737 0.000029
46 46 (0) 4 : 0.000029 0.000029 0.000029 0.000029 0.084869 0.000029 0.000029 0.000029 0.914899 0.000029
47 47 (0) 4 : 0.000030 0.000030 0.000030 0.000030 0.000030 0.000030 0.000030 0.000030 0.999729 0.000030
48 48 (0) 4 : 0.000029 0.000029 0.000029 0.000029 0.154200 0.000029 0.000029 0.000029 0.845571 0.000029
49 49 (0) 4 : 0.000028 0.000028 0.000028 0.000028 0.000028 0.000028 0.000028 0.000028 0.999749 0.000028
50 50 (0) 4 : 0.000029 0.000029 0.000029 0.000029 0.000029 0.000029 0.000029 0.000029 0.999742 0.000029
51 51 (0) 1 : 0.000019 0.000019 0.000019 0.000019 0.999829 0.000019 0.000019 0.000019 0.000019 0.000019
52 52 (0) 1 : 0.000020 0.000020 0.000020 0.000020 0.999819 0.000020 0.000020 0.000020 0.000020 0.000020
53 53 (0) 1 : 0.000032 0.000032 0.000032 0.000032 0.821995 0.000032 0.000032 0.000032 0.177749 0.000032
54 54 (0) 1 : 0.000022 0.000022 0.000022 0.000022 0.468856 0.000022 0.000022 0.000022 0.530966 0.000022
55 55 (0) 1 : 0.000034 0.000034 0.000034 0.000034 0.834983 0.000034 0.000034 0.000034 0.164743 0.000034
56 56 (0) 1 : 0.000022 0.000022 0.000022 0.000022 0.493763 0.000022 0.000022 0.000022 0.506064 0.000022
57 57 (0) 1 : 0.000021 0.000021 0.000021 0.000021 0.539253 0.000021 0.000021 0.000021 0.460583 0.000021
58 58 (0) 1 : 0.000028 0.000028 0.000028 0.000028 0.647073 0.000028 0.000028 0.000028 0.352704 0.000028
59 59 (0) 1 : 0.000027 0.000027 0.000027 0.000027 0.980870 0.000027 0.000027 0.000027 0.018914 0.000027
60 60 (0) 1 : 0.000028 0.000028 0.000028 0.000028 0.999750 0.000028 0.000028 0.000028 0.000028 0.000028
61 61 (0) 1 : 0.000020 0.000019 0.000019 0.000019 0.999824 0.000019 0.000020 0.000019 0.000020 0.000019
62 62 (0) 1 : 0.000025 0.000025 0.000025 0.000025 0.999777 0.000025 0.000025 0.000025 0.000025 0.000025
63 63 (0) 1 : 0.000026 0.000026 0.000026 0.000026 0.999766 0.000026 0.000026 0.000026 0.000026 0.000026
64 64 (0) 1 : 0.000029 0.000029 0.000029 0.000029 0.999741 0.000029 0.000029 0.000029 0.000029 0.000029
65 65 (0) 1 : 0.000028 0.000028 0.000028 0.000028 0.999745 0.000028 0.000028 0.000028 0.000028 0.000028
66 66 (0) 1 : 0.000031 0.000031 0.000031 0.000031 0.999717 0.000031 0.000031 0.000031 0.000031 0.000031
67 67 (0) 1 : 0.000028 0.000028 0.000028 0.000028 0.999751 0.000028 0.000028 0.000028 0.000028 0.000028
68 68 (0) 1 : 0.000032 0.000032 0.000032 0.000032 0.999711 0.000032 0.000032 0.000032 0.000032 0.000032
69 69 (0) 1 : 0.000034 0.000034 0.000034 0.000034 0.999691 0.000034 0.000034 0.000034 0.000034 0.000034
70 70 (0) 1 : 0.000026 0.000026 0.000026 0.000026 0.999765 0.000026 0.000026 0.000026 0.000026 0.000026
71 71 (0) 1 : 0.000031 0.000031 0.000031 0.000031 0.999724 0.000031 0.000031 0.000031 0.000031 0.000031
72 72 (0) 1 : 0.000030 0.000030 0.000030 0.000030 0.999731 0.000030 0.000030 0.000030 0.000030 0.000030
73 73 (0) 1 : 0.000028 0.000028 0.000028 0.000028 0.999749 0.000028 0.000028 0.000028 0.000028 0.000028
74 74 (0) 1 : 0.000020 0.000020 0.000020 0.000020 0.999822 0.000020 0.000020 0.000020 0.000020 0.000020
75 75 (0) 1 : 0.000020 0.000020 0.000020 0.000020 0.999824 0.000020 0.000020 0.000020 0.000020 0.000020
76 76 (0) 1 : 0.000038 0.000038 0.000038 0.000038 0.999654 0.000038 0.000038 0.000038 0.000038 0.000038
77 77 (0) 1 : 0.000030 0.000030 0.000030 0.000030 0.999730 0.000030 0.000030 0.000030 0.000030 0.000030
78 78 (0) 1 : 0.000030 0.000030 0.000030 0.000030 0.999733 0.000030 0.000030 0.000030 0.000030 0.000030
79 79 (0) 1 : 0.000025 0.000025 0.000025 0.000025 0.999779 0.000025 0.000025 0.000025 0.000025 0.000025
80 80 (0) 1 : 0.000019 0.000019 0.000019 0.000019 0.999825 0.000019 0.000019 0.000019 0.000019 0.000019
81 81 (0) 1 : 0.000019 0.000019 0.000019 0.000019 0.999825 0.000019 0.000019 0.000019 0.000019 0.000019
82 82 (0) 1 : 0.000022 0.000022 0.000022 0.000022 0.999804 0.000022 0.000022 0.000022 0.000022 0.000022
83 83 (0) 1 : 0.000028 0.000028 0.000028 0.000028 0.901475 0.000028 0.098300 0.000028 0.000028 0.000028
84 84 (0) 1 : 0.000038 0.000038 0.000038 0.000038 0.999654 0.000038 0.000038 0.000038 0.000038 0.000038
85 85 (0) 1 : 0.000020 0.000020 0.000020 0.000020 0.999821 0.000020 0.000020 0.000020 0.000020 0.000020
86 86 (0) 1 : 0.000020 0.000020 0.000020 0.000020 0.999824 0.000020 0.000020 0.000020 0.000020 0.000020
87 87 (0) 5 : 0.000030 0.000030 0.000030 0.000030 0.445820 0.000030 0.000030 0.000030 0.553938 0.000030
88 88 (0) 5 : 0.000026 0.000026 0.000026 0.000026 0.300834 0.000026 0.000026 0.000026 0.698957 0.000026
89 89 (0) 5 : 0.000020 0.000020 0.000020 0.000020 0.443419 0.000020 0.000020 0.000020 0.556417 0.000020
90 90 (0) 5 : 0.000030 0.000030 0.000030 0.000030 0.095302 0.000030 0.000030 0.000030 0.904458 0.000030
91 91 (0) 5 : 0.000029 0.000029 0.000029 0.000029 0.000028 0.000029 0.000029 0.000029 0.999743 0.000029
92 92 (0) 5 : 0.000023 0.000023 0.000023 0.000023 0.343925 0.000023 0.000023 0.000023 0.655891 0.000023
93 93 (0) 5 : 0.000032 0.000032 0.000032 0.000032 0.202309 0.000032 0.000032 0.000032 0.797434 0.000032
94 94 (0) 5 : 0.000024 0.000024 0.000024 0.000024 0.271997 0.000024 0.000024 0.000024 0.727811 0.000024
95 95 (0) 5 : 0.000031 0.000031 0.000031 0.000031 0.000031 0.000031 0.000031 0.000031 0.999722 0.000031
96 96 (0) 5 : 0.000027 0.000027 0.000027 0.000027 0.149381 0.000027 0.000027 0.000027 0.850400 0.000027
97 97 (0) 6 : 0.000027 0.000027 0.000027 0.000027 0.000027 0.000027 0.999754 0.000027 0.000027 0.000027
98 98 (0) 6 : 0.000026 0.000026 0.000026 0.000026 0.000026 0.000026 0.999764 0.000026 0.000026 0.000026
99 99 (0) 6 : 0.000026 0.000026 0.000026 0.000026 0.000026 0.000026 0.999762 0.000026 0.000026 0.000026
100 100 (0) 6 : 0.000021 0.000021 0.000021 0.000021 0.000021 0.000021 0.999808 0.000021 0.000021 0.000021
101 101 (0) 6 : 0.000021 0.000021 0.000021 0.000021 0.865387 0.000021 0.134442 0.000021 0.000021 0.000021
102 102 (0) 6 : 0.000020 0.000020 0.000020 0.000020 0.821862 0.000020 0.177977 0.000020 0.000020 0.000020
103 103 (0) 6 : 0.000027 0.000027 0.000027 0.000027 0.000027 0.000027 0.999758 0.000027 0.000027 0.000027
104 104 (0) 6 : 0.000028 0.000028 0.000028 0.000028 0.000028 0.000028 0.999745 0.000028 0.000028 0.000028
105 105 (0) 6 : 0.000028 0.000028 0.000028 0.000028 0.000028 0.000028 0.999749 0.000028 0.000028 0.000028
106 106 (0) 6 : 0.000031 0.000031 0.000031 0.000031 0.000031 0.000031 0.999718 0.000031 0.000031 0.000031
107 107 (0) 6 : 0.000028 0.000028 0.000028 0.000028 0.000028 0.000028 0.999748 0.000028 0.000028 0.000028
108 108 (0) 6 : 0.000029 0.000029 0.000029 0.000029 0.000029 0.000029 0.999735 0.000029 0.000029 0.000029
109 109 (0) 6 : 0.000029 0.000029 0.000029 0.000029 0.000029 0.000029 0.999740 0.000029 0.000029 0.000029
110 110 (0) 2 : 0.676527 0.000022 0.000022 0.000022 0.323296 0.000022 0.000022 0.000022 0.000022 0.000022
111 111 (0) 2 : 0.753578 0.000029 0.000029 0.000029 0.246193 0.000029 0.000029 0.000029 0.000029 0.000029
112 112 (0) 2 : 0.705860 0.000029 0.000029 0.000029 0.293908 0.000029 0.000029 0.000029 0.000029 0.000029
113 113 (0) 2 : 0.746657 0.000027 0.000027 0.000027 0.253130 0.000027 0.000027 0.000027 0.000027 0.000027
114 114 (0) 2 : 0.785505 0.000028 0.000028 0.000028 0.214274 0.000028 0.000028 0.000028 0.000028 0.000028
115 115 (0) 3 : 0.000020 0.000020 0.000020 0.000020 0.999822 0.000020 0.000020 0.000020 0.000020 0.000020
1 1 (0) 1 : 0.000029 0.000029 0.000029 0.999740 0.000029 0.000029 0.000029 0.000029 0.000029 0.000029
2 2 (0) 1 : 0.000028 0.000028 0.000028 0.999752 0.000028 0.000028 0.000028 0.000028 0.000028 0.000028
3 3 (0) 1 : 0.000029 0.000029 0.000029 0.999737 0.000029 0.000029 0.000029 0.000029 0.000029 0.000029
4 4 (0) 1 : 0.000029 0.000029 0.000029 0.999735 0.000029 0.000029 0.000029 0.000029 0.000029 0.000029
5 5 (0) 1 : 0.000031 0.000031 0.000031 0.999723 0.000031 0.000031 0.000031 0.000031 0.000031 0.000031
6 6 (0) 1 : 0.000030 0.000030 0.000030 0.999734 0.000030 0.000030 0.000030 0.000030 0.000030 0.000030
7 7 (0) 1 : 0.000032 0.000032 0.000032 0.999713 0.000032 0.000032 0.000032 0.000032 0.000032 0.000032
8 8 (0) 1 : 0.000022 0.000022 0.000022 0.999798 0.000022 0.000022 0.000022 0.000022 0.000022 0.000022
9 9 (0) 1 : 0.000021 0.000021 0.000021 0.999811 0.000021 0.000021 0.000021 0.000021 0.000021 0.000021
10 10 (0) 1 : 0.000025 0.000025 0.000025 0.999779 0.000025 0.000025 0.000025 0.000025 0.000025 0.000025
11 11 (0) 1 : 0.000029 0.000029 0.000029 0.999741 0.000029 0.000029 0.000029 0.000029 0.000029 0.000029
12 12 (0) 1 : 0.000024 0.000024 0.000024 0.999787 0.000024 0.000024 0.000024 0.000024 0.000024 0.000024
13 13 (0) 1 : 0.000028 0.000028 0.000028 0.999747 0.000028 0.000028 0.000028 0.000028 0.000028 0.000028
14 14 (0) 1 : 0.000028 0.000028 0.000028 0.999744 0.000028 0.000028 0.000028 0.000028 0.000028 0.000028
15 15 (0) 1 : 0.000029 0.000029 0.000029 0.999743 0.000029 0.000029 0.000029 0.000029 0.000029 0.000029
16 16 (0) 1 : 0.000030 0.000030 0.000030 0.999729 0.000030 0.000030 0.000030 0.000030 0.000030 0.000030
17 17 (0) 1 : 0.000033 0.000033 0.000033 0.999706 0.000033 0.000033 0.000033 0.000033 0.000033 0.000033
18 18 (0) 2 : 0.000022 0.000022 0.000022 0.000022 0.000022 0.000022 0.000022 0.000022 0.000022 0.999801
19 19 (0) 2 : 0.000029 0.000029 0.000029 0.000029 0.000029 0.000029 0.000029 0.000029 0.000029 0.999743
20 20 (0) 3 : 0.000023 0.000023 0.000023 0.944402 0.000023 0.000023 0.000023 0.000023 0.000023 0.055418
21 21 (0) 3 : 0.000024 0.000024 0.000024 0.964951 0.000024 0.000024 0.000024 0.000024 0.000024 0.034861
22 22 (0) 2 : 0.000029 0.000029 0.000029 0.000029 0.000029 0.000029 0.000029 0.000029 0.000029 0.999737
23 23 (0) 2 : 0.000023 0.000023 0.000023 0.000023 0.000023 0.000023 0.000023 0.000023 0.000023 0.999797
24 24 (0) 2 : 0.000022 0.000022 0.000022 0.000022 0.000022 0.000022 0.000022 0.000022 0.000022 0.999805
25 25 (0) 4 : 0.843816 0.000026 0.000026 0.155976 0.000026 0.000026 0.000026 0.000026 0.000026 0.000026
26 26 (0) 4 : 0.999795 0.000023 0.000023 0.000023 0.000023 0.000023 0.000023 0.000023 0.000023 0.000023
27 27 (0) 4 : 0.999699 0.000033 0.000033 0.000033 0.000033 0.000033 0.000033 0.000033 0.000033 0.000033
28 28 (0) 4 : 0.999735 0.000029 0.000029 0.000029 0.000029 0.000029 0.000029 0.000029 0.000029 0.000029
29 29 (0) 4 : 0.999689 0.000035 0.000035 0.000035 0.000035 0.000035 0.000035 0.000035 0.000035 0.000035
30 30 (0) 4 : 0.843257 0.000039 0.000039 0.156434 0.000039 0.000039 0.000039 0.000039 0.000039 0.000039
31 31 (0) 4 : 0.999716 0.000032 0.000032 0.000032 0.000032 0.000032 0.000032 0.000032 0.000032 0.000032
32 32 (0) 4 : 0.999704 0.000033 0.000033 0.000033 0.000033 0.000033 0.000033 0.000033 0.000033 0.000033
33 33 (0) 4 : 0.999746 0.000028 0.000028 0.000028 0.000028 0.000028 0.000028 0.000028 0.000028 0.000028
34 34 (0) 4 : 0.828494 0.000022 0.000022 0.171333 0.000022 0.000022 0.000022 0.000022 0.000022 0.000022
35 35 (0) 4 : 0.756208 0.000021 0.000021 0.243625 0.000021 0.000021 0.000021 0.000021 0.000021 0.000021
36 36 (0) 4 : 0.999812 0.000021 0.000021 0.000021 0.000021 0.000021 0.000021 0.000021 0.000021 0.000021
37 37 (0) 4 : 0.999809 0.000021 0.000021 0.000021 0.000021 0.000021 0.000021 0.000021 0.000021 0.000021
38 38 (0) 4 : 0.999758 0.000027 0.000027 0.000027 0.000027 0.000027 0.000027 0.000027 0.000027 0.000027
39 39 (0) 4 : 0.999799 0.000022 0.000022 0.000022 0.000022 0.000022 0.000022 0.000022 0.000022 0.000022
40 40 (0) 4 : 0.999812 0.000021 0.000021 0.000021 0.000021 0.000021 0.000021 0.000021 0.000021 0.000021
41 41 (0) 4 : 0.999733 0.000030 0.000030 0.000030 0.000030 0.000030 0.000030 0.000030 0.000030 0.000030
42 42 (0) 4 : 0.999741 0.000029 0.000029 0.000029 0.000029 0.000029 0.000029 0.000029 0.000029 0.000029
43 43 (0) 4 : 0.999729 0.000030 0.000030 0.000030 0.000030 0.000030 0.000030 0.000030 0.000030 0.000030
44 44 (0) 4 : 0.999740 0.000029 0.000029 0.000029 0.000029 0.000029 0.000029 0.000029 0.000029 0.000029
45 45 (0) 4 : 0.999737 0.000029 0.000029 0.000029 0.000029 0.000029 0.000029 0.000029 0.000029 0.000029
46 46 (0) 4 : 0.913866 0.000029 0.000029 0.085902 0.000029 0.000029 0.000029 0.000029 0.000029 0.000029
47 47 (0) 4 : 0.999729 0.000030 0.000030 0.000030 0.000030 0.000030 0.000030 0.000030 0.000030 0.000030
48 48 (0) 4 : 0.786781 0.000029 0.000029 0.212990 0.000029 0.000029 0.000029 0.000029 0.000029 0.000029
49 49 (0) 4 : 0.999749 0.000028 0.000028 0.000028 0.000028 0.000028 0.000028 0.000028 0.000028 0.000028
50 50 (0) 4 : 0.999742 0.000029 0.000029 0.000029 0.000029 0.000029 0.000029 0.000029 0.000029 0.000029
51 51 (0) 1 : 0.000019 0.000019 0.000019 0.999829 0.000019 0.000019 0.000019 0.000019 0.000019 0.000019
52 52 (0) 1 : 0.000020 0.000020 0.000020 0.999819 0.000020 0.000020 0.000020 0.000020 0.000020 0.000020
53 53 (0) 1 : 0.207248 0.000032 0.000032 0.792495 0.000032 0.000032 0.000032 0.000032 0.000032 0.000032
54 54 (0) 1 : 0.528913 0.000022 0.000022 0.470909 0.000022 0.000022 0.000022 0.000022 0.000022 0.000022
55 55 (0) 1 : 0.157249 0.000034 0.000034 0.842476 0.000034 0.000034 0.000034 0.000034 0.000034 0.000034
56 56 (0) 1 : 0.504442 0.000022 0.000022 0.495385 0.000022 0.000022 0.000022 0.000022 0.000022 0.000022
57 57 (0) 1 : 0.462834 0.000021 0.000021 0.537002 0.000021 0.000021 0.000021 0.000021 0.000021 0.000021
58 58 (0) 1 : 0.351550 0.000028 0.000028 0.648227 0.000028 0.000028 0.000028 0.000028 0.000028 0.000028
59 59 (0) 1 : 0.000027 0.000027 0.000027 0.999757 0.000027 0.000027 0.000027 0.000027 0.000027 0.000027
60 60 (0) 1 : 0.000028 0.000028 0.000028 0.999750 0.000028 0.000028 0.000028 0.000028 0.000028 0.000028
61 61 (0) 1 : 0.000020 0.000019 0.000019 0.999824 0.000019 0.000019 0.000019 0.000019 0.000019 0.000020
62 62 (0) 1 : 0.000025 0.000025 0.000025 0.999777 0.000025 0.000025 0.000025 0.000025 0.000025 0.000025
63 63 (0) 1 : 0.000026 0.000026 0.000026 0.999766 0.000026 0.000026 0.000026 0.000026 0.000026 0.000026
64 64 (0) 1 : 0.000029 0.000029 0.000029 0.999741 0.000029 0.000029 0.000029 0.000029 0.000029 0.000029
65 65 (0) 1 : 0.000028 0.000028 0.000028 0.999745 0.000028 0.000028 0.000028 0.000028 0.000028 0.000028
66 66 (0) 1 : 0.000031 0.000031 0.000031 0.999717 0.000031 0.000031 0.000031 0.000031 0.000031 0.000031
67 67 (0) 1 : 0.000028 0.000028 0.000028 0.999751 0.000028 0.000028 0.000028 0.000028 0.000028 0.000028
68 68 (0) 1 : 0.000032 0.000032 0.000032 0.999711 0.000032 0.000032 0.000032 0.000032 0.000032 0.000032
69 69 (0) 1 : 0.000034 0.000034 0.000034 0.999691 0.000034 0.000034 0.000034 0.000034 0.000034 0.000034
70 70 (0) 1 : 0.000026 0.000026 0.000026 0.999765 0.000026 0.000026 0.000026 0.000026 0.000026 0.000026
71 71 (0) 1 : 0.000031 0.000031 0.000031 0.999724 0.000031 0.000031 0.000031 0.000031 0.000031 0.000031
72 72 (0) 1 : 0.000030 0.000030 0.000030 0.999731 0.000030 0.000030 0.000030 0.000030 0.000030 0.000030
73 73 (0) 1 : 0.000028 0.000028 0.000028 0.999749 0.000028 0.000028 0.000028 0.000028 0.000028 0.000028
74 74 (0) 1 : 0.000020 0.000020 0.000020 0.999822 0.000020 0.000020 0.000020 0.000020 0.000020 0.000020
75 75 (0) 1 : 0.000020 0.000020 0.000020 0.999824 0.000020 0.000020 0.000020 0.000020 0.000020 0.000020
76 76 (0) 1 : 0.000038 0.000038 0.000038 0.999654 0.000038 0.000038 0.000038 0.000038 0.000038 0.000038
77 77 (0) 1 : 0.000030 0.000030 0.000030 0.999730 0.000030 0.000030 0.000030 0.000030 0.000030 0.000030
78 78 (0) 1 : 0.000030 0.000030 0.000030 0.999733 0.000030 0.000030 0.000030 0.000030 0.000030 0.000030
79 79 (0) 1 : 0.000025 0.000025 0.000025 0.999779 0.000025 0.000025 0.000025 0.000025 0.000025 0.000025
80 80 (0) 1 : 0.000019 0.000019 0.000019 0.999825 0.000019 0.000019 0.000019 0.000019 0.000019 0.000019
81 81 (0) 1 : 0.000019 0.000019 0.000019 0.999825 0.000019 0.000019 0.000019 0.000019 0.000019 0.000019
82 82 (0) 1 : 0.000022 0.000022 0.000022 0.999804 0.000022 0.000022 0.000022 0.000022 0.000022 0.000022
83 83 (0) 1 : 0.000028 0.000028 0.000028 0.999746 0.000028 0.000028 0.000028 0.000028 0.000028 0.000028
84 84 (0) 1 : 0.000038 0.000038 0.000038 0.999654 0.000038 0.000038 0.000038 0.000038 0.000038 0.000038
85 85 (0) 1 : 0.000020 0.000020 0.000020 0.999821 0.000020 0.000020 0.000020 0.000020 0.000020 0.000020
86 86 (0) 1 : 0.000020 0.000020 0.000020 0.999824 0.000020 0.000020 0.000020 0.000020 0.000020 0.000020
87 87 (0) 5 : 0.000030 0.000030 0.000030 0.999728 0.000030 0.000030 0.000030 0.000030 0.000030 0.000030
88 88 (0) 5 : 0.618530 0.000026 0.000026 0.381262 0.000026 0.000026 0.000026 0.000026 0.000026 0.000026
89 89 (0) 5 : 0.000020 0.000020 0.000020 0.999816 0.000020 0.000020 0.000020 0.000020 0.000020 0.000020
90 90 (0) 5 : 0.868097 0.000030 0.000030 0.131663 0.000030 0.000030 0.000030 0.000030 0.000030 0.000030
91 91 (0) 5 : 0.999743 0.000029 0.000029 0.000029 0.000029 0.000029 0.000029 0.000029 0.000029 0.000029
92 92 (0) 5 : 0.598781 0.000023 0.000023 0.401035 0.000023 0.000023 0.000023 0.000023 0.000023 0.000023
93 93 (0) 5 : 0.714080 0.000032 0.000032 0.285663 0.000032 0.000032 0.000032 0.000032 0.000032 0.000032
94 94 (0) 5 : 0.666708 0.000024 0.000024 0.333101 0.000024 0.000024 0.000024 0.000024 0.000024 0.000024
95 95 (0) 5 : 0.999722 0.000031 0.000031 0.000031 0.000031 0.000031 0.000031 0.000031 0.000031 0.000031
96 96 (0) 5 : 0.769658 0.000027 0.000027 0.230123 0.000027 0.000027 0.000027 0.000027 0.000027 0.000027
97 97 (0) 6 : 0.000027 0.000027 0.000027 0.999754 0.000027 0.000027 0.000027 0.000027 0.000027 0.000027
98 98 (0) 6 : 0.000026 0.000026 0.000026 0.999764 0.000026 0.000026 0.000026 0.000026 0.000026 0.000026
99 99 (0) 6 : 0.000026 0.000026 0.000026 0.999762 0.000026 0.000026 0.000026 0.000026 0.000026 0.000026
100 100 (0) 6 : 0.000021 0.000021 0.000021 0.999808 0.000021 0.000021 0.000021 0.000021 0.000021 0.000021
101 101 (0) 6 : 0.000021 0.000021 0.000021 0.999808 0.000021 0.000021 0.000021 0.000021 0.000021 0.000021
102 102 (0) 6 : 0.000020 0.000020 0.000020 0.999819 0.000020 0.000020 0.000020 0.000020 0.000020 0.000020
103 103 (0) 6 : 0.000027 0.000027 0.000027 0.999758 0.000027 0.000027 0.000027 0.000027 0.000027 0.000027
104 104 (0) 6 : 0.000028 0.000028 0.000028 0.999745 0.000028 0.000028 0.000028 0.000028 0.000028 0.000028
105 105 (0) 6 : 0.000028 0.000028 0.000028 0.999749 0.000028 0.000028 0.000028 0.000028 0.000028 0.000028
106 106 (0) 6 : 0.000031 0.000031 0.000031 0.999718 0.000031 0.000031 0.000031 0.000031 0.000031 0.000031
107 107 (0) 6 : 0.000028 0.000028 0.000028 0.999748 0.000028 0.000028 0.000028 0.000028 0.000028 0.000028
108 108 (0) 6 : 0.000029 0.000029 0.000029 0.999735 0.000029 0.000029 0.000029 0.000029 0.000029 0.000029
109 109 (0) 6 : 0.000029 0.000029 0.000029 0.999740 0.000029 0.000029 0.000029 0.000029 0.000029 0.000029
110 110 (0) 2 : 0.000022 0.000022 0.000022 0.202523 0.000022 0.000022 0.000022 0.000022 0.000022 0.797300
111 111 (0) 2 : 0.000029 0.000029 0.000029 0.000029 0.000029 0.000029 0.000029 0.000029 0.000029 0.999742
112 112 (0) 2 : 0.000029 0.000029 0.000029 0.147054 0.000029 0.000029 0.000029 0.000029 0.000029 0.852714
113 113 (0) 2 : 0.000027 0.000027 0.000027 0.000027 0.000027 0.000027 0.000027 0.000027 0.000027 0.999761
114 114 (0) 2 : 0.000028 0.000028 0.000028 0.000028 0.000028 0.000028 0.000028 0.000028 0.000028 0.999751
115 115 (0) 3 : 0.000020 0.000020 0.000020 0.944715 0.000020 0.000020 0.000020 0.000020 0.000020 0.055126
1 1 (0) 1 : 0.000029 0.999740 0.000029 0.000029 0.000029 0.000029 0.000029 0.000029 0.000029 0.000029
2 2 (0) 1 : 0.000028 0.999752 0.000028 0.000028 0.000028 0.000028 0.000028 0.000028 0.000028 0.000028
3 3 (0) 1 : 0.000029 0.999737 0.000029 0.000029 0.000029 0.000029 0.000029 0.000029 0.000029 0.000029
4 4 (0) 1 : 0.000029 0.999735 0.000029 0.000029 0.000029 0.000029 0.000029 0.000029 0.000029 0.000029
5 5 (0) 1 : 0.000031 0.999723 0.000031 0.000031 0.000031 0.000031 0.000031 0.000031 0.000031 0.000031
6 6 (0) 1 : 0.000030 0.999734 0.000030 0.000030 0.000030 0.000030 0.000030 0.000030 0.000030 0.000030
7 7 (0) 1 : 0.000032 0.999713 0.000032 0.000032 0.000032 0.000032 0.000032 0.000032 0.000032 0.000032
8 8 (0) 1 : 0.000022 0.999798 0.000022 0.000022 0.000022 0.000022 0.000022 0.000022 0.000022 0.000022
9 9 (0) 1 : 0.000021 0.999811 0.000021 0.000021 0.000021 0.000021 0.000021 0.000021 0.000021 0.000021
10 10 (0) 1 : 0.000025 0.999779 0.000025 0.000025 0.000025 0.000025 0.000025 0.000025 0.000025 0.000025
11 11 (0) 1 : 0.000029 0.999741 0.000029 0.000029 0.000029 0.000029 0.000029 0.000029 0.000029 0.000029
12 12 (0) 1 : 0.000024 0.999787 0.000024 0.000024 0.000024 0.000024 0.000024 0.000024 0.000024 0.000024
13 13 (0) 1 : 0.000028 0.999747 0.000028 0.000028 0.000028 0.000028 0.000028 0.000028 0.000028 0.000028
14 14 (0) 1 : 0.000028 0.999744 0.000028 0.000028 0.000028 0.000028 0.000028 0.000028 0.000028 0.000028
15 15 (0) 1 : 0.000029 0.999743 0.000029 0.000029 0.000029 0.000029 0.000029 0.000029 0.000029 0.000029
16 16 (0) 1 : 0.000030 0.999729 0.000030 0.000030 0.000030 0.000030 0.000030 0.000030 0.000030 0.000030
17 17 (0) 1 : 0.000033 0.999706 0.000033 0.000033 0.000033 0.000033 0.000033 0.000033 0.000033 0.000033
18 18 (0) 2 : 0.000022 0.000022 0.000022 0.000022 0.000022 0.999801 0.000022 0.000022 0.000022 0.000022
19 19 (0) 2 : 0.000029 0.238173 0.000029 0.000029 0.000029 0.761599 0.000029 0.000029 0.000029 0.000029
20 20 (0) 3 : 0.000023 0.999797 0.000023 0.000023 0.000023 0.000023 0.000023 0.000023 0.000023 0.000023
21 21 (0) 3 : 0.000024 0.999788 0.000024 0.000024 0.000024 0.000024 0.000024 0.000024 0.000024 0.000024
22 22 (0) 2 : 0.000029 0.000029 0.000029 0.000029 0.000029 0.999737 0.000029 0.000029 0.000029 0.000029
23 23 (0) 2 : 0.000023 0.000023 0.000023 0.000023 0.000023 0.999797 0.000023 0.000023 0.000023 0.000023
24 24 (0) 2 : 0.000022 0.000022 0.000022 0.000022 0.000022 0.999805 0.000022 0.000022 0.000022 0.000022
25 25 (0) 4 : 0.000026 0.343460 0.000026 0.607806 0.000026 0.000026 0.048553 0.000026 0.000026 0.000026
26 26 (0) 4 : 0.000023 0.049708 0.000023 0.950110 0.000023 0.000023 0.000023 0.000023 0.000023 0.000023
27 27 (0) 4 : 0.000033 0.000033 0.000033 0.999699 0.000033 0.000033 0.000033 0.000033 0.000033 0.000033
28 28 (0) 4 : 0.000029 0.000029 0.000029 0.999735 0.000029 0.000029 0.000029 0.000029 0.000029 0.000029
29 29 (0) 4 : 0.000034 0.000035 0.000035 0.999689 0.000034 0.000035 0.000035 0.000034 0.000034 0.000034
30 30 (0) 4 : 0.000039 0.198911 0.000039 0.800780 0.000039 0.000039 0.000039 0.000039 0.000039 0.000039
31 31 (0) 4 : 0.000032 0.000032 0.000032 0.999716 0.000032 0.000032 0.000032 0.000032 0.000032 0.000032
32 32 (0) 4 : 0.000033 0.000033 0.000033 0.999704 0.000033 0.000033 0.000033 0.000033 0.000033 0.000033
33 33 (0) 4 : 0.000028 0.000028 0.000028 0.999746 0.000028 0.000028 0.000028 0.000028 0.000028 0.000028
34 34 (0) 4 : 0.000022 0.238500 0.000022 0.000022 0.000022 0.000022 0.761326 0.000022 0.000022 0.000022
35 35 (0) 4 : 0.000021 0.250886 0.000021 0.000021 0.000021 0.000021 0.748947 0.000021 0.000021 0.000021
36 36 (0) 4 : 0.000021 0.000021 0.000021 0.000021 0.000021 0.000021 0.999812 0.000021 0.000021 0.000021
37 37 (0) 4 : 0.000021 0.000021 0.000021 0.000021 0.000021 0.000021 0.999809 0.000021 0.000021 0.000021
38 38 (0) 4 : 0.000027 0.000027 0.000027 0.999758 0.000027 0.000027 0.000027 0.000027 0.000027 0.000027
39 39 (0) 4 : 0.000022 0.000022 0.000022 0.000022 0.000022 0.000022 0.999799 0.000022 0.000022 0.000022
40 40 (0) 4 : 0.000021 0.000021 0.000021 0.000021 0.000021 0.000021 0.999812 0.000021 0.000021 0.000021
41 41 (0) 4 : 0.000030 0.000030 0.000030 0.999733 0.000030 0.000030 0.000030 0.000030 0.000030 0.000030
42 42 (0) 4 : 0.000029 0.000029 0.000029 0.999741 0.000029 0.000029 0.000029 0.000029 0.000029 0.000029
43 43 (0) 4 : 0.000030 0.000030 0.000030 0.999729 0.000030 0.000030 0.000030 0.000030 0.000030 0.000030
44 44 (0) 4 : 0.000029 0.000029 0.000029 0.999740 0.000029 0.000029 0.000029 0.000029 0.000029 0.000029
45 45 (0) 4 : 0.000029 0.000029 0.000029 0.999737 0.000029 0.000029 0.000029 0.000029 0.000029 0.000029
46 46 (0) 4 : 0.000029 0.155549 0.000029 0.843277 0.000029 0.000029 0.000971 0.000029 0.000029 0.000029
47 47 (0) 4 : 0.000030 0.000030 0.000030 0.999729 0.000030 0.000030 0.000030 0.000030 0.000030 0.000030
48 48 (0) 4 : 0.000029 0.125106 0.000029 0.000029 0.000029 0.000029 0.874665 0.000029 0.000029 0.000029
49 49 (0) 4 : 0.000028 0.000028 0.000028 0.999749 0.000028 0.000028 0.000028 0.000028 0.000028 0.000028
50 50 (0) 4 : 0.000029 0.000029 0.000029 0.999742 0.000029 0.000029 0.000029 0.000029 0.000029 0.000029
51 51 (0) 1 : 0.000019 0.999829 0.000019 0.000019 0.000019 0.000019 0.000019 0.000019 0.000019 0.000019
52 52 (0) 1 : 0.000020 0.999819 0.000020 0.000020 0.000020 0.000020 0.000020 0.000020 0.000020 0.000020
53 53 (0) 1 : 0.000032 0.661490 0.000032 0.000032 0.000032 0.000032 0.338254 0.000032 0.000032 0.000032
54 54 (0) 1 : 0.000022 0.327966 0.000022 0.000022 0.000022 0.000022 0.671856 0.000022 0.000022 0.000022
55 55 (0) 1 : 0.000034 0.690506 0.000034 0.000034 0.000034 0.000034 0.309219 0.000034 0.000034 0.000034
56 56 (0) 1 : 0.000022 0.355863 0.000022 0.000022 0.000022 0.000022 0.643964 0.000022 0.000022 0.000022
57 57 (0) 1 : 0.000021 0.405236 0.000021 0.000021 0.000021 0.000021 0.594600 0.000021 0.000021 0.000021
58 58 (0) 1 : 0.000028 0.537434 0.000028 0.000028 0.000028 0.000028 0.462343 0.000028 0.000028 0.000028
59 59 (0) 1 : 0.000027 0.999757 0.000027 0.000027 0.000027 0.000027 0.000027 0.000027 0.000027 0.000027
60 60 (0) 1 : 0.000028 0.999750 0.000028 0.000028 0.000028 0.000028 0.000028 0.000028 0.000028 0.000028
61 61 (0) 1 : 0.000019 0.999824 0.000020 0.000020 0.000019 0.000020 0.000020 0.000019 0.000019 0.000019
62 62 (0) 1 : 0.000025 0.841970 0.000025 0.000025 0.000025 0.000025 0.157832 0.000025 0.000025 0.000025
63 63 (0) 1 : 0.000026 0.884603 0.000026 0.000026 0.000026 0.000026 0.115189 0.000026 0.000026 0.000026
64 64 (0) 1 : 0.000029 0.999741 0.000029 0.000029 0.000029 0.000029 0.000029 0.000029 0.000029 0.000029
65 65 (0) 1 : 0.000028 0.999745 0.000028 0.000028 0.000028 0.000028 0.000028 0.000028 0.000028 0.000028
66 66 (0) 1 : 0.000031 0.999717 0.000031 0.000031 0.000031 0.000031 0.000031 0.000031 0.000031 0.000031
67 67 (0) 1 : 0.000028 0.999751 0.000028 0.000028 0.000028 0.000028 0.000028 0.000028 0.000028 0.000028
68 68 (0) 1 : 0.000032 0.999711 0.000032 0.000032 0.000032 0.000032 0.000032 0.000032 0.000032 0.000032
69 69 (0) 1 : 0.000034 0.999691 0.000034 0.000034 0.000034 0.000034 0.000034 0.000034 0.000034 0.000034
70 70 (0) 1 : 0.000026 0.999765 0.000026 0.000026 0.000026 0.000026 0.000026 0.000026 0.000026 0.000026
71 71 (0) 1 : 0.000031 0.999724 0.000031 0.000031 0.000031 0.000031 0.000031 0.000031 0.000031 0.000031
72 72 (0) 1 : 0.000030 0.999731 0.000030 0.000030 0.000030 0.000030 0.000030 0.000030 0.000030 0.000030
73 73 (0) 1 : 0.000028 0.999749 0.000028 0.000028 0.000028 0.000028 0.000028 0.000028 0.000028 0.000028
74 74 (0) 1 : 0.000020 0.999822 0.000020 0.000020 0.000020 0.000020 0.000020 0.000020 0.000020 0.000020
75 75 (0) 1 : 0.000020 0.999824 0.000020 0.000020 0.000020 0.000020 0.000020 0.000020 0.000020 0.000020
76 76 (0) 1 : 0.000038 0.999654 0.000038 0.000038 0.000038 0.000038 0.000038 0.000038 0.000038 0.000038
77 77 (0) 1 : 0.000030 0.999730 0.000030 0.000030 0.000030 0.000030 0.000030 0.000030 0.000030 0.000030
78 78 (0) 1 : 0.000030 0.999733 0.000030 0.000030 0.000030 0.000030 0.000030 0.000030 0.000030 0.000030
79 79 (0) 1 : 0.000025 0.647704 0.000025 0.000025 0.000025 0.000025 0.352099 0.000025 0.000025 0.000025
80 80 (0) 1 : 0.000019 0.999825 0.000019 0.000019 0.000019 0.000019 0.000019 0.000019 0.000019 0.000019
81 81 (0) 1 : 0.000019 0.999825 0.000019 0.000019 0.000019 0.000019 0.000019 0.000019 0.000019 0.000019
82 82 (0) 1 : 0.000022 0.999804 0.000022 0.000022 0.000022 0.000022 0.000022 0.000022 0.000022 0.000022
83 83 (0) 1 : 0.000028 0.922955 0.076819 0.000028 0.000028 0.000028 0.000028 0.000028 0.000028 0.000028
84 84 (0) 1 : 0.000038 0.957690 0.000038 0.000038 0.000038 0.000038 0.042002 0.000038 0.000038 0.000038
85 85 (0) 1 : 0.000020 0.999821 0.000020 0.000020 0.000020 0.000020 0.000020 0.000020 0.000020 0.000020
86 86 (0) 1 : 0.000020 0.999824 0.000020 0.000020 0.000020 0.000020 0.000020 0.000020 0.000020 0.000020
87 87 (0) 5 : 0.000030 0.344052 0.000030 0.000030 0.000030 0.000030 0.655706 0.000030 0.000030 0.000030
88 88 (0) 5 : 0.000026 0.262080 0.000026 0.000026 0.000026 0.000026 0.737711 0.000026 0.000026 0.000026
89 89 (0) 5 : 0.000020 0.389478 0.000020 0.000020 0.000020 0.000020 0.610358 0.000020 0.000020 0.000020
90 90 (0) 5 : 0.000030 0.000030 0.000030 0.000030 0.000030 0.000030 0.999730 0.000030 0.000030 0.000030
91 91 (0) 5 : 0.000029 0.000029 0.000029 0.000029 0.000029 0.000029 0.999743 0.000029 0.000029 0.000029
92 92 (0) 5 : 0.000023 0.286943 0.000023 0.000023 0.000023 0.000023 0.712873 0.000023 0.000023 0.000023
93 93 (0) 5 : 0.000032 0.000032 0.000032 0.000032 0.000032 0.000032 0.999710 0.000032 0.000032 0.000032
94 94 (0) 5 : 0.000024 0.277186 0.000024 0.000024 0.000024 0.000024 0.722623 0.000024 0.000024 0.000024
95 95 (0) 5 : 0.000031 0.000031 0.000031 0.000031 0.000031 0.000031 0.999722 0.000031 0.000031 0.000031
96 96 (0) 5 : 0.000027 0.000027 0.000027 0.000027 0.000027 0.000027 0.999753 0.000027 0.000027 0.000027
97 97 (0) 6 : 0.000027 0.000027 0.999754 0.000027 0.000027 0.000027 0.000027 0.000027 0.000027 0.000027
98 98 (0) 6 : 0.000026 0.000026 0.999764 0.000026 0.000026 0.000026 0.000026 0.000026 0.000026 0.000026
99 99 (0) 6 : 0.000026 0.000026 0.999762 0.000026 0.000026 0.000026 0.000026 0.000026 0.000026 0.000026
100 100 (0) 6 : 0.000021 0.999808 0.000021 0.000021 0.000021 0.000021 0.000021 0.000021 0.000021 0.000021
101 101 (0) 6 : 0.000021 0.999808 0.000021 0.000021 0.000021 0.000021 0.000021 0.000021 0.000021 0.000021
102 102 (0) 6 : 0.000020 0.999819 0.000020 0.000020 0.000020 0.000020 0.000020 0.000020 0.000020 0.000020
103 103 (0) 6 : 0.000027 0.000027 0.999758 0.000027 0.000027 0.000027 0.000027 0.000027 0.000027 0.000027
104 104 (0) 6 : 0.000028 0.000028 0.999745 0.000028 0.000028 0.000028 0.000028 0.000028 0.000028 0.000028
105 105 (0) 6 : 0.000028 0.000028 0.999749 0.000028 0.000028 0.000028 0.000028 0.000028 0.000028 0.000028
106 106 (0) 6 : 0.000031 0.000031 0.999718 0.000031 0.000031 0.000031 0.000031 0.000031 0.000031 0.000031
107 107 (0) 6 : 0.000028 0.000028 0.999748 0.000028 0.000028 0.000028 0.000028 0.000028 0.000028 0.000028
108 108 (0) 6 : 0.000029 0.000029 0.999735 0.000029 0.000029 0.000029 0.000029 0.000029 0.000029 0.000029
109 109 (0) 6 : 0.000029 0.000029 0.999740 0.000029 0.000029 0.000029 0.000029 0.000029 0.000029 0.000029
110 110 (0) 2 : 0.000022 0.318419 0.000022 0.000022 0.000022 0.681403 0.000022 0.000022 0.000022 0.000022
111 111 (0) 2 : 0.000029 0.263464 0.000029 0.000029 0.000029 0.736307 0.000029 0.000029 0.000029 0.000029
112 112 (0) 2 : 0.000029 0.314623 0.000029 0.000029 0.000029 0.685144 0.000029 0.000029 0.000029 0.000029
113 113 (0) 2 : 0.000027 0.270510 0.000027 0.000027 0.000027 0.729277 0.000027 0.000027 0.000027 0.000027
114 114 (0) 2 : 0.000028 0.231535 0.000028 0.000028 0.000028 0.768243 0.000028 0.000028 0.000028 0.000028
115 115 (0) 3 : 0.000020 0.999822 0.000020 0.000020 0.000020 0.000020 0.000020 0.000020 0.000020 0.000020
1 1 (0) 1 : 0.000029 0.000029 0.999740 0.000029 0.000029 0.000029 0.000029 0.000029 0.000029 0.000029
2 2 (0) 1 : 0.000028 0.000028 0.999752 0.000028 0.000028 0.000028 0.000028 0.000028 0.000028 0.000028
3 3 (0) 1 : 0.000029 0.000029 0.999737 0.000029 0.000029 0.000029 0.000029 0.000029 0.000029 0.000029
4 4 (0) 1 : 0.000029 0.000029 0.999735 0.000029 0.000029 0.000029 0.000029 0.000029 0.000029 0.000029
5 5 (0) 1 : 0.000031 0.000031 0.999723 0.000031 0.000031 0.000031 0.000031 0.000031 0.000031 0.000031
6 6 (0) 1 : 0.000030 0.000030 0.999734 0.000030 0.000030 0.000030 0.000030 0.000030 0.000030 0.000030
7 7 (0) 1 : 0.000032 0.000032 0.999713 0.000032 0.000032 0.000032 0.000032 0.000032 0.000032 0.000032
8 8 (0) 1 : 0.000022 0.000022 0.999798 0.000022 0.000022 0.000022 0.000022 0.000022 0.000022 0.000022
9 9 (0) 1 : 0.000021 0.000021 0.999811 0.000021 0.000021 0.000021 0.000021 0.000021 0.000021 0.000021
10 10 (0) 1 : 0.000025 0.000025 0.999779 0.000025 0.000025 0.000025 0.000025 0.000025 0.000025 0.000025
11 11 (0) 1 : 0.000029 0.000029 0.999741 0.000029 0.000029 0.000029 0.000029 0.000029 0.000029 0.000029
12 12 (0) 1 : 0.000024 0.000024 0.999787 0.000024 0.000024 0.000024 0.000024 0.000024 0.000024 0.000024
13 13 (0) 1 : 0.000028 0.000028 0.999747 0.000028 0.000028 0.000028 0.000028 0.000028 0.000028 0.000028
14 14 (0) 1 : 0.000028 0.000028 0.999744 0.000028 0.000028 0.000028 0.000028 0.000028 0.000028 0.000028
15 15 (0) 1 : 0.000029 0.000029 0.999743 0.000029 0.000029 0.000029 0.000029 0.000029 0.000029 0.000029
16 16 (0) 1 : 0.000030 0.000030 0.999729 0.000030 0.000030 0.000030 0.000030 0.000030 0.000030 0.000030
17 17 (0) 1 : 0.000033 0.000033 0.999706 0.000033 0.000033 0.000033 0.000033 0.000033 0.000033 0.000033
18 18 (0) 2 : 0.000022 0.000022 0.000022 0.000022 0.000022 0.000022 0.000022 0.000022 0.999801 0.000022
19 19 (0) 2 : 0.000029 0.000029 0.000029 0.000029 0.000029 0.000029 0.000029 0.000029 0.999743 0.000029
20 20 (0) 3 : 0.000023 0.000023 0.943869 0.000023 0.000023 0.000023 0.000023 0.000023 0.055951 0.000023
21 21 (0) 3 : 0.000024 0.000024 0.961238 0.000024 0.000024 0.000024 0.000024 0.000024 0.038574 0.000024
22 22 (0) 2 : 0.000029 0.000029 0.000029 0.000029 0.000029 0.000029 0.000029 0.000029 0.999737 0.000029
23 23 (0) 2 : 0.000023 0.000023 0.000023 0.000023 0.000023 0.000023 0.000023 0.000023 0.999797 0.000023
24 24 (0) 2 : 0.000022 0.000022 0.000022 0.000022 0.000022 0.000022 0.000022 0.000022 0.999805 0.000022
25 25 (0) 4 : 0.000026 0.913483 0.086309 0.000026 0.000026 0.000026 0.000026 0.000026 0.000026 0.000026
26 26 (0) 4 : 0.000023 0.999795 0.000023 0.000023 0.000023 0.000023 0.000023 0.000023 0.000023 0.000023
27 27 (0) 4 : 0.000033 0.999699 0.000033 0.000033 0.000033 0.000033 0.000033 0.000033 0.000033 0.000033
28 28 (0) 4 : 0.000029 0.999735 0.000029 0.000029 0.000029 0.000029 0.000029 0.000029 0.000029 0.000029
29 29 (0) 4 : 0.000035 0.999689 0.000035 0.000035 0.000035 0.000035 0.000035 0.000035 0.000035 0.000035
30 30 (0) 4 : 0.000039 0.892840 0.106851 0.000039 0.000039 0.000039 0.000039 0.000039 0.000039 0.000039
31 31 (0) 4 : 0.000032 0.999716 0.000032 0.000032 0.000032 0.000032 0.000032 0.000032 0.000032 0.000032
32 32 (0) 4 : 0.000033 0.999704 0.000033 0.000033 0.000033 0.000033 0.000033 0.000033 0.000033 0.000033
33 33 (0) 4 : 0.000028 0.999746 0.000028 0.000028 0.000028 0.000028 0.000028 0.000028 0.000028 0.000028
34 34 (0) 4 : 0.000022 0.937805 0.062022 0.000022 0.000022 0.000022 0.000022 0.000022 0.000022 0.000022
35 35 (0) 4 : 0.000021 0.861190 0.138643 0.000021 0.000021 0.000021 0.000021 0.000021 0.000021 0.000021
36 36 (0) 4 : 0.000021 0.999812 0.000021 0.000021 0.000021 0.000021 0.000021 0.000021 0.000021 0.000021
37 37 (0) 4 : 0.000021 0.999809 0.000021 0.000021 0.000021 0.000021 0.000021 0.000021 0.000021 0.000021
38 38 (0) 4 : 0.000027 0.999758 0.000027 0.000027 0.000027 0.000027 0.000027 0.000027 0.000027 0.000027
39 39 (0) 4 : 0.000022 0.999799 0.000022 0.000022 0.000022 0.000022 0.000022 0.000022 0.000022 0.000022
40 40 (0) 4 : 0.000021 0.999812 0.000021 0.000021 0.000021 0.000021 0.000021 0.000021 0.000021 0.000021
41 41 (0) 4 : 0.000030 0.999733 0.000030 0.000030 0.000030 0.000030 0.000030 0.000030 0.000030 0.000030
42 42 (0) 4 : 0.000029 0.999741 0.000029 0.000029 0.000029 0.000029 0.000029 0.000029 0.000029 0.000029
43 43 (0) 4 : 0.000030 0.999729 0.000030 0.000030 0.000030 0.000030 0.000030 0.000030 0.000030 0.000030
44 44 (0) 4 : 0.000029 0.999740 0.000029 0.000029 0.000029 0.000029 0.000029 0.000029 0.000029 0.000029
45 45 (0) 4 : 0.000029 0.999737 0.000029 0.000029 0.000029 0.000029 0.000029 0.000029 0.000029 0.000029
46 46 (0) 4 : 0.000029 0.999739 0.000029 0.000029 0.000029 0.000029 0.000029 0.000029 0.000029 0.000029
47 47 (0) 4 : 0.000030 0.999729 0.000030 0.000030 0.000030 0.000030 0.000030 0.000030 0.000030 0.000030
48 48 (0) 4 : 0.000029 0.999743 0.000029 0.000029 0.000029 0.000029 0.000029 0.000029 0.000029 0.000029
49 49 (0) 4 : 0.000028 0.999749 0.000028 0.000028 0.000028 0.000028 0.000028 0.000028 0.000028 0.000028
50 50 (0) 4 : 0.000029 0.999742 0.000029 0.000029 0.000029 0.000029 0.000029 0.000029 0.000029 0.000029
51 51 (0) 1 : 0.000019 0.000019 0.999829 0.000019 0.000019 0.000019 0.000019 0.000019 0.000019 0.000019
52 52 (0) 1 : 0.000020 0.000020 0.999819 0.000020 0.000020 0.000020 0.000020 0.000020 0.000020 0.000020
53 53 (0) 1 : 0.000032 0.000032 0.811579 0.000032 0.000032 0.000032 0.000032 0.000032 0.188164 0.000032
54 54 (0) 1 : 0.000022 0.812887 0.000022 0.000022 0.000022 0.000022 0.000022 0.000022 0.186935 0.000022
55 55 (0) 1 : 0.000034 0.000034 0.999691 0.000034 0.000034 0.000034 0.000034 0.000034 0.000034 0.000034
56 56 (0) 1 : 0.000022 0.541036 0.458791 0.000022 0.000022 0.000022 0.000022 0.000022 0.000022 0.000022
57 57 (0) 1 : 0.000021 0.497991 0.501845 0.000021 0.000021 0.000021 0.000021 0.000021 0.000021 0.000021
58 58 (0) 1 : 0.000028 0.382338 0.617439 0.000028 0.000028 0.000028 0.000028 0.000028 0.000028 0.000028
59 59 (0) 1 : 0.000027 0.000027 0.999757 0.000027 0.000027 0.000027 0.000027 0.000027 0.000027 0.000027
60 60 (0) 1 : 0.000028 0.000028 0.999750 0.000028 0.000028 0.000028 0.000028 0.000028 0.000028 0.000028
61 61 (0) 1 : 0.000019 0.000020 0.999824 0.000019 0.000019 0.000019 0.000019 0.000019 0.000020 0.000020
62 62 (0) 1 : 0.000025 0.000025 0.999777 0.000025 0.000025 0.000025 0.000025 0.000025 0.000025 0.000025
63 63 (0) 1 : 0.000026 0.000026 0.999766 0.000026 0.000026 0.000026 0.000026 0.000026 0.000026 0.000026
64 64 (0) 1 : 0.000029 0.000029 0.999741 0.000029 0.000029 0.000029 0.000029 0.000029 0.000029 0.000029
65 65 (0) 1 : 0.000028 0.000028 0.999745 0.000028 0.000028 0.000028 0.000028 0.000028 0.000028 0.000028
66 66 (0) 1 : 0.000031 0.000031 0.999717 0.000031 0.000031 0.000031 0.000031 0.000031 0.000031 0.000031
67 67 (0) 1 : 0.000028 0.000028 0.999751 0.000028 0.000028 0.000028 0.000028 0.000028 0.000028 0.000028
68 68 (0) 1 : 0.000032 0.000032 0.999711 0.000032 0.000032 0.000032 0.000032 0.000032 0.000032 0.000032
69 69 (0) 1 : 0.000034 0.000034 0.999691 0.000034 0.000034 0.000034 0.000034 0.000034 0.000034 0.000034
70 70 (0) 1 : 0.000026 0.000026 0.999765 0.000026 0.000026 0.000026 0.000026 0.000026 0.000026 0.000026
71 71 (0) 1 : 0.000031 0.000031 0.999724 0.000031 0.000031 0.000031 0.000031 0.000031 0.000031 0.000031
72 72 (0) 1 : 0.000030 0.000030 0.999731 0.000030 0.000030 0.000030 0.000030 0.000030 0.000030 0.000030
73 73 (0) 1 : 0.000028 0.000028 0.999749 0.000028 0.000028 0.000028 0.000028 0.000028 0.000028 0.000028
74 74 (0) 1 : 0.000020 0.000020 0.999822 0.000020 0.000020 0.000020 0.000020 0.000020 0.000020 0.000020
75 75 (0) 1 : 0.000020 0.000020 0.999824 0.000020 0.000020 0.000020 0.000020 0.000020 0.000020 0.000020
76 76 (0) 1 : 0.000038 0.000038 0.999654 0.000038 0.000038 0.000038 0.000038 0.000038 0.000038 0.000038
77 77 (0) 1 : 0.000030 0.000030 0.999730 0.000030 0.000030 0.000030 0.000030 0.000030 0.000030 0.000030
78 78 (0) 1 : 0.000030 0.000030 0.999733 0.000030 0.000030 0.000030 0.000030 0.000030 0.000030 0.000030
79 79 (0) 1 : 0.000025 0.000025 0.947364 0.000025 0.000025 0.000025 0.000025 0.000025 0.052440 0.000025
80 80 (0) 1 : 0.000019 0.000019 0.999825 0.000019 0.000019 0.000019 0.000019 0.000019 0.000019 0.000019
81 81 (0) 1 : 0.000019 0.000019 0.999825 0.000019 0.000019 0.000019 0.000019 0.000019 0.000019 0.000019
82 82 (0) 1 : 0.000022 0.000022 0.999804 0.000022 0.000022 0.000022 0.000022 0.000022 0.000022 0.000022
83 83 (0) 1 : 0.000028 0.000028 0.999746 0.000028 0.000028 0.000028 0.000028 0.000028 0.000028 0.000028
84 84 (0) 1 : 0.000038 0.000038 0.999654 0.000038 0.000038 0.000038 0.000038 0.000038 0.000038 0.000038
85 85 (0) 1 : 0.000020 0.000020 0.999821 0.000020 0.000020 0.000020 0.000020 0.000020 0.000020 0.000020
86 86 (0) 1 : 0.000020 0.000020 0.999824 0.000020 0.000020 0.000020 0.000020 0.000020 0.000020 0.000020
87 87 (0) 5 : 0.000030 0.000030 0.682392 0.000030 0.000030 0.000030 0.000030 0.000030 0.317366 0.000030
88 88 (0) 5 : 0.000026 0.735234 0.264558 0.000026 0.000026 0.000026 0.000026 0.000026 0.000026 0.000026
89 89 (0) 5 : 0.000020 0.000020 0.676263 0.000020 0.000020 0.000020 0.000020 0.000020 0.323574 0.000020
90 90 (0) 5 : 0.000030 0.999730 0.000030 0.000030 0.000030 0.000030 0.000030 0.000030 0.000030 0.000030
91 91 (0) 5 : 0.000029 0.999743 0.000029 0.000029 0.000029 0.000029 0.000029 0.000029 0.000029 0.000029
92 92 (0) 5 : 0.000023 0.705018 0.294799 0.000023 0.000023 0.000023 0.000023 0.000023 0.000023 0.000023
93 93 (0) 5 : 0.000032 0.999710 0.000032 0.000032 0.000032 0.000032 0.000032 0.000032 0.000032 0.000032
94 94 (0) 5 : 0.000024 0.999784 0.000024 0.000024 0.000024 0.000024 0.000024 0.000024 0.000024 0.000024
95 95 (0) 5 : 0.000031 0.999722 0.000031 0.000031 0.000031 0.000031 0.000031 0.000031 0.000031 0.000031
96 96 (0) 5 : 0.000027 0.999753 0.000027 0.000027 0.000027 0.000027 0.000027 0.000027 0.000027 0.000027
97 97 (0) 6 : 0.000027 0.000027 0.999754 0.000027 0.000027 0.000027 0.000027 0.000027 0.000027 0.000027
98 98 (0) 6 : 0.000026 0.000026 0.999764 0.000026 0.000026 0.000026 0.000026 0.000026 0.000026 0.000026
99 99 (0) 6 : 0.000026 0.000026 0.999762 0.000026 0.000026 0.000026 0.000026 0.000026 0.000026 0.000026
100 100 (0) 6 : 0.000021 0.000021 0.999808 0.000021 0.000021 0.000021 0.000021 0.000021 0.000021 0.000021
101 101 (0) 6 : 0.000021 0.000021 0.999808 0.000021 0.000021 0.000021 0.000021 0.000021 0.000021 0.000021
102 102 (0) 6 : 0.000020 0.000020 0.999819 0.000020 0.000020 0.000020 0.000020 0.000020 0.000020 0.000020
103 103 (0) 6 : 0.000027 0.000027 0.999758 0.000027 0.000027 0.000027 0.000027 0.000027 0.000027 0.000027
104 104 (0) 6 : 0.000028 0.000028 0.999745 0.000028 0.000028 0.000028 0.000028 0.000028 0.000028 0.000028
105 105 (0) 6 : 0.000028 0.000028 0.000028 0.000028 0.000028 0.000028 0.000028 0.000028 0.000028 0.999749
106 106 (0) 6 : 0.000031 0.000031 0.000031 0.000031 0.000031 0.000031 0.000031 0.000031 0.000031 0.999718
107 107 (0) 6 : 0.000028 0.000028 0.000028 0.000028 0.000028 0.000028 0.000028 0.000028 0.000028 0.999748
108 108 (0) 6 : 0.000029 0.000029 0.913193 0.000029 0.000029 0.000029 0.000029 0.000029 0.000029 0.086571
109 109 (0) 6 : 0.000029 0.000029 0.000029 0.000029 0.000029 0.000029 0.000029 0.000029 0.000029 0.999740
110 110 (0) 2 : 0.000022 0.000022 0.000022 0.000022 0.000022 0.000022 0.000022 0.000022 0.999800 0.000022
111 111 (0) 2 : 0.000029 0.000029 0.000029 0.000029 0.000029 0.000029 0.000029 0.000029 0.999742 0.000029
112 112 (0) 2 : 0.000029 0.000029 0.000029 0.000029 0.000029 0.000029 0.000029 0.000029 0.999739 0.000029
113 113 (0) 2 : 0.000027 0.000027 0.000027 0.000027 0.000027 0.000027 0.000027 0.000027 0.999761 0.000027
114 114 (0) 2 : 0.000028 0.000028 0.000028 0.000028 0.000028 0.000028 0.000028 0.000028 0.999751 0.000028
115 115 (0) 3 : 0.000020 0.000020 0.943481 0.000020 0.000020 0.000020 0.000020 0.000020 0.056361 0.000020
