1 1 (0) 1 : 0.999769 0.000076 0.000078 0.000077
2 2 (0) 1 : 0.999780 0.000073 0.000074 0.000074
3 3 (0) 1 : 0.999765 0.000078 0.000079 0.000078
4 4 (0) 1 : 0.999764 0.000078 0.000079 0.000079
5 5 (0) 1 : 0.999754 0.000081 0.000083 0.000082
6 6 (0) 1 : 0.999763 0.000079 0.000080 0.000079
7 7 (0) 1 : 0.999746 0.000084 0.000085 0.000085
8 8 (0) 1 : 0.999821 0.000059 0.000060 0.000060
9 9 (0) 1 : 0.999832 0.000056 0.000056 0.000056
10 10 (0) 1 : 0.999803 0.000065 0.000066 0.000066
11 11 (0) 1 : 0.999771 0.000076 0.000077 0.000077
12 12 (0) 1 : 0.999812 0.000062 0.000063 0.000063
13 13 (0) 1 : 0.999775 0.000074 0.000075 0.000075
14 14 (0) 1 : 0.999773 0.000075 0.000076 0.000076
15 15 (0) 1 : 0.999772 0.000076 0.000076 0.000076
16 16 (0) 1 : 0.999760 0.000080 0.000080 0.000080
17 17 (0) 1 : 0.999740 0.000086 0.000087 0.000087
18 18 (0) 2 : 0.000060 0.000058 0.000059 0.999823
19 19 (0) 2 : 0.000077 0.000076 0.000077 0.999770
20 20 (0) 3 : 0.962758 0.000059 0.000060 0.037123
21 21 (0) 3 : 0.966839 0.000062 0.000063 0.033037
22 22 (0) 2 : 0.000078 0.000077 0.000078 0.999766
23 23 (0) 2 : 0.000061 0.000059 0.000060 0.999820
24 24 (0) 2 : 0.000058 0.000057 0.000058 0.999826
25 25 (0) 4 : 0.140579 0.000069 0.859283 0.000069
26 26 (0) 4 : 0.000061 0.000060 0.999818 0.000061
27 27 (0) 4 : 0.000090 0.000088 0.999733 0.000089
28 28 (0) 4 : 0.000079 0.000077 0.999766 0.000078
29 29 (0) 4 : 0.000093 0.000092 0.999723 0.000092
30 30 (0) 4 : 0.000104 0.000102 0.999690 0.000104
31 31 (0) 4 : 0.000084 0.000083 0.999748 0.000084
32 32 (0) 4 : 0.000089 0.000087 0.999736 0.000088
33 33 (0) 4 : 0.000076 0.000075 0.999775 0.000075
34 34 (0) 4 : 0.000058 0.000057 0.999826 0.000058
35 35 (0) 4 : 0.148084 0.000055 0.851805 0.000056
36 36 (0) 4 : 0.000056 0.000055 0.999833 0.000056
37 37 (0) 4 : 0.000057 0.000056 0.999830 0.000057
38 38 (0) 4 : 0.000072 0.000071 0.999785 0.000072
39 39 (0) 4 : 0.000060 0.000059 0.999822 0.000059
40 40 (0) 4 : 0.000056 0.000055 0.999834 0.000056
41 41 (0) 4 : 0.000080 0.000079 0.999762 0.000079
42 42 (0) 4 : 0.000077 0.000076 0.999770 0.000077
43 43 (0) 4 : 0.000081 0.000079 0.999760 0.000080
44 44 (0) 4 : 0.000078 0.000076 0.999769 0.000077
45 45 (0) 4 : 0.000079 0.000077 0.999766 0.000078
46 46 (0) 4 : 0.000078 0.000077 0.999767 0.000078
47 47 (0) 4 : 0.000081 0.000080 0.999759 0.000080
48 48 (0) 4 : 0.000077 0.000076 0.999770 0.000077
49 49 (0) 4 : 0.000075 0.000074 0.999777 0.000074
50 50 (0) 4 : 0.000077 0.000076 0.999771 0.000076
51 51 (0) 1 : 0.999848 0.000050 0.000051 0.000051
52 52 (0) 1 : 0.999840 0.000053 0.000054 0.000053
53 53 (0) 1 : 0.694746 0.000086 0.305082 0.000086
54 54 (0) 1 : 0.411840 0.000059 0.588041 0.000060
55 55 (0) 1 : 0.673678 0.000092 0.326137 0.000092
56 56 (0) 1 : 0.477023 0.000057 0.522862 0.000058
57 57 (0) 1 : 0.497317 0.000055 0.502574 0.000055
58 58 (0) 1 : 0.590165 0.000074 0.409687 0.000074
59 59 (0) 1 : 0.999783 0.000072 0.000073 0.000073
60 60 (0) 1 : 0.999777 0.000074 0.000074 0.000074
61 61 (0) 1 : 0.999845 0.000051 0.000052 0.000052
62 62 (0) 1 : 0.844507 0.000066 0.155362 0.000066
63 63 (0) 1 : 0.877725 0.000069 0.122137 0.000069
64 64 (0) 1 : 0.999769 0.000076 0.000077 0.000077
65 65 (0) 1 : 0.999774 0.000075 0.000076 0.000076
66 66 (0) 1 : 0.999748 0.000084 0.000084 0.000084
67 67 (0) 1 : 0.999778 0.000073 0.000074 0.000074
68 68 (0) 1 : 0.999743 0.000085 0.000086 0.000086
69 69 (0) 1 : 0.999726 0.000091 0.000092 0.000092
70 70 (0) 1 : 0.999790 0.000070 0.000070 0.000070
71 71 (0) 1 : 0.999755 0.000081 0.000082 0.000082
72 72 (0) 1 : 0.999761 0.000079 0.000080 0.000080
73 73 (0) 1 : 0.999776 0.000074 0.000075 0.000075
74 74 (0) 1 : 0.999843 0.000052 0.000053 0.000053
75 75 (0) 1 : 0.999845 0.000051 0.000052 0.000052
76 76 (0) 1 : 0.999693 0.000102 0.000103 0.000103
77 77 (0) 1 : 0.999759 0.000080 0.000081 0.000081
78 78 (0) 1 : 0.999763 0.000078 0.000079 0.000079
79 79 (0) 1 : 0.717302 0.000066 0.282566 0.000066
80 80 (0) 1 : 0.999845 0.000051 0.000052 0.000052
81 81 (0) 1 : 0.999844 0.000052 0.000052 0.000052
82 82 (0) 1 : 0.999826 0.000058 0.000058 0.000058
83 83 (0) 1 : 0.999775 0.000073 0.000076 0.000076
84 84 (0) 1 : 0.999690 0.000103 0.000104 0.000103
85 85 (0) 1 : 0.999842 0.000052 0.000053 0.000053
86 86 (0) 1 : 0.999844 0.000052 0.000052 0.000052
87 87 (0) 5 : 0.365336 0.000079 0.634504 0.000081
88 88 (0) 5 : 0.334302 0.000069 0.665559 0.000070
89 89 (0) 5 : 0.741625 0.000054 0.000056 0.258265
90 90 (0) 5 : 0.000081 0.000078 0.999761 0.000081
91 91 (0) 5 : 0.000077 0.000075 0.999772 0.000076
92 92 (0) 5 : 0.344604 0.000061 0.655274 0.000062
93 93 (0) 5 : 0.196546 0.000084 0.803283 0.000086
94 94 (0) 5 : 0.238644 0.000063 0.761228 0.000064
95 95 (0) 5 : 0.000083 0.000081 0.999753 0.000083
96 96 (0) 5 : 0.190715 0.000073 0.809139 0.000074
97 97 (0) 6 : 0.999782 0.000072 0.000073 0.000073
98 98 (0) 6 : 0.999789 0.000070 0.000071 0.000071
99 99 (0) 6 : 0.999788 0.000070 0.000071 0.000071
100 100 (0) 6 : 0.999831 0.000055 0.000057 0.000057
101 101 (0) 6 : 0.999831 0.000055 0.000057 0.000057
102 102 (0) 6 : 0.999841 0.000052 0.000054 0.000054
103 103 (0) 6 : 0.999785 0.000071 0.000072 0.000072
104 104 (0) 6 : 0.999772 0.000075 0.000076 0.000076
105 105 (0) 6 : 0.000077 0.999772 0.000076 0.000075
106 106 (0) 6 : 0.999748 0.000084 0.000084 0.000084
107 107 (0) 6 : 0.999775 0.000074 0.000075 0.000075
108 108 (0) 6 : 0.999765 0.000079 0.000078 0.000079
109 109 (0) 6 : 0.000079 0.999764 0.000079 0.000078
110 110 (0) 2 : 0.161714 0.000059 0.000060 0.838167
111 111 (0) 2 : 0.000077 0.000076 0.000077 0.999771
112 112 (0) 2 : 0.000078 0.000076 0.000078 0.999767
113 113 (0) 2 : 0.000072 0.000071 0.000072 0.999786
114 114 (0) 2 : 0.000075 0.000073 0.000074 0.999777
115 115 (0) 3 : 0.940166 0.000052 0.000053 0.059729
1 1 (0) 1 : 0.999768 0.000078 0.000077 0.000077
2 2 (0) 1 : 0.999779 0.000074 0.000074 0.000073
3 3 (0) 1 : 0.999765 0.000079 0.000078 0.000078
4 4 (0) 1 : 0.999764 0.000079 0.000079 0.000078
5 5 (0) 1 : 0.999753 0.000083 0.000082 0.000082
6 6 (0) 1 : 0.999763 0.000080 0.000079 0.000079
7 7 (0) 1 : 0.999746 0.000085 0.000085 0.000084
8 8 (0) 1 : 0.999822 0.000060 0.000060 0.000059
9 9 (0) 1 : 0.999833 0.000056 0.000056 0.000055
10 10 (0) 1 : 0.999803 0.000066 0.000066 0.000065
11 11 (0) 1 : 0.999771 0.000077 0.000077 0.000076
12 12 (0) 1 : 0.999812 0.000063 0.000063 0.000062
13 13 (0) 1 : 0.999775 0.000075 0.000075 0.000074
14 14 (0) 1 : 0.999773 0.000076 0.000076 0.000075
15 15 (0) 1 : 0.999772 0.000076 0.000076 0.000075
16 16 (0) 1 : 0.999760 0.000080 0.000080 0.000080
17 17 (0) 1 : 0.999740 0.000087 0.000087 0.000086
18 18 (0) 2 : 0.000060 0.000059 0.999823 0.000058
19 19 (0) 2 : 0.000077 0.000077 0.999770 0.000076
20 20 (0) 3 : 0.999819 0.000061 0.000061 0.000059
21 21 (0) 3 : 0.999812 0.000063 0.000063 0.000062
22 22 (0) 2 : 0.000078 0.000078 0.999767 0.000077
23 23 (0) 2 : 0.000061 0.000060 0.999820 0.000059
24 24 (0) 2 : 0.000058 0.000058 0.999827 0.000057
25 25 (0) 4 : 0.113676 0.886186 0.000069 0.000068
26 26 (0) 4 : 0.000061 0.999818 0.000061 0.000060
27 27 (0) 4 : 0.000089 0.999733 0.000089 0.000088
28 28 (0) 4 : 0.000079 0.999765 0.000078 0.000078
29 29 (0) 4 : 0.000093 0.999724 0.000092 0.000091
30 30 (0) 4 : 0.111050 0.888744 0.000103 0.000102
31 31 (0) 4 : 0.000084 0.999749 0.000084 0.000083
32 32 (0) 4 : 0.000089 0.999736 0.000088 0.000087
33 33 (0) 4 : 0.000076 0.999775 0.000075 0.000074
34 34 (0) 4 : 0.000058 0.999827 0.000058 0.000057
35 35 (0) 4 : 0.110206 0.889684 0.000056 0.000055
36 36 (0) 4 : 0.000056 0.999833 0.000056 0.000055
37 37 (0) 4 : 0.000057 0.999831 0.000057 0.000056
38 38 (0) 4 : 0.000072 0.999786 0.000071 0.000071
39 39 (0) 4 : 0.000060 0.999822 0.000059 0.000059
40 40 (0) 4 : 0.000056 0.999834 0.000055 0.000055
41 41 (0) 4 : 0.000080 0.999762 0.000079 0.000079
42 42 (0) 4 : 0.000077 0.999770 0.000077 0.000076
43 43 (0) 4 : 0.000081 0.999760 0.000080 0.000079
44 44 (0) 4 : 0.000078 0.999769 0.000077 0.000076
45 45 (0) 4 : 0.000078 0.999766 0.000078 0.000077
46 46 (0) 4 : 0.000078 0.999767 0.000078 0.000077
47 47 (0) 4 : 0.000081 0.999759 0.000080 0.000079
48 48 (0) 4 : 0.093993 0.905855 0.000076 0.000075
49 49 (0) 4 : 0.000075 0.999777 0.000074 0.000074
50 50 (0) 4 : 0.000077 0.999771 0.000076 0.000076
51 51 (0) 1 : 0.999848 0.000051 0.000051 0.000050
52 52 (0) 1 : 0.999840 0.000054 0.000053 0.000053
53 53 (0) 1 : 0.701738 0.298090 0.000086 0.000086
54 54 (0) 1 : 0.413323 0.586559 0.000060 0.000059
55 55 (0) 1 : 0.674721 0.325095 0.000092 0.000091
56 56 (0) 1 : 0.476582 0.523303 0.000058 0.000057
57 57 (0) 1 : 0.497207 0.502684 0.000055 0.000054
58 58 (0) 1 : 0.591991 0.407861 0.000074 0.000074
59 59 (0) 1 : 0.999783 0.000073 0.000073 0.000072
60 60 (0) 1 : 0.999778 0.000075 0.000074 0.000073
61 61 (0) 1 : 0.999845 0.000052 0.000052 0.000051
62 62 (0) 1 : 0.846092 0.153777 0.000066 0.000065
63 63 (0) 1 : 0.880254 0.119608 0.000069 0.000069
64 64 (0) 1 : 0.999769 0.000077 0.000077 0.000076
65 65 (0) 1 : 0.999774 0.000076 0.000076 0.000075
66 66 (0) 1 : 0.999749 0.000084 0.000084 0.000083
67 67 (0) 1 : 0.999778 0.000074 0.000074 0.000073
68 68 (0) 1 : 0.999743 0.000086 0.000086 0.000085
69 69 (0) 1 : 0.999726 0.000092 0.000091 0.000091
70 70 (0) 1 : 0.999791 0.000070 0.000070 0.000069
71 71 (0) 1 : 0.999755 0.000082 0.000082 0.000081
72 72 (0) 1 : 0.999761 0.000080 0.000080 0.000079
73 73 (0) 1 : 0.999776 0.000075 0.000075 0.000074
74 74 (0) 1 : 0.999843 0.000053 0.000053 0.000052
75 75 (0) 1 : 0.999845 0.000052 0.000052 0.000051
76 76 (0) 1 : 0.999693 0.000103 0.000103 0.000102
77 77 (0) 1 : 0.999759 0.000081 0.000080 0.000080
78 78 (0) 1 : 0.999763 0.000080 0.000079 0.000079
79 79 (0) 1 : 0.714087 0.285782 0.000066 0.000066
80 80 (0) 1 : 0.999845 0.000052 0.000052 0.000051
81 81 (0) 1 : 0.999844 0.000052 0.000052 0.000051
82 82 (0) 1 : 0.999826 0.000058 0.000058 0.000057
83 83 (0) 1 : 0.999773 0.000076 0.000076 0.000075
84 84 (0) 1 : 0.966219 0.033576 0.000103 0.000102
85 85 (0) 1 : 0.999842 0.000053 0.000053 0.000052
86 86 (0) 1 : 0.999844 0.000052 0.000052 0.000051
87 87 (0) 5 : 0.349098 0.650741 0.000081 0.000080
88 88 (0) 5 : 0.315601 0.684260 0.000070 0.000069
89 89 (0) 5 : 0.465755 0.534136 0.000055 0.000054
90 90 (0) 5 : 0.139265 0.860575 0.000081 0.000080
91 91 (0) 5 : 0.000077 0.999771 0.000076 0.000076
92 92 (0) 5 : 0.324630 0.675247 0.000062 0.000061
93 93 (0) 5 : 0.200358 0.799472 0.000086 0.000085
94 94 (0) 5 : 0.221786 0.778086 0.000064 0.000063
95 95 (0) 5 : 0.000083 0.999752 0.000083 0.000082
96 96 (0) 5 : 0.187210 0.812644 0.000074 0.000073
97 97 (0) 6 : 0.999782 0.000073 0.000073 0.000072
98 98 (0) 6 : 0.999788 0.000071 0.000070 0.000071
99 99 (0) 6 : 0.999787 0.000071 0.000071 0.000071
100 100 (0) 6 : 0.999829 0.000057 0.000057 0.000057
101 101 (0) 6 : 0.999830 0.000057 0.000057 0.000056
102 102 (0) 6 : 0.999840 0.000054 0.000054 0.000053
103 103 (0) 6 : 0.999784 0.000072 0.000072 0.000072
104 104 (0) 6 : 0.999772 0.000076 0.000076 0.000075
105 105 (0) 6 : 0.000077 0.000076 0.000075 0.999772
106 106 (0) 6 : 0.999747 0.000084 0.000084 0.000085
107 107 (0) 6 : 0.999776 0.000075 0.000075 0.000075
108 108 (0) 6 : 0.999764 0.000079 0.000079 0.000079
109 109 (0) 6 : 0.000079 0.000079 0.000078 0.999764
110 110 (0) 2 : 0.164291 0.000060 0.835590 0.000059
111 111 (0) 2 : 0.000077 0.000077 0.999771 0.000075
112 112 (0) 2 : 0.000078 0.000078 0.999766 0.000077
113 113 (0) 2 : 0.000072 0.000072 0.999786 0.000070
114 114 (0) 2 : 0.000075 0.000074 0.999778 0.000073
115 115 (0) 3 : 0.958328 0.000053 0.041567 0.000052
