1 1 (0) 1 : 0.000041 0.000041 0.000041 0.999753 0.000041 0.000041 0.000041
2 2 (0) 1 : 0.000039 0.000039 0.000039 0.999764 0.000039 0.000039 0.000039
3 3 (0) 1 : 0.000042 0.000042 0.000042 0.999748 0.000042 0.000042 0.000042
4 4 (0) 1 : 0.000042 0.000042 0.000042 0.999748 0.000042 0.000042 0.000042
5 5 (0) 1 : 0.000044 0.000044 0.000044 0.999735 0.000044 0.000044 0.000044
6 6 (0) 1 : 0.000042 0.000042 0.000042 0.999746 0.000042 0.000042 0.000042
7 7 (0) 1 : 0.000045 0.000045 0.000046 0.999727 0.000046 0.000045 0.000045
8 8 (0) 1 : 0.000032 0.000032 0.000032 0.999808 0.000032 0.000032 0.000032
9 9 (0) 1 : 0.000030 0.000030 0.000030 0.999819 0.000030 0.000030 0.000030
10 10 (0) 1 : 0.000035 0.000035 0.000035 0.999789 0.000035 0.000035 0.000035
11 11 (0) 1 : 0.000041 0.000041 0.000041 0.999753 0.000041 0.000041 0.000041
12 12 (0) 1 : 0.000034 0.000034 0.000034 0.999798 0.000034 0.000034 0.000034
13 13 (0) 1 : 0.000040 0.000040 0.000040 0.999758 0.000040 0.000040 0.000040
14 14 (0) 1 : 0.000041 0.000041 0.000041 0.999755 0.000041 0.000041 0.000041
15 15 (0) 1 : 0.000041 0.000041 0.000041 0.999755 0.000041 0.000041 0.000041
16 16 (0) 1 : 0.000043 0.000043 0.000043 0.999742 0.000043 0.000043 0.000043
17 17 (0) 1 : 0.000047 0.000047 0.000047 0.999720 0.000047 0.000047 0.000047
18 18 (0) 2 : 0.000032 0.000032 0.000032 0.000032 0.999810 0.000032 0.000032
19 19 (0) 2 : 0.000041 0.000041 0.000041 0.000041 0.999756 0.000041 0.000041
20 20 (0) 3 : 0.000032 0.000032 0.000032 0.999807 0.000032 0.000032 0.000032
21 21 (0) 3 : 0.000034 0.000034 0.000034 0.999798 0.000034 0.000034 0.000034
22 22 (0) 2 : 0.000041 0.000041 0.000041 0.000041 0.999752 0.000041 0.000041
23 23 (0) 2 : 0.000032 0.000032 0.000032 0.000032 0.999808 0.000032 0.000032
24 24 (0) 2 : 0.000031 0.000031 0.000031 0.000031 0.999814 0.000031 0.000031
25 25 (0) 4 : 0.000037 0.000037 0.883529 0.116286 0.000037 0.000037 0.000037
26 26 (0) 4 : 0.000032 0.000032 0.999805 0.000033 0.000033 0.000032 0.000032
27 27 (0) 4 : 0.000048 0.000048 0.999713 0.000048 0.000048 0.000048 0.000048
28 28 (0) 4 : 0.000042 0.000042 0.999748 0.000042 0.000042 0.000042 0.000042
29 29 (0) 4 : 0.000049 0.000049 0.999703 0.000049 0.000049 0.000049 0.000049
30 30 (0) 4 : 0.000055 0.000055 0.878306 0.121418 0.000055 0.000055 0.000055
31 31 (0) 4 : 0.000045 0.000045 0.999730 0.000045 0.000045 0.000045 0.000045
32 32 (0) 4 : 0.000047 0.000047 0.999717 0.000047 0.000047 0.000047 0.000047
33 33 (0) 4 : 0.000040 0.000040 0.999758 0.000040 0.000040 0.000040 0.000040
34 34 (0) 4 : 0.000031 0.000031 0.999815 0.000031 0.000031 0.000031 0.000031
35 35 (0) 4 : 0.000030 0.000030 0.875672 0.124179 0.000030 0.000030 0.000030
36 36 (0) 4 : 0.000030 0.000030 0.999820 0.000030 0.000030 0.000030 0.000030
37 37 (0) 4 : 0.000030 0.000030 0.999818 0.000030 0.000030 0.000030 0.000030
38 38 (0) 4 : 0.000038 0.000038 0.999770 0.000038 0.000038 0.000038 0.000038
39 39 (0) 4 : 0.000032 0.000032 0.999809 0.000032 0.000032 0.000032 0.000032
40 40 (0) 4 : 0.000030 0.000030 0.999821 0.000030 0.000030 0.000030 0.000030
41 41 (0) 4 : 0.000042 0.000042 0.999745 0.000043 0.000043 0.000042 0.000042
42 42 (0) 4 : 0.000041 0.000041 0.999753 0.000041 0.000041 0.000041 0.000041
43 43 (0) 4 : 0.000043 0.000043 0.999742 0.000043 0.000043 0.000043 0.000043
44 44 (0) 4 : 0.000041 0.000041 0.999752 0.000041 0.000041 0.000041 0.000041
45 45 (0) 4 : 0.000042 0.000042 0.999749 0.000042 0.000042 0.000042 0.000042
46 46 (0) 4 : 0.000041 0.000041 0.999752 0.000041 0.000041 0.000041 0.000041
47 47 (0) 4 : 0.000043 0.000043 0.999742 0.000043 0.000043 0.000043 0.000043
48 48 (0) 4 : 0.000041 0.000041 0.824298 0.175497 0.000041 0.000041 0.000041
49 49 (0) 4 : 0.000040 0.000040 0.999761 0.000040 0.000040 0.000040 0.000040
50 50 (0) 4 : 0.000041 0.000041 0.999755 0.000041 0.000041 0.000041 0.000041
51 51 (0) 1 : 0.000027 0.000027 0.000027 0.999837 0.000027 0.000027 0.000027
52 52 (0) 1 : 0.000029 0.000029 0.000029 0.999828 0.000029 0.000029 0.000029
53 53 (0) 1 : 0.000046 0.000046 0.089362 0.781476 0.128979 0.000046 0.000046
54 54 (0) 1 : 0.000032 0.000032 0.581413 0.418428 0.000032 0.000032 0.000032
55 55 (0) 1 : 0.000049 0.000049 0.357790 0.641963 0.000049 0.000049 0.000049
56 56 (0) 1 : 0.000031 0.000031 0.589968 0.409878 0.000031 0.000031 0.000031
57 57 (0) 1 : 0.000029 0.000029 0.550347 0.449506 0.000029 0.000029 0.000029
58 58 (0) 1 : 0.000040 0.000040 0.453184 0.546618 0.000040 0.000040 0.000040
59 59 (0) 1 : 0.000039 0.000039 0.018105 0.981702 0.000039 0.000039 0.000039
60 60 (0) 1 : 0.000040 0.000040 0.000040 0.999761 0.000040 0.000040 0.000040
61 61 (0) 1 : 0.000028 0.000028 0.000028 0.999833 0.000028 0.000028 0.000028
62 62 (0) 1 : 0.000035 0.000035 0.187771 0.812053 0.000035 0.000035 0.000035
63 63 (0) 1 : 0.000037 0.000037 0.127311 0.872503 0.000037 0.000037 0.000037
64 64 (0) 1 : 0.000041 0.000041 0.000041 0.999752 0.000041 0.000041 0.000041
65 65 (0) 1 : 0.000041 0.000041 0.000041 0.999757 0.000041 0.000041 0.000041
66 66 (0) 1 : 0.000045 0.000045 0.000045 0.999730 0.000045 0.000045 0.000045
67 67 (0) 1 : 0.000040 0.000040 0.000040 0.999762 0.000040 0.000040 0.000040
68 68 (0) 1 : 0.000046 0.000046 0.000046 0.999724 0.000046 0.000046 0.000046
69 69 (0) 1 : 0.000049 0.000049 0.000049 0.999705 0.000049 0.000049 0.000049
70 70 (0) 1 : 0.000038 0.000038 0.000038 0.999775 0.000038 0.000038 0.000038
71 71 (0) 1 : 0.000044 0.000044 0.000044 0.999737 0.000044 0.000044 0.000044
72 72 (0) 1 : 0.000043 0.000043 0.000043 0.999743 0.000043 0.000043 0.000043
73 73 (0) 1 : 0.000040 0.000040 0.000040 0.999760 0.000040 0.000040 0.000040
74 74 (0) 1 : 0.000028 0.000028 0.000028 0.999830 0.000028 0.000028 0.000028
75 75 (0) 1 : 0.000028 0.000028 0.000028 0.999833 0.000028 0.000028 0.000028
76 76 (0) 1 : 0.000055 0.000055 0.000055 0.999670 0.000055 0.000055 0.000055
77 77 (0) 1 : 0.000043 0.000043 0.000043 0.999741 0.000043 0.000043 0.000043
78 78 (0) 1 : 0.000042 0.000042 0.000042 0.999745 0.000042 0.000042 0.000042
79 79 (0) 1 : 0.000035 0.000035 0.363268 0.636555 0.000035 0.000035 0.000035
80 80 (0) 1 : 0.000028 0.000028 0.000028 0.999833 0.000028 0.000028 0.000028
81 81 (0) 1 : 0.000028 0.000028 0.000028 0.999833 0.000028 0.000028 0.000028
82 82 (0) 1 : 0.000031 0.000031 0.000031 0.999813 0.000031 0.000031 0.000031
83 83 (0) 1 : 0.000040 0.000040 0.000040 0.999758 0.000040 0.000040 0.000040
84 84 (0) 1 : 0.000055 0.000055 0.000055 0.999670 0.000055 0.000055 0.000055
85 85 (0) 1 : 0.000028 0.000028 0.000028 0.999830 0.000028 0.000028 0.000028
86 86 (0) 1 : 0.000028 0.000028 0.000028 0.999833 0.000028 0.000028 0.000028
87 87 (0) 5 : 0.000043 0.000043 0.455546 0.544238 0.000043 0.000043 0.000043
88 88 (0) 5 : 0.000037 0.000037 0.629327 0.370486 0.000037 0.000037 0.000037
89 89 (0) 5 : 0.000029 0.000029 0.493164 0.506690 0.000029 0.000029 0.000029
90 90 (0) 5 : 0.000043 0.000043 0.869500 0.130285 0.000043 0.000043 0.000043
91 91 (0) 5 : 0.000041 0.000041 0.902691 0.097105 0.000041 0.000041 0.000041
92 92 (0) 5 : 0.000033 0.000033 0.590548 0.409287 0.000033 0.000033 0.000033
93 93 (0) 5 : 0.000046 0.000046 0.737119 0.262651 0.000046 0.000046 0.000046
94 94 (0) 5 : 0.000034 0.000034 0.771126 0.228702 0.000034 0.000034 0.000034
95 95 (0) 5 : 0.000044 0.000044 0.886516 0.113263 0.000044 0.000044 0.000044
96 96 (0) 5 : 0.000039 0.000039 0.848358 0.151446 0.000039 0.000039 0.000039
97 97 (0) 6 : 0.000039 0.000039 0.000039 0.999766 0.000039 0.000039 0.000039
98 98 (0) 6 : 0.000038 0.000038 0.000038 0.999775 0.000038 0.000038 0.000038
99 99 (0) 6 : 0.000038 0.000038 0.000038 0.999774 0.000038 0.000038 0.000038
100 100 (0) 6 : 0.000030 0.000030 0.000031 0.999817 0.000031 0.000030 0.000030
101 101 (0) 6 : 0.000030 0.000030 0.000030 0.999817 0.000030 0.000030 0.000030
102 102 (0) 6 : 0.000029 0.000029 0.000029 0.999828 0.000029 0.000029 0.000029
103 103 (0) 6 : 0.000038 0.000038 0.000038 0.999769 0.000038 0.000038 0.000038
104 104 (0) 6 : 0.000041 0.000041 0.000041 0.999756 0.000041 0.000041 0.000041
105 105 (0) 6 : 0.000040 0.000040 0.000040 0.999761 0.000040 0.000040 0.000040
106 106 (0) 6 : 0.000045 0.000045 0.000045 0.999731 0.000045 0.000045 0.000045
107 107 (0) 6 : 0.000040 0.000040 0.000040 0.999760 0.000040 0.000040 0.000040
108 108 (0) 6 : 0.000042 0.000042 0.000042 0.999747 0.000042 0.000042 0.000042
109 109 (0) 6 : 0.000041 0.000041 0.000041 0.999752 0.000041 0.000041 0.000041
110 110 (0) 2 : 0.000032 0.000032 0.000032 0.194709 0.805132 0.000032 0.000032
111 111 (0) 2 : 0.000041 0.000041 0.000041 0.253131 0.746665 0.000041 0.000041
112 112 (0) 2 : 0.000042 0.000042 0.000042 0.216324 0.783469 0.000042 0.000042
113 113 (0) 2 : 0.000038 0.000038 0.000038 0.000038 0.999772 0.000038 0.000038
114 114 (0) 2 : 0.000040 0.000040 0.000040 0.144002 0.855799 0.000040 0.000040
115 115 (0) 3 : 0.000028 0.000028 0.000028 0.999830 0.000028 0.000028 0.000028
1 1 (0) 1 : 0.999753 0.000041 0.000041 0.000041 0.000041 0.000041 0.000041
2 2 (0) 1 : 0.999764 0.000039 0.000039 0.000039 0.000039 0.000039 0.000039
3 3 (0) 1 : 0.999748 0.000042 0.000042 0.000042 0.000042 0.000042 0.000042
4 4 (0) 1 : 0.999748 0.000042 0.000042 0.000042 0.000042 0.000042 0.000042
5 5 (0) 1 : 0.999735 0.000044 0.000044 0.000044 0.000044 0.000044 0.000044
6 6 (0) 1 : 0.999746 0.000042 0.000042 0.000042 0.000042 0.000042 0.000042
7 7 (0) 1 : 0.999727 0.000046 0.000046 0.000046 0.000046 0.000046 0.000046
8 8 (0) 1 : 0.999808 0.000032 0.000032 0.000032 0.000032 0.000032 0.000032
9 9 (0) 1 : 0.999819 0.000030 0.000030 0.000030 0.000030 0.000030 0.000030
10 10 (0) 1 : 0.999789 0.000035 0.000035 0.000035 0.000035 0.000035 0.000035
11 11 (0) 1 : 0.999753 0.000041 0.000041 0.000041 0.000041 0.000041 0.000041
12 12 (0) 1 : 0.999798 0.000034 0.000034 0.000034 0.000034 0.000034 0.000034
13 13 (0) 1 : 0.999758 0.000040 0.000040 0.000040 0.000040 0.000040 0.000040
14 14 (0) 1 : 0.999755 0.000041 0.000041 0.000041 0.000041 0.000041 0.000041
15 15 (0) 1 : 0.999755 0.000041 0.000041 0.000041 0.000041 0.000041 0.000041
16 16 (0) 1 : 0.999742 0.000043 0.000043 0.000043 0.000043 0.000043 0.000043
17 17 (0) 1 : 0.999720 0.000047 0.000047 0.000047 0.000047 0.000047 0.000047
18 18 (0) 2 : 0.999810 0.000032 0.000032 0.000032 0.000032 0.000032 0.000032
19 19 (0) 2 : 0.999756 0.000041 0.000041 0.000041 0.000041 0.000041 0.000041
20 20 (0) 3 : 0.999807 0.000032 0.000032 0.000032 0.000032 0.000032 0.000032
21 21 (0) 3 : 0.999798 0.000034 0.000034 0.000034 0.000034 0.000034 0.000034
22 22 (0) 2 : 0.999751 0.000041 0.000041 0.000041 0.000041 0.000041 0.000041
23 23 (0) 2 : 0.999807 0.000032 0.000032 0.000032 0.000032 0.000032 0.000032
24 24 (0) 2 : 0.999814 0.000031 0.000031 0.000031 0.000031 0.000031 0.000031
25 25 (0) 4 : 0.098737 0.000037 0.901077 0.000037 0.000037 0.000037 0.000037
26 26 (0) 4 : 0.000033 0.000032 0.999805 0.000032 0.000032 0.000032 0.000032
27 27 (0) 4 : 0.000048 0.000048 0.999713 0.000048 0.000048 0.000048 0.000048
28 28 (0) 4 : 0.000042 0.000042 0.999748 0.000042 0.000042 0.000042 0.000042
29 29 (0) 4 : 0.000050 0.000049 0.999703 0.000049 0.000049 0.000049 0.000049
30 30 (0) 4 : 0.128372 0.000055 0.871352 0.000055 0.000055 0.000055 0.000055
31 31 (0) 4 : 0.000045 0.000045 0.999730 0.000045 0.000045 0.000045 0.000045
32 32 (0) 4 : 0.000047 0.000047 0.999717 0.000047 0.000047 0.000047 0.000047
33 33 (0) 4 : 0.000040 0.000040 0.999758 0.000040 0.000040 0.000040 0.000040
34 34 (0) 4 : 0.000031 0.000031 0.999815 0.000031 0.000031 0.000031 0.000031
35 35 (0) 4 : 0.147228 0.000030 0.852623 0.000030 0.000030 0.000030 0.000030
36 36 (0) 4 : 0.000030 0.000030 0.999820 0.000030 0.000030 0.000030 0.000030
37 37 (0) 4 : 0.000030 0.000030 0.999818 0.000030 0.000030 0.000030 0.000030
38 38 (0) 4 : 0.000038 0.000038 0.999770 0.000038 0.000038 0.000038 0.000038
39 39 (0) 4 : 0.000032 0.000032 0.999809 0.000032 0.000032 0.000032 0.000032
40 40 (0) 4 : 0.000030 0.000030 0.999821 0.000030 0.000030 0.000030 0.000030
41 41 (0) 4 : 0.000043 0.000042 0.999745 0.000042 0.000042 0.000042 0.000042
42 42 (0) 4 : 0.000041 0.000041 0.999753 0.000041 0.000041 0.000041 0.000041
43 43 (0) 4 : 0.000043 0.000043 0.999742 0.000043 0.000043 0.000043 0.000043
44 44 (0) 4 : 0.000041 0.000041 0.999752 0.000041 0.000041 0.000041 0.000041
45 45 (0) 4 : 0.000042 0.000042 0.999749 0.000042 0.000042 0.000042 0.000042
46 46 (0) 4 : 0.036720 0.000041 0.963074 0.000041 0.000041 0.000041 0.000041
47 47 (0) 4 : 0.000043 0.000043 0.999742 0.000043 0.000043 0.000043 0.000043
48 48 (0) 4 : 0.184167 0.000041 0.815629 0.000041 0.000041 0.000041 0.000041
49 49 (0) 4 : 0.000040 0.000040 0.999761 0.000040 0.000040 0.000040 0.000040
50 50 (0) 4 : 0.000041 0.000041 0.999755 0.000041 0.000041 0.000041 0.000041
51 51 (0) 1 : 0.999837 0.000027 0.000027 0.000027 0.000027 0.000027 0.000027
52 52 (0) 1 : 0.999828 0.000029 0.000029 0.000029 0.000029 0.000029 0.000029
53 53 (0) 1 : 0.914530 0.000046 0.085241 0.000046 0.000046 0.000046 0.000046
54 54 (0) 1 : 0.453203 0.000032 0.546638 0.000032 0.000032 0.000032 0.000032
55 55 (0) 1 : 0.684590 0.000049 0.315164 0.000049 0.000049 0.000049 0.000049
56 56 (0) 1 : 0.441588 0.000031 0.558258 0.000031 0.000031 0.000031 0.000031
57 57 (0) 1 : 0.490627 0.000029 0.509226 0.000029 0.000029 0.000029 0.000029
58 58 (0) 1 : 0.572711 0.000040 0.427091 0.000040 0.000040 0.000040 0.000040
59 59 (0) 1 : 0.999768 0.000039 0.000039 0.000039 0.000039 0.000039 0.000039
60 60 (0) 1 : 0.999761 0.000040 0.000040 0.000040 0.000040 0.000040 0.000040
61 61 (0) 1 : 0.999833 0.000028 0.000028 0.000028 0.000028 0.000028 0.000028
62 62 (0) 1 : 0.850868 0.000035 0.148956 0.000035 0.000035 0.000035 0.000035
63 63 (0) 1 : 0.899308 0.000037 0.100507 0.000037 0.000037 0.000037 0.000037
64 64 (0) 1 : 0.999752 0.000041 0.000041 0.000041 0.000041 0.000041 0.000041
65 65 (0) 1 : 0.999757 0.000041 0.000041 0.000041 0.000041 0.000041 0.000041
66 66 (0) 1 : 0.999730 0.000045 0.000045 0.000045 0.000045 0.000045 0.000045
67 67 (0) 1 : 0.999762 0.000040 0.000040 0.000040 0.000040 0.000040 0.000040
68 68 (0) 1 : 0.999724 0.000046 0.000046 0.000046 0.000046 0.000046 0.000046
69 69 (0) 1 : 0.999706 0.000049 0.000049 0.000049 0.000049 0.000049 0.000049
70 70 (0) 1 : 0.999775 0.000038 0.000038 0.000038 0.000038 0.000038 0.000038
71 71 (0) 1 : 0.999737 0.000044 0.000044 0.000044 0.000044 0.000044 0.000044
72 72 (0) 1 : 0.999743 0.000043 0.000043 0.000043 0.000043 0.000043 0.000043
73 73 (0) 1 : 0.999760 0.000040 0.000040 0.000040 0.000040 0.000040 0.000040
74 74 (0) 1 : 0.999830 0.000028 0.000028 0.000028 0.000028 0.000028 0.000028
75 75 (0) 1 : 0.999833 0.000028 0.000028 0.000028 0.000028 0.000028 0.000028
76 76 (0) 1 : 0.999670 0.000055 0.000055 0.000055 0.000055 0.000055 0.000055
77 77 (0) 1 : 0.999741 0.000043 0.000043 0.000043 0.000043 0.000043 0.000043
78 78 (0) 1 : 0.999746 0.000042 0.000042 0.000042 0.000042 0.000042 0.000042
79 79 (0) 1 : 0.694287 0.000035 0.305536 0.000035 0.000035 0.000035 0.000035
80 80 (0) 1 : 0.999833 0.000028 0.000028 0.000028 0.000028 0.000028 0.000028
81 81 (0) 1 : 0.999833 0.000028 0.000028 0.000028 0.000028 0.000028 0.000028
82 82 (0) 1 : 0.999813 0.000031 0.000031 0.000031 0.000031 0.000031 0.000031
83 83 (0) 1 : 0.999758 0.000040 0.000040 0.000040 0.000040 0.000040 0.000040
84 84 (0) 1 : 0.999670 0.000055 0.000055 0.000055 0.000055 0.000055 0.000055
85 85 (0) 1 : 0.999830 0.000028 0.000028 0.000028 0.000028 0.000028 0.000028
86 86 (0) 1 : 0.999833 0.000028 0.000028 0.000028 0.000028 0.000028 0.000028
87 87 (0) 5 : 0.573158 0.000043 0.426626 0.000043 0.000043 0.000043 0.000043
88 88 (0) 5 : 0.405016 0.000037 0.594797 0.000037 0.000037 0.000037 0.000037
89 89 (0) 5 : 0.537772 0.000029 0.462082 0.000029 0.000029 0.000029 0.000029
90 90 (0) 5 : 0.147079 0.000043 0.852706 0.000043 0.000043 0.000043 0.000043
91 91 (0) 5 : 0.124383 0.000041 0.875413 0.000041 0.000041 0.000041 0.000041
92 92 (0) 5 : 0.445369 0.000033 0.554466 0.000033 0.000033 0.000033 0.000033
93 93 (0) 5 : 0.268490 0.000046 0.731280 0.000046 0.000046 0.000046 0.000046
94 94 (0) 5 : 0.262931 0.000034 0.736897 0.000034 0.000034 0.000034 0.000034
95 95 (0) 5 : 0.146408 0.000044 0.853371 0.000044 0.000044 0.000044 0.000044
96 96 (0) 5 : 0.167298 0.000039 0.832506 0.000039 0.000039 0.000039 0.000039
97 97 (0) 6 : 0.999766 0.000039 0.000039 0.000039 0.000039 0.000039 0.000039
98 98 (0) 6 : 0.999775 0.000038 0.000038 0.000038 0.000038 0.000038 0.000038
99 99 (0) 6 : 0.999774 0.000038 0.000038 0.000038 0.000038 0.000038 0.000038
100 100 (0) 6 : 0.999817 0.000030 0.000031 0.000030 0.000030 0.000030 0.000030
101 101 (0) 6 : 0.999817 0.000030 0.000030 0.000030 0.000030 0.000030 0.000030
102 102 (0) 6 : 0.999828 0.000029 0.000029 0.000029 0.000029 0.000029 0.000029
103 103 (0) 6 : 0.999770 0.000038 0.000038 0.000038 0.000038 0.000038 0.000038
104 104 (0) 6 : 0.999756 0.000041 0.000041 0.000041 0.000041 0.000041 0.000041
105 105 (0) 6 : 0.999761 0.000040 0.000040 0.000040 0.000040 0.000040 0.000040
106 106 (0) 6 : 0.999731 0.000045 0.000045 0.000045 0.000045 0.000045 0.000045
107 107 (0) 6 : 0.999760 0.000040 0.000040 0.000040 0.000040 0.000040 0.000040
108 108 (0) 6 : 0.999747 0.000042 0.000042 0.000042 0.000042 0.000042 0.000042
109 109 (0) 6 : 0.999752 0.000041 0.000041 0.000041 0.000041 0.000041 0.000041
110 110 (0) 2 : 0.999809 0.000032 0.000032 0.000032 0.000032 0.000032 0.000032
111 111 (0) 2 : 0.999755 0.000041 0.000041 0.000041 0.000041 0.000041 0.000041
112 112 (0) 2 : 0.999751 0.000042 0.000042 0.000042 0.000042 0.000042 0.000042
113 113 (0) 2 : 0.999771 0.000038 0.000038 0.000038 0.000038 0.000038 0.000038
114 114 (0) 2 : 0.999762 0.000040 0.000040 0.000040 0.000040 0.000040 0.000040
115 115 (0) 3 : 0.999830 0.000028 0.000028 0.000028 0.000028 0.000028 0.000028
1 1 (0) 1 : 0.000041 0.999753 0.000041 0.000041 0.000041 0.000041 0.000041
2 2 (0) 1 : 0.000039 0.999764 0.000039 0.000039 0.000039 0.000039 0.000039
3 3 (0) 1 : 0.000042 0.999748 0.000042 0.000042 0.000042 0.000042 0.000042
4 4 (0) 1 : 0.000042 0.999747 0.000042 0.000042 0.000042 0.000042 0.000042
5 5 (0) 1 : 0.000044 0.999735 0.000044 0.000044 0.000044 0.000044 0.000044
6 6 (0) 1 : 0.000042 0.999746 0.000042 0.000042 0.000042 0.000042 0.000042
7 7 (0) 1 : 0.000046 0.999727 0.000045 0.000046 0.000045 0.000046 0.000045
8 8 (0) 1 : 0.000032 0.999808 0.000032 0.000032 0.000032 0.000032 0.000032
9 9 (0) 1 : 0.000030 0.999819 0.000030 0.000030 0.000030 0.000030 0.000030
10 10 (0) 1 : 0.000035 0.999789 0.000035 0.000035 0.000035 0.000035 0.000035
11 11 (0) 1 : 0.000041 0.999753 0.000041 0.000041 0.000041 0.000041 0.000041
12 12 (0) 1 : 0.000034 0.999798 0.000034 0.000034 0.000034 0.000034 0.000034
13 13 (0) 1 : 0.000040 0.999758 0.000040 0.000040 0.000040 0.000040 0.000040
14 14 (0) 1 : 0.000041 0.999755 0.000041 0.000041 0.000041 0.000041 0.000041
15 15 (0) 1 : 0.000041 0.999755 0.000041 0.000041 0.000041 0.000041 0.000041
16 16 (0) 1 : 0.000043 0.999742 0.000043 0.000043 0.000043 0.000043 0.000043
17 17 (0) 1 : 0.000047 0.999720 0.000047 0.000047 0.000047 0.000047 0.000047
18 18 (0) 2 : 0.000032 0.000032 0.000032 0.999810 0.000032 0.000032 0.000032
19 19 (0) 2 : 0.000041 0.057249 0.000041 0.942547 0.000041 0.000041 0.000041
20 20 (0) 3 : 0.000032 0.999807 0.000032 0.000032 0.000032 0.000032 0.000032
21 21 (0) 3 : 0.000034 0.999798 0.000034 0.000034 0.000034 0.000034 0.000034
22 22 (0) 2 : 0.000041 0.031878 0.000041 0.967915 0.000041 0.000041 0.000041
23 23 (0) 2 : 0.000032 0.000032 0.000032 0.999808 0.000032 0.000032 0.000032
24 24 (0) 2 : 0.000031 0.000031 0.000031 0.999814 0.000031 0.000031 0.000031
25 25 (0) 4 : 0.000037 0.185870 0.000037 0.000037 0.000037 0.813944 0.000037
26 26 (0) 4 : 0.000033 0.000033 0.000032 0.000033 0.000032 0.999805 0.000032
27 27 (0) 4 : 0.000048 0.000048 0.000048 0.000048 0.000048 0.999713 0.000048
28 28 (0) 4 : 0.000042 0.000042 0.000042 0.000042 0.000042 0.999748 0.000042
29 29 (0) 4 : 0.000049 0.000049 0.000049 0.000049 0.000049 0.999703 0.000049
30 30 (0) 4 : 0.000055 0.124223 0.000055 0.000055 0.000055 0.875501 0.000055
31 31 (0) 4 : 0.000045 0.000045 0.000045 0.000045 0.000045 0.999730 0.000045
32 32 (0) 4 : 0.000047 0.000047 0.000047 0.000047 0.000047 0.999717 0.000047
33 33 (0) 4 : 0.000040 0.000040 0.000040 0.000040 0.000040 0.999758 0.000040
34 34 (0) 4 : 0.000031 0.000031 0.000031 0.000031 0.000031 0.999814 0.000031
35 35 (0) 4 : 0.000030 0.217509 0.000030 0.000030 0.000030 0.782342 0.000030
36 36 (0) 4 : 0.000030 0.000030 0.000030 0.000030 0.000030 0.999820 0.000030
37 37 (0) 4 : 0.000030 0.000030 0.000030 0.000030 0.000030 0.999818 0.000030
38 38 (0) 4 : 0.000038 0.000038 0.000038 0.000038 0.000038 0.999770 0.000038
39 39 (0) 4 : 0.000032 0.000032 0.000032 0.000032 0.000032 0.999809 0.000032
40 40 (0) 4 : 0.000030 0.000030 0.000030 0.000030 0.000030 0.999821 0.000030
41 41 (0) 4 : 0.000043 0.000043 0.000042 0.000043 0.000042 0.999745 0.000042
42 42 (0) 4 : 0.000041 0.000041 0.000041 0.000041 0.000041 0.999753 0.000041
43 43 (0) 4 : 0.000043 0.000043 0.000043 0.000043 0.000043 0.999742 0.000043
44 44 (0) 4 : 0.000041 0.000041 0.000041 0.000041 0.000041 0.999752 0.000041
45 45 (0) 4 : 0.000042 0.000042 0.000042 0.000042 0.000042 0.999749 0.000042
46 46 (0) 4 : 0.000041 0.000041 0.000041 0.000041 0.000041 0.999752 0.000041
47 47 (0) 4 : 0.000043 0.000043 0.000043 0.000043 0.000043 0.999742 0.000043
48 48 (0) 4 : 0.000041 0.252038 0.000041 0.000041 0.000041 0.747758 0.000041
49 49 (0) 4 : 0.000040 0.000040 0.000040 0.000040 0.000040 0.999761 0.000040
50 50 (0) 4 : 0.000041 0.000041 0.000041 0.000041 0.000041 0.999755 0.000041
51 51 (0) 1 : 0.000027 0.999837 0.000027 0.000027 0.000027 0.000027 0.000027
52 52 (0) 1 : 0.000029 0.999828 0.000029 0.000029 0.000029 0.000029 0.000029
53 53 (0) 1 : 0.000046 0.795539 0.000046 0.128075 0.000046 0.076202 0.000046
54 54 (0) 1 : 0.000032 0.443287 0.000032 0.000032 0.000032 0.556554 0.000032
55 55 (0) 1 : 0.000049 0.675560 0.000049 0.000049 0.000049 0.324194 0.000049
56 56 (0) 1 : 0.000031 0.442648 0.000031 0.000031 0.000031 0.557198 0.000031
57 57 (0) 1 : 0.000029 0.475534 0.000029 0.000029 0.000029 0.524319 0.000029
58 58 (0) 1 : 0.000040 0.562043 0.000040 0.000040 0.000040 0.437759 0.000040
59 59 (0) 1 : 0.000039 0.999768 0.000039 0.000039 0.000039 0.000039 0.000039
60 60 (0) 1 : 0.000040 0.999761 0.000040 0.000040 0.000040 0.000040 0.000040
61 61 (0) 1 : 0.000028 0.999833 0.000028 0.000028 0.000028 0.000028 0.000028
62 62 (0) 1 : 0.000035 0.823263 0.000035 0.000035 0.000035 0.176560 0.000035
63 63 (0) 1 : 0.000037 0.880221 0.000037 0.000037 0.000037 0.119594 0.000037
64 64 (0) 1 : 0.000041 0.999752 0.000041 0.000041 0.000041 0.000041 0.000041
65 65 (0) 1 : 0.000041 0.999757 0.000041 0.000041 0.000041 0.000041 0.000041
66 66 (0) 1 : 0.000045 0.999730 0.000045 0.000045 0.000045 0.000045 0.000045
67 67 (0) 1 : 0.000040 0.999762 0.000040 0.000040 0.000040 0.000040 0.000040
68 68 (0) 1 : 0.000046 0.999724 0.000046 0.000046 0.000046 0.000046 0.000046
69 69 (0) 1 : 0.000049 0.999705 0.000049 0.000049 0.000049 0.000049 0.000049
70 70 (0) 1 : 0.000038 0.999775 0.000038 0.000038 0.000038 0.000038 0.000038
71 71 (0) 1 : 0.000044 0.999737 0.000044 0.000044 0.000044 0.000044 0.000044
72 72 (0) 1 : 0.000043 0.999743 0.000043 0.000043 0.000043 0.000043 0.000043
73 73 (0) 1 : 0.000040 0.999760 0.000040 0.000040 0.000040 0.000040 0.000040
74 74 (0) 1 : 0.000028 0.999830 0.000028 0.000028 0.000028 0.000028 0.000028
75 75 (0) 1 : 0.000028 0.999833 0.000028 0.000028 0.000028 0.000028 0.000028
76 76 (0) 1 : 0.000055 0.999670 0.000055 0.000055 0.000055 0.000055 0.000055
77 77 (0) 1 : 0.000043 0.999741 0.000043 0.000043 0.000043 0.000043 0.000043
78 78 (0) 1 : 0.000042 0.999745 0.000042 0.000042 0.000042 0.000042 0.000042
79 79 (0) 1 : 0.000035 0.654421 0.000035 0.000035 0.000035 0.345402 0.000035
80 80 (0) 1 : 0.000028 0.999833 0.000028 0.000028 0.000028 0.000028 0.000028
81 81 (0) 1 : 0.000028 0.999833 0.000028 0.000028 0.000028 0.000028 0.000028
82 82 (0) 1 : 0.000031 0.999813 0.000031 0.000031 0.000031 0.000031 0.000031
83 83 (0) 1 : 0.000040 0.999758 0.000040 0.000040 0.000040 0.000040 0.000040
84 84 (0) 1 : 0.000055 0.999670 0.000055 0.000055 0.000055 0.000055 0.000055
85 85 (0) 1 : 0.000028 0.999830 0.000028 0.000028 0.000028 0.000028 0.000028
86 86 (0) 1 : 0.000028 0.999833 0.000028 0.000028 0.000028 0.000028 0.000028
87 87 (0) 5 : 0.082457 0.917327 0.000043 0.000043 0.000043 0.000043 0.000043
88 88 (0) 5 : 0.136099 0.863714 0.000037 0.000037 0.000037 0.000037 0.000037
89 89 (0) 5 : 0.100790 0.899064 0.000029 0.000029 0.000029 0.000029 0.000029
90 90 (0) 5 : 0.000043 0.000043 0.000043 0.000043 0.000043 0.999742 0.000043
91 91 (0) 5 : 0.000041 0.000041 0.000041 0.000041 0.000041 0.999755 0.000041
92 92 (0) 5 : 0.000033 0.486947 0.000033 0.000033 0.000033 0.512887 0.000033
93 93 (0) 5 : 0.163388 0.836382 0.000046 0.000046 0.000046 0.000046 0.000046
94 94 (0) 5 : 0.999795 0.000034 0.000034 0.000034 0.000034 0.000034 0.000034
95 95 (0) 5 : 0.000044 0.000044 0.000044 0.000044 0.000044 0.999735 0.000044
96 96 (0) 5 : 0.000039 0.216848 0.000039 0.000039 0.000039 0.782955 0.000039
97 97 (0) 6 : 0.000039 0.999766 0.000039 0.000039 0.000039 0.000039 0.000039
98 98 (0) 6 : 0.000038 0.999775 0.000038 0.000038 0.000038 0.000038 0.000038
99 99 (0) 6 : 0.000038 0.999774 0.000038 0.000038 0.000038 0.000038 0.000038
100 100 (0) 6 : 0.000031 0.999817 0.000030 0.000031 0.000030 0.000031 0.000030
101 101 (0) 6 : 0.000030 0.999817 0.000030 0.000030 0.000030 0.000030 0.000030
102 102 (0) 6 : 0.000029 0.999828 0.000029 0.000029 0.000029 0.000029 0.000029
103 103 (0) 6 : 0.000038 0.999769 0.000038 0.000038 0.000038 0.000038 0.000038
104 104 (0) 6 : 0.000041 0.999756 0.000041 0.000041 0.000041 0.000041 0.000041
105 105 (0) 6 : 0.000040 0.999761 0.000040 0.000040 0.000040 0.000040 0.000040
106 106 (0) 6 : 0.000045 0.999731 0.000045 0.000045 0.000045 0.000045 0.000045
107 107 (0) 6 : 0.000040 0.999760 0.000040 0.000040 0.000040 0.000040 0.000040
108 108 (0) 6 : 0.000042 0.999747 0.000042 0.000042 0.000042 0.000042 0.000042
109 109 (0) 6 : 0.000041 0.999752 0.000041 0.000041 0.000041 0.000041 0.000041
110 110 (0) 2 : 0.000032 0.221687 0.000032 0.778154 0.000032 0.000032 0.000032
111 111 (0) 2 : 0.000041 0.283351 0.000041 0.716444 0.000041 0.000041 0.000041
112 112 (0) 2 : 0.000042 0.251742 0.000042 0.748050 0.000042 0.000042 0.000042
113 113 (0) 2 : 0.000038 0.000038 0.000038 0.999772 0.000038 0.000038 0.000038
114 114 (0) 2 : 0.000040 0.178836 0.000040 0.820965 0.000040 0.000040 0.000040
115 115 (0) 3 : 0.000028 0.999830 0.000028 0.000028 0.000028 0.000028 0.000028
1 1 (0) 1 : 0.000041 0.000041 0.000041 0.000041 0.999753 0.000041 0.000041
2 2 (0) 1 : 0.000039 0.000039 0.000039 0.000039 0.999764 0.000039 0.000039
3 3 (0) 1 : 0.000042 0.000042 0.000042 0.000042 0.999748 0.000042 0.000042
4 4 (0) 1 : 0.000042 0.000042 0.000042 0.000042 0.999747 0.000042 0.000042
5 5 (0) 1 : 0.000044 0.000044 0.000044 0.000044 0.999735 0.000044 0.000044
6 6 (0) 1 : 0.000042 0.000042 0.000042 0.000042 0.999746 0.000042 0.000042
7 7 (0) 1 : 0.000046 0.000045 0.000046 0.000045 0.999727 0.000045 0.000046
8 8 (0) 1 : 0.000032 0.000032 0.000032 0.000032 0.999808 0.000032 0.000032
9 9 (0) 1 : 0.000030 0.000030 0.000030 0.000030 0.999819 0.000030 0.000030
10 10 (0) 1 : 0.000035 0.000035 0.000035 0.000035 0.999789 0.000035 0.000035
11 11 (0) 1 : 0.000041 0.000041 0.000041 0.000041 0.999753 0.000041 0.000041
12 12 (0) 1 : 0.000034 0.000034 0.000034 0.000034 0.999798 0.000034 0.000034
13 13 (0) 1 : 0.000040 0.000040 0.000040 0.000040 0.999758 0.000040 0.000040
14 14 (0) 1 : 0.000041 0.000041 0.000041 0.000041 0.999755 0.000041 0.000041
15 15 (0) 1 : 0.000041 0.000041 0.000041 0.000041 0.999755 0.000041 0.000041
16 16 (0) 1 : 0.000043 0.000043 0.000043 0.000043 0.999742 0.000043 0.000043
17 17 (0) 1 : 0.000047 0.000047 0.000047 0.000047 0.999719 0.000047 0.000047
18 18 (0) 2 : 0.000032 0.000032 0.000032 0.000032 0.000032 0.000032 0.999810
19 19 (0) 2 : 0.000041 0.000041 0.000041 0.000041 0.000041 0.000041 0.999756
20 20 (0) 3 : 0.000032 0.000032 0.000032 0.000032 0.999807 0.000032 0.000032
21 21 (0) 3 : 0.000034 0.000034 0.000034 0.000034 0.999798 0.000034 0.000034
22 22 (0) 2 : 0.000041 0.000041 0.000041 0.000041 0.000041 0.000041 0.999751
23 23 (0) 2 : 0.000032 0.000032 0.000032 0.000032 0.000032 0.000032 0.999808
24 24 (0) 2 : 0.000031 0.000031 0.000031 0.000031 0.000031 0.000031 0.999814
25 25 (0) 4 : 0.000037 0.000037 0.999777 0.000037 0.000037 0.000037 0.000037
26 26 (0) 4 : 0.000033 0.000032 0.999805 0.000032 0.000033 0.000032 0.000033
27 27 (0) 4 : 0.000048 0.000048 0.999712 0.000048 0.000048 0.000048 0.000048
28 28 (0) 4 : 0.000042 0.000042 0.999748 0.000042 0.000042 0.000042 0.000042
29 29 (0) 4 : 0.000049 0.000049 0.999703 0.000049 0.000049 0.000049 0.000049
30 30 (0) 4 : 0.000055 0.000055 0.867825 0.000055 0.131899 0.000055 0.000055
31 31 (0) 4 : 0.000045 0.000045 0.999730 0.000045 0.000045 0.000045 0.000045
32 32 (0) 4 : 0.000047 0.000047 0.999717 0.000047 0.000047 0.000047 0.000047
33 33 (0) 4 : 0.000040 0.000040 0.999758 0.000040 0.000040 0.000040 0.000040
34 34 (0) 4 : 0.000031 0.000031 0.999814 0.000031 0.000031 0.000031 0.000031
35 35 (0) 4 : 0.000030 0.000030 0.999821 0.000030 0.000030 0.000030 0.000030
36 36 (0) 4 : 0.999820 0.000030 0.000030 0.000030 0.000030 0.000030 0.000030
37 37 (0) 4 : 0.999817 0.000030 0.000030 0.000030 0.000030 0.000030 0.000030
38 38 (0) 4 : 0.000038 0.000038 0.999770 0.000038 0.000038 0.000038 0.000038
39 39 (0) 4 : 0.999809 0.000032 0.000032 0.000032 0.000032 0.000032 0.000032
40 40 (0) 4 : 0.999821 0.000030 0.000030 0.000030 0.000030 0.000030 0.000030
41 41 (0) 4 : 0.000043 0.000042 0.999745 0.000042 0.000043 0.000042 0.000043
42 42 (0) 4 : 0.000041 0.000041 0.999753 0.000041 0.000041 0.000041 0.000041
43 43 (0) 4 : 0.000043 0.000043 0.999742 0.000043 0.000043 0.000043 0.000043
44 44 (0) 4 : 0.000041 0.000041 0.999752 0.000041 0.000041 0.000041 0.000041
45 45 (0) 4 : 0.000042 0.000042 0.999749 0.000042 0.000042 0.000042 0.000042
46 46 (0) 4 : 0.000041 0.000041 0.999752 0.000041 0.000041 0.000041 0.000041
47 47 (0) 4 : 0.000043 0.000043 0.999742 0.000043 0.000043 0.000043 0.000043
48 48 (0) 4 : 0.000041 0.000041 0.921235 0.000041 0.078561 0.000041 0.000041
49 49 (0) 4 : 0.000040 0.000040 0.999761 0.000040 0.000040 0.000040 0.000040
50 50 (0) 4 : 0.000041 0.000041 0.999755 0.000041 0.000041 0.000041 0.000041
51 51 (0) 1 : 0.000027 0.000027 0.000027 0.000027 0.999837 0.000027 0.000027
52 52 (0) 1 : 0.000029 0.000029 0.000029 0.000029 0.999828 0.000029 0.000029
53 53 (0) 1 : 0.224133 0.000046 0.000046 0.000046 0.775638 0.000046 0.000046
54 54 (0) 1 : 0.544237 0.000032 0.000032 0.000032 0.455604 0.000032 0.000032
55 55 (0) 1 : 0.304493 0.000049 0.000049 0.000049 0.695261 0.000049 0.000049
56 56 (0) 1 : 0.510645 0.000031 0.000031 0.000031 0.489201 0.000031 0.000031
57 57 (0) 1 : 0.454887 0.000029 0.000029 0.000029 0.544966 0.000029 0.000029
58 58 (0) 1 : 0.360484 0.000040 0.000040 0.000040 0.639318 0.000040 0.000040
59 59 (0) 1 : 0.000039 0.000039 0.000039 0.000039 0.999768 0.000039 0.000039
60 60 (0) 1 : 0.000040 0.000040 0.000040 0.000040 0.999761 0.000040 0.000040
61 61 (0) 1 : 0.000028 0.000028 0.000028 0.000028 0.999833 0.000028 0.000028
62 62 (0) 1 : 0.135824 0.000035 0.000035 0.000035 0.863999 0.000035 0.000035
63 63 (0) 1 : 0.100596 0.000037 0.000037 0.000037 0.899218 0.000037 0.000037
64 64 (0) 1 : 0.000041 0.000041 0.000041 0.000041 0.999752 0.000041 0.000041
65 65 (0) 1 : 0.000041 0.000041 0.000041 0.000041 0.999757 0.000041 0.000041
66 66 (0) 1 : 0.000045 0.000045 0.000045 0.000045 0.999729 0.000045 0.000045
67 67 (0) 1 : 0.000040 0.000040 0.000040 0.000040 0.999761 0.000040 0.000040
68 68 (0) 1 : 0.000046 0.000046 0.000046 0.000046 0.999724 0.000046 0.000046
69 69 (0) 1 : 0.000049 0.000049 0.000049 0.000049 0.999705 0.000049 0.000049
70 70 (0) 1 : 0.000038 0.000038 0.000038 0.000038 0.999775 0.000038 0.000038
71 71 (0) 1 : 0.000044 0.000044 0.000044 0.000044 0.999737 0.000044 0.000044
72 72 (0) 1 : 0.000043 0.000043 0.000043 0.000043 0.999743 0.000043 0.000043
73 73 (0) 1 : 0.000040 0.000040 0.000040 0.000040 0.999760 0.000040 0.000040
74 74 (0) 1 : 0.000028 0.000028 0.000028 0.000028 0.999830 0.000028 0.000028
75 75 (0) 1 : 0.000028 0.000028 0.000028 0.000028 0.999833 0.000028 0.000028
76 76 (0) 1 : 0.000055 0.000055 0.000055 0.000055 0.999670 0.000055 0.000055
77 77 (0) 1 : 0.000043 0.000043 0.000043 0.000043 0.999741 0.000043 0.000043
78 78 (0) 1 : 0.000042 0.000042 0.000042 0.000042 0.999745 0.000042 0.000042
79 79 (0) 1 : 0.304836 0.000035 0.000035 0.000035 0.694987 0.000035 0.000035
80 80 (0) 1 : 0.000028 0.000028 0.000028 0.000028 0.999833 0.000028 0.000028
81 81 (0) 1 : 0.000028 0.000028 0.000028 0.000028 0.999833 0.000028 0.000028
82 82 (0) 1 : 0.000031 0.000031 0.000031 0.000031 0.999813 0.000031 0.000031
83 83 (0) 1 : 0.000040 0.000040 0.000040 0.000040 0.999758 0.000040 0.000040
84 84 (0) 1 : 0.000055 0.000055 0.000055 0.000055 0.999670 0.000055 0.000055
85 85 (0) 1 : 0.000028 0.000028 0.000028 0.000028 0.999830 0.000028 0.000028
86 86 (0) 1 : 0.000028 0.000028 0.000028 0.000028 0.999833 0.000028 0.000028
87 87 (0) 5 : 0.000043 0.000043 0.500811 0.000043 0.498973 0.000043 0.000043
88 88 (0) 5 : 0.000037 0.000037 0.730337 0.000037 0.269477 0.000037 0.000037
89 89 (0) 5 : 0.000029 0.000029 0.583117 0.000029 0.416737 0.000029 0.000029
90 90 (0) 5 : 0.000043 0.000043 0.921499 0.000043 0.078286 0.000043 0.000043
91 91 (0) 5 : 0.000041 0.000041 0.935225 0.000041 0.064571 0.000041 0.000041
92 92 (0) 5 : 0.000033 0.000033 0.665333 0.000033 0.334501 0.000033 0.000033
93 93 (0) 5 : 0.000046 0.000046 0.770410 0.000046 0.229360 0.000046 0.000046
94 94 (0) 5 : 0.000034 0.000034 0.999794 0.000034 0.000034 0.000034 0.000034
95 95 (0) 5 : 0.000044 0.000044 0.902694 0.000044 0.097085 0.000044 0.000044
96 96 (0) 5 : 0.000039 0.000039 0.871615 0.000039 0.128189 0.000039 0.000039
97 97 (0) 6 : 0.000039 0.000039 0.000039 0.000039 0.999766 0.000039 0.000039
98 98 (0) 6 : 0.000038 0.000038 0.000038 0.000038 0.999775 0.000038 0.000038
99 99 (0) 6 : 0.000038 0.000038 0.000038 0.000038 0.999774 0.000038 0.000038
100 100 (0) 6 : 0.000031 0.000030 0.000031 0.000030 0.999817 0.000030 0.000031
101 101 (0) 6 : 0.000030 0.000030 0.000030 0.000030 0.999817 0.000030 0.000030
102 102 (0) 6 : 0.000029 0.000029 0.000029 0.000029 0.999828 0.000029 0.000029
103 103 (0) 6 : 0.000038 0.000038 0.000038 0.000038 0.999769 0.000038 0.000038
104 104 (0) 6 : 0.000041 0.000041 0.000041 0.000041 0.999756 0.000041 0.000041
105 105 (0) 6 : 0.000040 0.000040 0.000040 0.000040 0.999761 0.000040 0.000040
106 106 (0) 6 : 0.000045 0.000045 0.000045 0.000045 0.999731 0.000045 0.000045
107 107 (0) 6 : 0.000040 0.000040 0.000040 0.000040 0.999759 0.000040 0.000040
108 108 (0) 6 : 0.000042 0.000042 0.000042 0.000042 0.999747 0.000042 0.000042
109 109 (0) 6 : 0.000041 0.000041 0.000041 0.000041 0.999752 0.000041 0.000041
110 110 (0) 2 : 0.000032 0.000032 0.000032 0.000032 0.199677 0.000032 0.800164
111 111 (0) 2 : 0.000041 0.000041 0.000041 0.000041 0.257995 0.000041 0.741801
112 112 (0) 2 : 0.000042 0.000042 0.000042 0.000042 0.227030 0.000042 0.772762
113 113 (0) 2 : 0.000038 0.000038 0.000038 0.000038 0.000038 0.000038 0.999771
114 114 (0) 2 : 0.000040 0.000040 0.000040 0.000040 0.151504 0.000040 0.848297
115 115 (0) 3 : 0.000028 0.000028 0.000028 0.000028 0.999830 0.000028 0.000028
1 1 (0) 1 : 0.999753 0.000041 0.000041 0.000041 0.000041 0.000041 0.000041
2 2 (0) 1 : 0.999764 0.000039 0.000039 0.000039 0.000039 0.000039 0.000039
3 3 (0) 1 : 0.999747 0.000042 0.000042 0.000042 0.000043 0.000042 0.000042
4 4 (0) 1 : 0.999748 0.000042 0.000042 0.000042 0.000042 0.000042 0.000042
5 5 (0) 1 : 0.999735 0.000044 0.000044 0.000044 0.000044 0.000044 0.000044
6 6 (0) 1 : 0.999746 0.000042 0.000042 0.000042 0.000042 0.000042 0.000042
7 7 (0) 1 : 0.999727 0.000045 0.000046 0.000045 0.000046 0.000045 0.000045
8 8 (0) 1 : 0.999808 0.000032 0.000032 0.000032 0.000032 0.000032 0.000032
9 9 (0) 1 : 0.999819 0.000030 0.000030 0.000030 0.000030 0.000030 0.000030
10 10 (0) 1 : 0.999789 0.000035 0.000035 0.000035 0.000035 0.000035 0.000035
11 11 (0) 1 : 0.999753 0.000041 0.000041 0.000041 0.000041 0.000041 0.000041
12 12 (0) 1 : 0.999798 0.000034 0.000034 0.000034 0.000034 0.000034 0.000034
13 13 (0) 1 : 0.999758 0.000040 0.000040 0.000040 0.000040 0.000040 0.000040
14 14 (0) 1 : 0.999755 0.000041 0.000041 0.000041 0.000041 0.000041 0.000041
15 15 (0) 1 : 0.999755 0.000041 0.000041 0.000041 0.000041 0.000041 0.000041
16 16 (0) 1 : 0.999742 0.000043 0.000043 0.000043 0.000043 0.000043 0.000043
17 17 (0) 1 : 0.999720 0.000047 0.000047 0.000047 0.000047 0.000047 0.000047
18 18 (0) 2 : 0.000032 0.000032 0.999810 0.000032 0.000032 0.000032 0.000032
19 19 (0) 2 : 0.000041 0.000041 0.999756 0.000041 0.000041 0.000041 0.000041
20 20 (0) 3 : 0.999807 0.000032 0.000032 0.000032 0.000032 0.000032 0.000032
21 21 (0) 3 : 0.999798 0.000034 0.000034 0.000034 0.000034 0.000034 0.000034
22 22 (0) 2 : 0.000041 0.000041 0.999752 0.000041 0.000041 0.000041 0.000041
23 23 (0) 2 : 0.000032 0.000032 0.999808 0.000032 0.000032 0.000032 0.000032
24 24 (0) 2 : 0.000031 0.000031 0.999814 0.000031 0.000031 0.000031 0.000031
25 25 (0) 4 : 0.116570 0.000037 0.000037 0.000037 0.883245 0.000037 0.000037
26 26 (0) 4 : 0.000033 0.000032 0.000033 0.000032 0.999805 0.000032 0.000032
27 27 (0) 4 : 0.000048 0.000048 0.000048 0.000048 0.999713 0.000048 0.000048
28 28 (0) 4 : 0.000042 0.000042 0.000042 0.000042 0.999748 0.000042 0.000042
29 29 (0) 4 : 0.000049 0.000049 0.000049 0.000049 0.999703 0.000049 0.000049
30 30 (0) 4 : 0.121630 0.000055 0.000055 0.000055 0.878094 0.000055 0.000055
31 31 (0) 4 : 0.000045 0.000045 0.000045 0.000045 0.999730 0.000045 0.000045
32 32 (0) 4 : 0.000047 0.000047 0.000047 0.000047 0.999718 0.000047 0.000047
33 33 (0) 4 : 0.000040 0.000040 0.000040 0.000040 0.999758 0.000040 0.000040
34 34 (0) 4 : 0.000031 0.000031 0.000031 0.000031 0.999815 0.000031 0.000031
35 35 (0) 4 : 0.124377 0.000030 0.000030 0.000030 0.875474 0.000030 0.000030
36 36 (0) 4 : 0.000030 0.000030 0.000030 0.000030 0.999820 0.000030 0.000030
37 37 (0) 4 : 0.000030 0.000030 0.000030 0.000030 0.999818 0.000030 0.000030
38 38 (0) 4 : 0.000038 0.000038 0.000038 0.000038 0.999770 0.000038 0.000038
39 39 (0) 4 : 0.000032 0.000032 0.000032 0.000032 0.999809 0.000032 0.000032
40 40 (0) 4 : 0.000030 0.000030 0.000030 0.000030 0.999821 0.000030 0.000030
41 41 (0) 4 : 0.000043 0.000042 0.000043 0.000042 0.999745 0.000042 0.000042
42 42 (0) 4 : 0.000041 0.000041 0.000041 0.000041 0.999753 0.000041 0.000041
43 43 (0) 4 : 0.000043 0.000043 0.000043 0.000043 0.999742 0.000043 0.000043
44 44 (0) 4 : 0.000041 0.000041 0.000041 0.000041 0.999752 0.000041 0.000041
45 45 (0) 4 : 0.000042 0.000042 0.000042 0.000042 0.999749 0.000042 0.000042
46 46 (0) 4 : 0.000041 0.000041 0.000041 0.000041 0.999752 0.000041 0.000041
47 47 (0) 4 : 0.000043 0.000043 0.000043 0.000043 0.999742 0.000043 0.000043
48 48 (0) 4 : 0.175303 0.000041 0.000041 0.000041 0.824493 0.000041 0.000041
49 49 (0) 4 : 0.000040 0.000040 0.000040 0.000040 0.999761 0.000040 0.000040
50 50 (0) 4 : 0.000041 0.000041 0.000041 0.000041 0.999755 0.000041 0.000041
51 51 (0) 1 : 0.999837 0.000027 0.000027 0.000027 0.000027 0.000027 0.000027
52 52 (0) 1 : 0.999828 0.000029 0.000029 0.000029 0.000029 0.000029 0.000029
53 53 (0) 1 : 0.782087 0.000046 0.128713 0.000046 0.089016 0.000046 0.000046
54 54 (0) 1 : 0.418622 0.000032 0.000032 0.000032 0.581220 0.000032 0.000032
55 55 (0) 1 : 0.641994 0.000049 0.000049 0.000049 0.357760 0.000049 0.000049
56 56 (0) 1 : 0.410170 0.000031 0.000031 0.000031 0.589676 0.000031 0.000031
57 57 (0) 1 : 0.449658 0.000029 0.000029 0.000029 0.550195 0.000029 0.000029
58 58 (0) 1 : 0.546706 0.000040 0.000040 0.000040 0.453096 0.000040 0.000040
59 59 (0) 1 : 0.999768 0.000039 0.000039 0.000039 0.000039 0.000039 0.000039
60 60 (0) 1 : 0.999761 0.000040 0.000040 0.000040 0.000040 0.000040 0.000040
61 61 (0) 1 : 0.999833 0.000028 0.000028 0.000028 0.000028 0.000028 0.000028
62 62 (0) 1 : 0.812214 0.000035 0.000035 0.000035 0.187609 0.000035 0.000035
63 63 (0) 1 : 0.872599 0.000037 0.000037 0.000037 0.127216 0.000037 0.000037
64 64 (0) 1 : 0.999752 0.000041 0.000041 0.000041 0.000041 0.000041 0.000041
65 65 (0) 1 : 0.999757 0.000041 0.000041 0.000041 0.000041 0.000041 0.000041
66 66 (0) 1 : 0.999730 0.000045 0.000045 0.000045 0.000045 0.000045 0.000045
67 67 (0) 1 : 0.999762 0.000040 0.000040 0.000040 0.000040 0.000040 0.000040
68 68 (0) 1 : 0.999724 0.000046 0.000046 0.000046 0.000046 0.000046 0.000046
69 69 (0) 1 : 0.999705 0.000049 0.000049 0.000049 0.000049 0.000049 0.000049
70 70 (0) 1 : 0.999775 0.000038 0.000038 0.000038 0.000038 0.000038 0.000038
71 71 (0) 1 : 0.999737 0.000044 0.000044 0.000044 0.000044 0.000044 0.000044
72 72 (0) 1 : 0.999743 0.000043 0.000043 0.000043 0.000043 0.000043 0.000043
73 73 (0) 1 : 0.999760 0.000040 0.000040 0.000040 0.000040 0.000040 0.000040
74 74 (0) 1 : 0.999830 0.000028 0.000028 0.000028 0.000028 0.000028 0.000028
75 75 (0) 1 : 0.999833 0.000028 0.000028 0.000028 0.000028 0.000028 0.000028
76 76 (0) 1 : 0.999670 0.000055 0.000055 0.000055 0.000055 0.000055 0.000055
77 77 (0) 1 : 0.999741 0.000043 0.000043 0.000043 0.000043 0.000043 0.000043
78 78 (0) 1 : 0.999745 0.000042 0.000042 0.000042 0.000042 0.000042 0.000042
79 79 (0) 1 : 0.636917 0.000035 0.000035 0.000035 0.362906 0.000035 0.000035
80 80 (0) 1 : 0.999833 0.000028 0.000028 0.000028 0.000028 0.000028 0.000028
81 81 (0) 1 : 0.999833 0.000028 0.000028 0.000028 0.000028 0.000028 0.000028
82 82 (0) 1 : 0.999813 0.000031 0.000031 0.000031 0.000031 0.000031 0.000031
83 83 (0) 1 : 0.999758 0.000040 0.000040 0.000040 0.000040 0.000040 0.000040
84 84 (0) 1 : 0.999670 0.000055 0.000055 0.000055 0.000055 0.000055 0.000055
85 85 (0) 1 : 0.999830 0.000028 0.000028 0.000028 0.000028 0.000028 0.000028
86 86 (0) 1 : 0.999833 0.000028 0.000028 0.000028 0.000028 0.000028 0.000028
87 87 (0) 5 : 0.544234 0.000043 0.000043 0.000043 0.455551 0.000043 0.000043
88 88 (0) 5 : 0.370689 0.000037 0.000037 0.000037 0.629124 0.000037 0.000037
89 89 (0) 5 : 0.506788 0.000029 0.000029 0.000029 0.493066 0.000029 0.000029
90 90 (0) 5 : 0.130167 0.000043 0.000043 0.000043 0.869618 0.000043 0.000043
91 91 (0) 5 : 0.097044 0.000041 0.000041 0.000041 0.902751 0.000041 0.000041
92 92 (0) 5 : 0.409267 0.000033 0.000033 0.000033 0.590568 0.000033 0.000033
93 93 (0) 5 : 0.262381 0.000046 0.000046 0.000046 0.737389 0.000046 0.000046
94 94 (0) 5 : 0.228979 0.000034 0.000034 0.000034 0.770850 0.000034 0.000034
95 95 (0) 5 : 0.113273 0.000044 0.000044 0.000044 0.886506 0.000044 0.000044
96 96 (0) 5 : 0.151317 0.000039 0.000039 0.000039 0.848487 0.000039 0.000039
97 97 (0) 6 : 0.999766 0.000039 0.000039 0.000039 0.000039 0.000039 0.000039
98 98 (0) 6 : 0.999775 0.000038 0.000038 0.000038 0.000038 0.000038 0.000038
99 99 (0) 6 : 0.999774 0.000038 0.000038 0.000038 0.000038 0.000038 0.000038
100 100 (0) 6 : 0.999817 0.000030 0.000031 0.000030 0.000031 0.000030 0.000030
101 101 (0) 6 : 0.999817 0.000030 0.000030 0.000030 0.000030 0.000030 0.000030
102 102 (0) 6 : 0.999828 0.000029 0.000029 0.000029 0.000029 0.000029 0.000029
103 103 (0) 6 : 0.999769 0.000038 0.000038 0.000038 0.000038 0.000038 0.000038
104 104 (0) 6 : 0.999756 0.000041 0.000041 0.000041 0.000041 0.000041 0.000041
105 105 (0) 6 : 0.999761 0.000040 0.000040 0.000040 0.000040 0.000040 0.000040
106 106 (0) 6 : 0.999731 0.000045 0.000045 0.000045 0.000045 0.000045 0.000045
107 107 (0) 6 : 0.999760 0.000040 0.000040 0.000040 0.000040 0.000040 0.000040
108 108 (0) 6 : 0.999747 0.000042 0.000042 0.000042 0.000042 0.000042 0.000042
109 109 (0) 6 : 0.999752 0.000041 0.000041 0.000041 0.000041 0.000041 0.000041
110 110 (0) 2 : 0.194735 0.000032 0.805106 0.000032 0.000032 0.000032 0.000032
111 111 (0) 2 : 0.253273 0.000041 0.746523 0.000041 0.000041 0.000041 0.000041
112 112 (0) 2 : 0.216571 0.000042 0.783222 0.000042 0.000042 0.000042 0.000042
113 113 (0) 2 : 0.000038 0.000038 0.999772 0.000038 0.000038 0.000038 0.000038
114 114 (0) 2 : 0.144034 0.000040 0.855768 0.000040 0.000040 0.000040 0.000040
115 115 (0) 3 : 0.999830 0.000028 0.000028 0.000028 0.000028 0.000028 0.000028
