1 1 (0) 1 : 0.000076 0.000077 0.000077 0.999770
2 2 (0) 1 : 0.000073 0.000073 0.000074 0.999780
3 3 (0) 1 : 0.000076 0.000079 0.000079 0.999767
4 4 (0) 1 : 0.000076 0.000078 0.000079 0.999768
5 5 (0) 1 : 0.000079 0.000082 0.000082 0.999757
6 6 (0) 1 : 0.000076 0.000079 0.000080 0.999765
7 7 (0) 1 : 0.000082 0.000084 0.000085 0.999749
8 8 (0) 1 : 0.000058 0.000060 0.000060 0.999823
9 9 (0) 1 : 0.000054 0.000056 0.000056 0.999834
10 10 (0) 1 : 0.000063 0.000065 0.000066 0.999806
11 11 (0) 1 : 0.000074 0.000076 0.000077 0.999773
12 12 (0) 1 : 0.000061 0.000063 0.000063 0.999814
13 13 (0) 1 : 0.000070 0.000075 0.000075 0.999780
14 14 (0) 1 : 0.000073 0.000075 0.000076 0.999775
15 15 (0) 1 : 0.000074 0.000076 0.000076 0.999775
16 16 (0) 1 : 0.000078 0.000080 0.000080 0.999762
17 17 (0) 1 : 0.000084 0.000087 0.000087 0.999742
18 18 (0) 2 : 0.000057 0.999824 0.000059 0.000060
19 19 (0) 2 : 0.000073 0.999773 0.000077 0.000077
20 20 (0) 3 : 0.000059 0.067656 0.000060 0.932226
21 21 (0) 3 : 0.000061 0.046877 0.000063 0.952999
22 22 (0) 2 : 0.000075 0.999768 0.000078 0.000079
23 23 (0) 2 : 0.000058 0.999821 0.000060 0.000061
24 24 (0) 2 : 0.000056 0.999827 0.000058 0.000059
25 25 (0) 4 : 0.000067 0.000070 0.997199 0.002664
26 26 (0) 4 : 0.000059 0.000061 0.999819 0.000061
27 27 (0) 4 : 0.000087 0.000089 0.999734 0.000090
28 28 (0) 4 : 0.000076 0.000079 0.999766 0.000079
29 29 (0) 4 : 0.000089 0.000093 0.999726 0.000092
30 30 (0) 4 : 0.000100 0.000104 0.915245 0.084551
31 31 (0) 4 : 0.000081 0.000084 0.999751 0.000084
32 32 (0) 4 : 0.000085 0.000087 0.999739 0.000088
33 33 (0) 4 : 0.000073 0.000075 0.999777 0.000076
34 34 (0) 4 : 0.000056 0.000058 0.999828 0.000058
35 35 (0) 4 : 0.000054 0.000056 0.999835 0.000056
36 36 (0) 4 : 0.000054 0.000055 0.999835 0.000056
37 37 (0) 4 : 0.000056 0.000056 0.999831 0.000057
38 38 (0) 4 : 0.000069 0.000072 0.999786 0.000072
39 39 (0) 4 : 0.000057 0.000059 0.999824 0.000060
40 40 (0) 4 : 0.000054 0.000055 0.999835 0.000056
41 41 (0) 4 : 0.000076 0.000079 0.999765 0.000080
42 42 (0) 4 : 0.000074 0.000076 0.999773 0.000077
43 43 (0) 4 : 0.000078 0.000081 0.999761 0.000081
44 44 (0) 4 : 0.000075 0.000077 0.999771 0.000078
45 45 (0) 4 : 0.000077 0.000078 0.999766 0.000079
46 46 (0) 4 : 0.000077 0.000078 0.966122 0.033724
47 47 (0) 4 : 0.000075 0.000081 0.999763 0.000081
48 48 (0) 4 : 0.000074 0.000077 0.936494 0.063355
49 49 (0) 4 : 0.000072 0.000074 0.999779 0.000075
50 50 (0) 4 : 0.000074 0.000077 0.999773 0.000077
51 51 (0) 1 : 0.000049 0.000051 0.000051 0.999849
52 52 (0) 1 : 0.000052 0.000054 0.000054 0.999840
53 53 (0) 1 : 0.000084 0.000087 0.000088 0.999741
54 54 (0) 1 : 0.000058 0.000060 0.616823 0.383059
55 55 (0) 1 : 0.000090 0.000093 0.000094 0.999724
56 56 (0) 1 : 0.000056 0.000058 0.594279 0.405608
57 57 (0) 1 : 0.000053 0.000055 0.552547 0.447344
58 58 (0) 1 : 0.000072 0.000074 0.411664 0.588190
59 59 (0) 1 : 0.000071 0.000072 0.029180 0.970677
60 60 (0) 1 : 0.000072 0.000074 0.000074 0.999780
61 61 (0) 1 : 0.000051 0.000052 0.000052 0.999846
62 62 (0) 1 : 0.000064 0.000066 0.147157 0.852712
63 63 (0) 1 : 0.000067 0.000069 0.091280 0.908583
64 64 (0) 1 : 0.000074 0.000077 0.000077 0.999772
65 65 (0) 1 : 0.000073 0.000075 0.000075 0.999776
66 66 (0) 1 : 0.000083 0.000084 0.000084 0.999750
67 67 (0) 1 : 0.000071 0.000073 0.000074 0.999781
68 68 (0) 1 : 0.000083 0.000085 0.000086 0.999746
69 69 (0) 1 : 0.000089 0.000091 0.000092 0.999729
70 70 (0) 1 : 0.000068 0.000069 0.000070 0.999793
71 71 (0) 1 : 0.000079 0.000082 0.000082 0.999757
72 72 (0) 1 : 0.000077 0.000079 0.000080 0.999764
73 73 (0) 1 : 0.000072 0.000074 0.000074 0.999780
74 74 (0) 1 : 0.000051 0.000053 0.000053 0.999844
75 75 (0) 1 : 0.000050 0.000052 0.000052 0.999846
76 76 (0) 1 : 0.000099 0.000102 0.000102 0.999696
77 77 (0) 1 : 0.000077 0.000080 0.000080 0.999763
78 78 (0) 1 : 0.000077 0.000079 0.000079 0.999766
79 79 (0) 1 : 0.000064 0.000066 0.000067 0.999802
80 80 (0) 1 : 0.000050 0.000052 0.000052 0.999846
81 81 (0) 1 : 0.000050 0.000052 0.000052 0.999846
82 82 (0) 1 : 0.000056 0.000059 0.000058 0.999827
83 83 (0) 1 : 0.000073 0.000076 0.000076 0.999776
84 84 (0) 1 : 0.000100 0.000103 0.000104 0.999693
85 85 (0) 1 : 0.000051 0.000053 0.000053 0.999843
86 86 (0) 1 : 0.000050 0.000052 0.000052 0.999846
87 87 (0) 5 : 0.000078 0.000081 0.999758 0.000082
88 88 (0) 5 : 0.000068 0.000070 0.882160 0.117703
89 89 (0) 5 : 0.000053 0.000055 0.999836 0.000056
90 90 (0) 5 : 0.000078 0.000081 0.999761 0.000081
91 91 (0) 5 : 0.000074 0.000077 0.999773 0.000077
92 92 (0) 5 : 0.000060 0.000061 0.803345 0.196534
93 93 (0) 5 : 0.000084 0.000086 0.999744 0.000087
94 94 (0) 5 : 0.000062 0.000064 0.847272 0.152602
95 95 (0) 5 : 0.000080 0.000083 0.999753 0.000083
96 96 (0) 5 : 0.000071 0.000073 0.999782 0.000074
97 97 (0) 6 : 0.000070 0.000072 0.000073 0.999784
98 98 (0) 6 : 0.000065 0.000070 0.000070 0.999795
99 99 (0) 6 : 0.000068 0.000070 0.000071 0.999791
100 100 (0) 6 : 0.000055 0.000057 0.000057 0.999832
101 101 (0) 6 : 0.000055 0.000057 0.000057 0.999831
102 102 (0) 6 : 0.000052 0.000053 0.000053 0.999841
103 103 (0) 6 : 0.000069 0.000072 0.000072 0.999787
104 104 (0) 6 : 0.000073 0.000075 0.000076 0.999776
105 105 (0) 6 : 0.000072 0.000074 0.000075 0.999779
106 106 (0) 6 : 0.000081 0.000083 0.000084 0.999752
107 107 (0) 6 : 0.000072 0.000074 0.000075 0.999779
108 108 (0) 6 : 0.000076 0.000078 0.000079 0.999767
109 109 (0) 6 : 0.000074 0.000076 0.000078 0.999771
110 110 (0) 2 : 0.000059 0.999821 0.000060 0.000060
111 111 (0) 2 : 0.000074 0.999772 0.000077 0.000077
112 112 (0) 2 : 0.000075 0.999769 0.000078 0.000078
113 113 (0) 2 : 0.000068 0.999789 0.000071 0.000072
114 114 (0) 2 : 0.000071 0.999780 0.000074 0.000075
115 115 (0) 3 : 0.000052 0.069885 0.000053 0.930010
1 1 (0) 1 : 0.000075 0.999770 0.000078 0.000077
2 2 (0) 1 : 0.000071 0.999781 0.000074 0.000074
3 3 (0) 1 : 0.000076 0.999766 0.000079 0.000079
4 4 (0) 1 : 0.000076 0.999766 0.000079 0.000079
5 5 (0) 1 : 0.000080 0.999756 0.000082 0.000082
6 6 (0) 1 : 0.000077 0.999765 0.000079 0.000079
7 7 (0) 1 : 0.000082 0.999747 0.000085 0.000085
8 8 (0) 1 : 0.000058 0.999822 0.000060 0.000060
9 9 (0) 1 : 0.000054 0.999833 0.000056 0.000056
10 10 (0) 1 : 0.000063 0.999805 0.000066 0.000066
11 11 (0) 1 : 0.000074 0.999772 0.000077 0.000077
12 12 (0) 1 : 0.000061 0.999813 0.000063 0.000063
13 13 (0) 1 : 0.000073 0.999776 0.000075 0.000075
14 14 (0) 1 : 0.000073 0.999774 0.000076 0.000076
15 15 (0) 1 : 0.000074 0.999774 0.000076 0.000076
16 16 (0) 1 : 0.000078 0.999761 0.000081 0.000081
17 17 (0) 1 : 0.000084 0.999741 0.000087 0.000088
18 18 (0) 2 : 0.000057 0.000060 0.000059 0.999824
19 19 (0) 2 : 0.000073 0.000077 0.000077 0.999773
20 20 (0) 3 : 0.000058 0.999820 0.000061 0.000061
21 21 (0) 3 : 0.000061 0.999812 0.000063 0.000063
22 22 (0) 2 : 0.000075 0.000079 0.000078 0.999768
23 23 (0) 2 : 0.000058 0.000061 0.000060 0.999821
24 24 (0) 2 : 0.000056 0.000059 0.000058 0.999827
25 25 (0) 4 : 0.000067 0.000069 0.999794 0.000070
26 26 (0) 4 : 0.000059 0.000061 0.999819 0.000061
27 27 (0) 4 : 0.000086 0.000090 0.999734 0.000090
28 28 (0) 4 : 0.000076 0.000079 0.999766 0.000079
29 29 (0) 4 : 0.000089 0.000093 0.999725 0.000093
30 30 (0) 4 : 0.000100 0.146719 0.853077 0.000104
31 31 (0) 4 : 0.000081 0.000085 0.999750 0.000084
32 32 (0) 4 : 0.000085 0.000089 0.999738 0.000088
33 33 (0) 4 : 0.000073 0.000076 0.999776 0.000075
34 34 (0) 4 : 0.000056 0.000058 0.999828 0.000058
35 35 (0) 4 : 0.000054 0.000055 0.999835 0.000056
36 36 (0) 4 : 0.000054 0.000056 0.999834 0.000056
37 37 (0) 4 : 0.000055 0.000057 0.999831 0.000057
38 38 (0) 4 : 0.000069 0.000072 0.999786 0.000072
39 39 (0) 4 : 0.000057 0.000060 0.999823 0.000060
40 40 (0) 4 : 0.000054 0.000056 0.999834 0.000056
41 41 (0) 4 : 0.000076 0.000080 0.999765 0.000079
42 42 (0) 4 : 0.000074 0.000077 0.999771 0.000077
43 43 (0) 4 : 0.000078 0.000081 0.999761 0.000081
44 44 (0) 4 : 0.000075 0.000078 0.999770 0.000077
45 45 (0) 4 : 0.000075 0.000079 0.999767 0.000078
46 46 (0) 4 : 0.000076 0.081705 0.918141 0.000078
47 47 (0) 4 : 0.000078 0.000081 0.999761 0.000081
48 48 (0) 4 : 0.000074 0.112100 0.887749 0.000077
49 49 (0) 4 : 0.000072 0.000075 0.999779 0.000075
50 50 (0) 4 : 0.000074 0.000077 0.999773 0.000077
51 51 (0) 1 : 0.000049 0.999849 0.000051 0.000051
52 52 (0) 1 : 0.000053 0.999840 0.000054 0.000054
53 53 (0) 1 : 0.000080 0.880593 0.119242 0.000085
54 54 (0) 1 : 0.000060 0.999818 0.000061 0.000060
55 55 (0) 1 : 0.000090 0.999724 0.000093 0.000093
56 56 (0) 1 : 0.000057 0.999826 0.000059 0.000058
57 57 (0) 1 : 0.000054 0.999835 0.000056 0.000055
58 58 (0) 1 : 0.000073 0.778962 0.220890 0.000075
59 59 (0) 1 : 0.000072 0.999782 0.000073 0.000073
60 60 (0) 1 : 0.000072 0.999779 0.000074 0.000074
61 61 (0) 1 : 0.000050 0.999845 0.000052 0.000052
62 62 (0) 1 : 0.000064 0.999802 0.000067 0.000067
63 63 (0) 1 : 0.000067 0.999793 0.000070 0.000070
64 64 (0) 1 : 0.000074 0.999771 0.000077 0.000077
65 65 (0) 1 : 0.000073 0.999775 0.000076 0.000076
66 66 (0) 1 : 0.000081 0.999750 0.000084 0.000084
67 67 (0) 1 : 0.000071 0.999780 0.000074 0.000074
68 68 (0) 1 : 0.000083 0.999745 0.000086 0.000086
69 69 (0) 1 : 0.000089 0.999727 0.000092 0.000092
70 70 (0) 1 : 0.000067 0.999792 0.000070 0.000070
71 71 (0) 1 : 0.000079 0.999756 0.000082 0.000082
72 72 (0) 1 : 0.000077 0.999763 0.000080 0.000080
73 73 (0) 1 : 0.000072 0.999779 0.000075 0.000075
74 74 (0) 1 : 0.000051 0.999843 0.000053 0.000053
75 75 (0) 1 : 0.000050 0.999845 0.000052 0.000052
76 76 (0) 1 : 0.000099 0.999695 0.000103 0.000103
77 77 (0) 1 : 0.000077 0.999761 0.000081 0.000080
78 78 (0) 1 : 0.000077 0.999765 0.000079 0.000079
79 79 (0) 1 : 0.000065 0.999803 0.000066 0.000066
80 80 (0) 1 : 0.000051 0.999845 0.000052 0.000052
81 81 (0) 1 : 0.000050 0.999846 0.000052 0.000052
82 82 (0) 1 : 0.000057 0.999826 0.000059 0.000059
83 83 (0) 1 : 0.000073 0.999776 0.000076 0.000075
84 84 (0) 1 : 0.000101 0.999692 0.000104 0.000103
85 85 (0) 1 : 0.000051 0.999843 0.000053 0.000053
86 86 (0) 1 : 0.000051 0.999845 0.000052 0.000052
87 87 (0) 5 : 0.000079 0.408944 0.590896 0.000081
88 88 (0) 5 : 0.000068 0.241360 0.758502 0.000070
89 89 (0) 5 : 0.000053 0.396476 0.603416 0.000055
90 90 (0) 5 : 0.000078 0.087738 0.912104 0.000081
91 91 (0) 5 : 0.000074 0.000077 0.999772 0.000077
92 92 (0) 5 : 0.000060 0.318992 0.680886 0.000062
93 93 (0) 5 : 0.000084 0.203408 0.796422 0.000087
94 94 (0) 5 : 0.000062 0.199260 0.800614 0.000064
95 95 (0) 5 : 0.000080 0.000084 0.999753 0.000083
96 96 (0) 5 : 0.000071 0.141904 0.857951 0.000074
97 97 (0) 6 : 0.000071 0.999785 0.000073 0.000071
98 98 (0) 6 : 0.000068 0.999793 0.000070 0.000069
99 99 (0) 6 : 0.000068 0.999792 0.000071 0.000069
100 100 (0) 6 : 0.000055 0.999831 0.000057 0.000057
101 101 (0) 6 : 0.000055 0.999831 0.000057 0.000057
102 102 (0) 6 : 0.000052 0.999841 0.000054 0.000054
103 103 (0) 6 : 0.000070 0.999788 0.000072 0.000070
104 104 (0) 6 : 0.000073 0.999776 0.000076 0.000074
105 105 (0) 6 : 0.000072 0.000076 0.000076 0.999776
106 106 (0) 6 : 0.000081 0.999752 0.000084 0.000082
107 107 (0) 6 : 0.000072 0.999779 0.000075 0.000073
108 108 (0) 6 : 0.000076 0.999768 0.000079 0.000077
109 109 (0) 6 : 0.000075 0.000079 0.000078 0.999768
110 110 (0) 2 : 0.000057 0.000060 0.000060 0.999823
111 111 (0) 2 : 0.000074 0.000077 0.000077 0.999772
112 112 (0) 2 : 0.000075 0.000078 0.000078 0.999769
113 113 (0) 2 : 0.000068 0.000072 0.000071 0.999789
114 114 (0) 2 : 0.000071 0.000075 0.000074 0.999779
115 115 (0) 3 : 0.000051 0.975561 0.000053 0.024335
1 1 (0) 1 : 0.999771 0.000076 0.000077 0.000077
2 2 (0) 1 : 0.999781 0.000072 0.000073 0.000073
3 3 (0) 1 : 0.999767 0.000077 0.000078 0.000078
4 4 (0) 1 : 0.999766 0.000077 0.000078 0.000078
5 5 (0) 1 : 0.999756 0.000081 0.000082 0.000081
6 6 (0) 1 : 0.999765 0.000078 0.000079 0.000078
7 7 (0) 1 : 0.999748 0.000084 0.000085 0.000084
8 8 (0) 1 : 0.999823 0.000059 0.000059 0.000059
9 9 (0) 1 : 0.999834 0.000055 0.000056 0.000056
10 10 (0) 1 : 0.999805 0.000064 0.000065 0.000065
11 11 (0) 1 : 0.999772 0.000075 0.000076 0.000076
12 12 (0) 1 : 0.999813 0.000062 0.000062 0.000062
13 13 (0) 1 : 0.999777 0.000074 0.000075 0.000074
14 14 (0) 1 : 0.999774 0.000075 0.000076 0.000075
15 15 (0) 1 : 0.999774 0.000075 0.000076 0.000075
16 16 (0) 1 : 0.999761 0.000079 0.000080 0.000080
17 17 (0) 1 : 0.999741 0.000086 0.000087 0.000086
18 18 (0) 2 : 0.000059 0.000058 0.000059 0.999824
19 19 (0) 2 : 0.144429 0.000075 0.000076 0.855420
20 20 (0) 3 : 0.948275 0.000059 0.000060 0.051606
21 21 (0) 3 : 0.965871 0.000061 0.000062 0.034005
22 22 (0) 2 : 0.000078 0.000076 0.000078 0.999768
23 23 (0) 2 : 0.000060 0.000059 0.000060 0.999822
24 24 (0) 2 : 0.000058 0.000057 0.000058 0.999827
25 25 (0) 4 : 0.120112 0.000068 0.879751 0.000069
26 26 (0) 4 : 0.000060 0.000060 0.999819 0.000060
27 27 (0) 4 : 0.000091 0.000088 0.999732 0.000088
28 28 (0) 4 : 0.000078 0.000077 0.999767 0.000078
29 29 (0) 4 : 0.000092 0.000091 0.999726 0.000091
30 30 (0) 4 : 0.000104 0.000102 0.999691 0.000103
31 31 (0) 4 : 0.000084 0.000083 0.999750 0.000083
32 32 (0) 4 : 0.000088 0.000087 0.999739 0.000087
33 33 (0) 4 : 0.000075 0.000074 0.999777 0.000074
34 34 (0) 4 : 0.100949 0.000057 0.898937 0.000057
35 35 (0) 4 : 0.156593 0.000055 0.843297 0.000055
36 36 (0) 4 : 0.000056 0.000055 0.999834 0.000055
37 37 (0) 4 : 0.000056 0.000055 0.999832 0.000056
38 38 (0) 4 : 0.000071 0.000071 0.999787 0.000071
39 39 (0) 4 : 0.000059 0.000058 0.999824 0.000059
40 40 (0) 4 : 0.000056 0.000054 0.999835 0.000055
41 41 (0) 4 : 0.000079 0.000078 0.999765 0.000078
42 42 (0) 4 : 0.000077 0.000075 0.999772 0.000076
43 43 (0) 4 : 0.000080 0.000079 0.999761 0.000080
44 44 (0) 4 : 0.000077 0.000076 0.999771 0.000076
45 45 (0) 4 : 0.000078 0.000077 0.999768 0.000077
46 46 (0) 4 : 0.000078 0.000077 0.999768 0.000078
47 47 (0) 4 : 0.000080 0.000079 0.999761 0.000080
48 48 (0) 4 : 0.145101 0.000075 0.854748 0.000076
49 49 (0) 4 : 0.000074 0.000073 0.999779 0.000074
50 50 (0) 4 : 0.000076 0.000075 0.999773 0.000075
51 51 (0) 1 : 0.999850 0.000050 0.000050 0.000050
52 52 (0) 1 : 0.999841 0.000053 0.000053 0.000053
53 53 (0) 1 : 0.735521 0.000085 0.264309 0.000086
54 54 (0) 1 : 0.397204 0.000058 0.602678 0.000060
55 55 (0) 1 : 0.760346 0.000091 0.239473 0.000091
56 56 (0) 1 : 0.421560 0.000057 0.578326 0.000057
57 57 (0) 1 : 0.462818 0.000054 0.537074 0.000055
58 58 (0) 1 : 0.571827 0.000073 0.428026 0.000074
59 59 (0) 1 : 0.960890 0.000071 0.038966 0.000072
60 60 (0) 1 : 0.999780 0.000073 0.000074 0.000073
61 61 (0) 1 : 0.999846 0.000051 0.000052 0.000052
62 62 (0) 1 : 0.831147 0.000065 0.168722 0.000066
63 63 (0) 1 : 0.879788 0.000068 0.120075 0.000069
64 64 (0) 1 : 0.999771 0.000076 0.000076 0.000076
65 65 (0) 1 : 0.999775 0.000074 0.000075 0.000075
66 66 (0) 1 : 0.999751 0.000082 0.000083 0.000083
67 67 (0) 1 : 0.999780 0.000073 0.000074 0.000073
68 68 (0) 1 : 0.999746 0.000084 0.000085 0.000085
69 69 (0) 1 : 0.999728 0.000090 0.000091 0.000091
70 70 (0) 1 : 0.999793 0.000069 0.000069 0.000069
71 71 (0) 1 : 0.999757 0.000081 0.000081 0.000081
72 72 (0) 1 : 0.999763 0.000079 0.000079 0.000079
73 73 (0) 1 : 0.999779 0.000073 0.000074 0.000074
74 74 (0) 1 : 0.999844 0.000052 0.000052 0.000052
75 75 (0) 1 : 0.999846 0.000051 0.000052 0.000052
76 76 (0) 1 : 0.999695 0.000101 0.000102 0.000102
77 77 (0) 1 : 0.999762 0.000079 0.000080 0.000079
78 78 (0) 1 : 0.999765 0.000078 0.000079 0.000078
79 79 (0) 1 : 0.710621 0.000065 0.289249 0.000065
80 80 (0) 1 : 0.999846 0.000051 0.000052 0.000052
81 81 (0) 1 : 0.999846 0.000051 0.000052 0.000051
82 82 (0) 1 : 0.999827 0.000057 0.000058 0.000058
83 83 (0) 1 : 0.999775 0.000074 0.000075 0.000075
84 84 (0) 1 : 0.949182 0.000101 0.050614 0.000102
85 85 (0) 1 : 0.999843 0.000052 0.000053 0.000052
86 86 (0) 1 : 0.999846 0.000051 0.000052 0.000052
87 87 (0) 5 : 0.399208 0.000079 0.600632 0.000081
88 88 (0) 5 : 0.264070 0.000068 0.735792 0.000070
89 89 (0) 5 : 0.414792 0.000054 0.585100 0.000054
90 90 (0) 5 : 0.000080 0.000079 0.999761 0.000080
91 91 (0) 5 : 0.000076 0.000075 0.999773 0.000076
92 92 (0) 5 : 0.308057 0.000060 0.691822 0.000061
93 93 (0) 5 : 0.159623 0.000085 0.840207 0.000085
94 94 (0) 5 : 0.249464 0.000063 0.750409 0.000064
95 95 (0) 5 : 0.000083 0.000082 0.999754 0.000082
96 96 (0) 5 : 0.117812 0.000072 0.882043 0.000073
97 97 (0) 6 : 0.999783 0.000072 0.000073 0.000072
98 98 (0) 6 : 0.999792 0.000069 0.000070 0.000069
99 99 (0) 6 : 0.999790 0.000070 0.000070 0.000070
100 100 (0) 6 : 0.999831 0.000056 0.000057 0.000056
101 101 (0) 6 : 0.999831 0.000056 0.000057 0.000056
102 102 (0) 6 : 0.999841 0.000053 0.000053 0.000053
103 103 (0) 6 : 0.999787 0.000071 0.000071 0.000071
104 104 (0) 6 : 0.999775 0.000075 0.000075 0.000075
105 105 (0) 6 : 0.000076 0.999774 0.000075 0.000075
106 106 (0) 6 : 0.999750 0.000083 0.000083 0.000083
107 107 (0) 6 : 0.999777 0.000074 0.000075 0.000074
108 108 (0) 6 : 0.999766 0.000078 0.000078 0.000078
109 109 (0) 6 : 0.000079 0.999764 0.000078 0.000079
110 110 (0) 2 : 0.246704 0.000058 0.000059 0.753178
111 111 (0) 2 : 0.162484 0.000075 0.000076 0.837365
112 112 (0) 2 : 0.210351 0.000076 0.000077 0.789495
113 113 (0) 2 : 0.000071 0.000070 0.000071 0.999788
114 114 (0) 2 : 0.124765 0.000073 0.000074 0.875088
115 115 (0) 3 : 0.947139 0.000052 0.000053 0.052757
1 1 (0) 1 : 0.999771 0.000075 0.000077 0.000077
2 2 (0) 1 : 0.999781 0.000071 0.000073 0.000074
3 3 (0) 1 : 0.999768 0.000076 0.000078 0.000079
4 4 (0) 1 : 0.999767 0.000076 0.000078 0.000079
5 5 (0) 1 : 0.999757 0.000079 0.000082 0.000082
6 6 (0) 1 : 0.999766 0.000077 0.000079 0.000079
7 7 (0) 1 : 0.999748 0.000082 0.000085 0.000085
8 8 (0) 1 : 0.999823 0.000058 0.000060 0.000060
9 9 (0) 1 : 0.999834 0.000054 0.000056 0.000056
10 10 (0) 1 : 0.999805 0.000063 0.000065 0.000066
11 11 (0) 1 : 0.999773 0.000074 0.000076 0.000077
12 12 (0) 1 : 0.999813 0.000061 0.000063 0.000063
13 13 (0) 1 : 0.999777 0.000073 0.000075 0.000075
14 14 (0) 1 : 0.999775 0.000073 0.000076 0.000076
15 15 (0) 1 : 0.999774 0.000074 0.000076 0.000076
16 16 (0) 1 : 0.999762 0.000078 0.000080 0.000080
17 17 (0) 1 : 0.999742 0.000084 0.000087 0.000087
18 18 (0) 2 : 0.000059 0.000057 0.999824 0.000059
19 19 (0) 2 : 0.190508 0.000073 0.809342 0.000076
20 20 (0) 3 : 0.933697 0.000059 0.066184 0.000060
21 21 (0) 3 : 0.954658 0.000061 0.045218 0.000063
22 22 (0) 2 : 0.000078 0.000075 0.999768 0.000078
23 23 (0) 2 : 0.000060 0.000058 0.999822 0.000060
24 24 (0) 2 : 0.000058 0.000056 0.999828 0.000058
25 25 (0) 4 : 0.000070 0.000067 0.000069 0.999794
26 26 (0) 4 : 0.000061 0.000059 0.000061 0.999820
27 27 (0) 4 : 0.000090 0.000086 0.000089 0.999735
28 28 (0) 4 : 0.000079 0.000076 0.000078 0.999767
29 29 (0) 4 : 0.000092 0.000089 0.000092 0.999726
30 30 (0) 4 : 0.149790 0.000100 0.000103 0.850007
31 31 (0) 4 : 0.000084 0.000081 0.000084 0.999751
32 32 (0) 4 : 0.000088 0.000085 0.000088 0.999739
33 33 (0) 4 : 0.000075 0.000073 0.000075 0.999777
34 34 (0) 4 : 0.000058 0.000055 0.000058 0.999829
35 35 (0) 4 : 0.000057 0.000054 0.000056 0.999833
36 36 (0) 4 : 0.000056 0.000054 0.000056 0.999834
37 37 (0) 4 : 0.000057 0.000055 0.000056 0.999832
38 38 (0) 4 : 0.000072 0.000069 0.000071 0.999787
39 39 (0) 4 : 0.000060 0.000057 0.000059 0.999824
40 40 (0) 4 : 0.000056 0.000054 0.000055 0.999835
41 41 (0) 4 : 0.000079 0.000076 0.000079 0.999766
42 42 (0) 4 : 0.000077 0.000074 0.000076 0.999773
43 43 (0) 4 : 0.000081 0.000078 0.000080 0.999762
44 44 (0) 4 : 0.000078 0.000075 0.000077 0.999771
45 45 (0) 4 : 0.000078 0.000075 0.000078 0.999768
46 46 (0) 4 : 0.081562 0.000075 0.000078 0.918285
47 47 (0) 4 : 0.000081 0.000078 0.000080 0.999762
48 48 (0) 4 : 0.113697 0.000074 0.000076 0.886153
49 49 (0) 4 : 0.000074 0.000072 0.000074 0.999780
50 50 (0) 4 : 0.000077 0.000074 0.000076 0.999774
51 51 (0) 1 : 0.999850 0.000049 0.000051 0.000051
52 52 (0) 1 : 0.999840 0.000052 0.000054 0.000054
53 53 (0) 1 : 0.872511 0.000084 0.000086 0.127319
54 54 (0) 1 : 0.999820 0.000059 0.000060 0.000061
55 55 (0) 1 : 0.999725 0.000090 0.000092 0.000093
56 56 (0) 1 : 0.999826 0.000057 0.000058 0.000059
57 57 (0) 1 : 0.999835 0.000054 0.000055 0.000056
58 58 (0) 1 : 0.776581 0.000073 0.000074 0.223272
59 59 (0) 1 : 0.978445 0.000072 0.000072 0.021411
60 60 (0) 1 : 0.999780 0.000072 0.000074 0.000074
61 61 (0) 1 : 0.999846 0.000051 0.000052 0.000052
62 62 (0) 1 : 0.999803 0.000064 0.000066 0.000066
63 63 (0) 1 : 0.999794 0.000067 0.000069 0.000070
64 64 (0) 1 : 0.999772 0.000074 0.000077 0.000077
65 65 (0) 1 : 0.999776 0.000073 0.000075 0.000076
66 66 (0) 1 : 0.999751 0.000081 0.000084 0.000084
67 67 (0) 1 : 0.999781 0.000071 0.000074 0.000074
68 68 (0) 1 : 0.999746 0.000083 0.000085 0.000086
69 69 (0) 1 : 0.999728 0.000089 0.000091 0.000092
70 70 (0) 1 : 0.999793 0.000067 0.000070 0.000070
71 71 (0) 1 : 0.999757 0.000079 0.000082 0.000082
72 72 (0) 1 : 0.999764 0.000077 0.000079 0.000080
73 73 (0) 1 : 0.999780 0.000072 0.000074 0.000074
74 74 (0) 1 : 0.999843 0.000052 0.000053 0.000053
75 75 (0) 1 : 0.999846 0.000050 0.000052 0.000052
76 76 (0) 1 : 0.999696 0.000099 0.000102 0.000103
77 77 (0) 1 : 0.999762 0.000078 0.000080 0.000080
78 78 (0) 1 : 0.999766 0.000077 0.000079 0.000079
79 79 (0) 1 : 0.999804 0.000064 0.000066 0.000066
80 80 (0) 1 : 0.999846 0.000050 0.000052 0.000052
81 81 (0) 1 : 0.999846 0.000050 0.000052 0.000052
82 82 (0) 1 : 0.999827 0.000057 0.000058 0.000058
83 83 (0) 1 : 0.999776 0.000073 0.000075 0.000075
84 84 (0) 1 : 0.999693 0.000101 0.000103 0.000103
85 85 (0) 1 : 0.999843 0.000051 0.000053 0.000053
86 86 (0) 1 : 0.999846 0.000051 0.000052 0.000052
87 87 (0) 5 : 0.398059 0.000079 0.000081 0.601781
88 88 (0) 5 : 0.232445 0.000068 0.000070 0.767417
89 89 (0) 5 : 0.385728 0.000053 0.000055 0.614165
90 90 (0) 5 : 0.087383 0.000078 0.000080 0.912459
91 91 (0) 5 : 0.000077 0.000074 0.000076 0.999773
92 92 (0) 5 : 0.310008 0.000060 0.000061 0.689871
93 93 (0) 5 : 0.202790 0.000084 0.000086 0.797040
94 94 (0) 5 : 0.196201 0.000062 0.000064 0.803673
95 95 (0) 5 : 0.000083 0.000080 0.000083 0.999754
96 96 (0) 5 : 0.139013 0.000071 0.000073 0.860843
97 97 (0) 6 : 0.999784 0.000070 0.000073 0.000073
98 98 (0) 6 : 0.999791 0.000070 0.000070 0.000070
99 99 (0) 6 : 0.999790 0.000069 0.000070 0.000071
100 100 (0) 6 : 0.999831 0.000055 0.000057 0.000057
101 101 (0) 6 : 0.999831 0.000055 0.000057 0.000057
102 102 (0) 6 : 0.999841 0.000052 0.000053 0.000054
103 103 (0) 6 : 0.999787 0.000069 0.000071 0.000072
104 104 (0) 6 : 0.999776 0.000073 0.000075 0.000076
105 105 (0) 6 : 0.999779 0.000072 0.000074 0.000075
106 106 (0) 6 : 0.999750 0.000083 0.000083 0.000084
107 107 (0) 6 : 0.999779 0.000072 0.000074 0.000075
108 108 (0) 6 : 0.999767 0.000076 0.000078 0.000079
109 109 (0) 6 : 0.999771 0.000075 0.000077 0.000078
110 110 (0) 2 : 0.286746 0.000057 0.713137 0.000060
111 111 (0) 2 : 0.196908 0.000074 0.802942 0.000077
112 112 (0) 2 : 0.266682 0.000075 0.733165 0.000078
113 113 (0) 2 : 0.221447 0.000068 0.778413 0.000071
114 114 (0) 2 : 0.170339 0.000071 0.829515 0.000074
115 115 (0) 3 : 0.931631 0.000052 0.068265 0.000053
1 1 (0) 1 : 0.999743 0.000076 0.000081 0.000099
2 2 (0) 1 : 0.999778 0.000073 0.000078 0.000072
3 3 (0) 1 : 0.999761 0.000077 0.000077 0.000085
4 4 (0) 1 : 0.999770 0.000078 0.000076 0.000076
5 5 (0) 1 : 0.999752 0.000081 0.000087 0.000080
6 6 (0) 1 : 0.999765 0.000078 0.000078 0.000080
7 7 (0) 1 : 0.999752 0.000084 0.000082 0.000082
8 8 (0) 1 : 0.999819 0.000059 0.000064 0.000058
9 9 (0) 1 : 0.999831 0.000056 0.000059 0.000054
10 10 (0) 1 : 0.999803 0.000068 0.000065 0.000063
11 11 (0) 1 : 0.999774 0.000077 0.000074 0.000074
12 12 (0) 1 : 0.999812 0.000062 0.000065 0.000061
13 13 (0) 1 : 0.999779 0.000075 0.000074 0.000073
14 14 (0) 1 : 0.999778 0.000075 0.000073 0.000073
15 15 (0) 1 : 0.999778 0.000075 0.000073 0.000074
16 16 (0) 1 : 0.999765 0.000080 0.000077 0.000078
17 17 (0) 1 : 0.999745 0.000087 0.000084 0.000084
18 18 (0) 2 : 0.000059 0.000058 0.999826 0.000057
19 19 (0) 2 : 0.000079 0.000075 0.999773 0.000073
20 20 (0) 3 : 0.934903 0.000059 0.064979 0.000058
21 21 (0) 3 : 0.955682 0.000062 0.044195 0.000061
22 22 (0) 2 : 0.000077 0.000077 0.999771 0.000075
23 23 (0) 2 : 0.000060 0.000059 0.999823 0.000058
24 24 (0) 2 : 0.000058 0.000057 0.999829 0.000056
25 25 (0) 4 : 0.113372 0.886493 0.000068 0.000067
26 26 (0) 4 : 0.000060 0.999800 0.000064 0.000076
27 27 (0) 4 : 0.000091 0.999736 0.000087 0.000086
28 28 (0) 4 : 0.000079 0.999769 0.000077 0.000076
29 29 (0) 4 : 0.000093 0.999726 0.000089 0.000092
30 30 (0) 4 : 0.000105 0.999689 0.000107 0.000098
31 31 (0) 4 : 0.000084 0.999754 0.000081 0.000081
32 32 (0) 4 : 0.000088 0.999740 0.000087 0.000085
33 33 (0) 4 : 0.000074 0.999780 0.000073 0.000073
34 34 (0) 4 : 0.089988 0.909899 0.000057 0.000056
35 35 (0) 4 : 0.138635 0.861256 0.000055 0.000054
36 36 (0) 4 : 0.000056 0.999836 0.000054 0.000054
37 37 (0) 4 : 0.000057 0.999834 0.000054 0.000055
38 38 (0) 4 : 0.000071 0.999783 0.000077 0.000069
39 39 (0) 4 : 0.000059 0.999823 0.000060 0.000057
40 40 (0) 4 : 0.000057 0.999836 0.000054 0.000054
41 41 (0) 4 : 0.000079 0.999766 0.000079 0.000076
42 42 (0) 4 : 0.000077 0.999775 0.000074 0.000074
43 43 (0) 4 : 0.000081 0.999757 0.000084 0.000078
44 44 (0) 4 : 0.000080 0.999771 0.000074 0.000075
45 45 (0) 4 : 0.000078 0.999771 0.000075 0.000076
46 46 (0) 4 : 0.057889 0.941961 0.000076 0.000074
47 47 (0) 4 : 0.000079 0.999759 0.000084 0.000078
48 48 (0) 4 : 0.143319 0.856531 0.000077 0.000073
49 49 (0) 4 : 0.000073 0.999783 0.000072 0.000072
50 50 (0) 4 : 0.000076 0.999776 0.000074 0.000074
51 51 (0) 1 : 0.999849 0.000050 0.000050 0.000052
52 52 (0) 1 : 0.999843 0.000053 0.000053 0.000051
53 53 (0) 1 : 0.721724 0.278108 0.000084 0.000083
54 54 (0) 1 : 0.385206 0.614679 0.000058 0.000057
55 55 (0) 1 : 0.751746 0.248072 0.000095 0.000088
56 56 (0) 1 : 0.408479 0.591411 0.000055 0.000055
57 57 (0) 1 : 0.449353 0.550533 0.000053 0.000061
58 58 (0) 1 : 0.563864 0.435994 0.000072 0.000071
59 59 (0) 1 : 0.959258 0.040601 0.000071 0.000070
60 60 (0) 1 : 0.999778 0.000073 0.000077 0.000072
61 61 (0) 1 : 0.999845 0.000051 0.000053 0.000050
62 62 (0) 1 : 0.826802 0.173060 0.000065 0.000072
63 63 (0) 1 : 0.875901 0.123938 0.000068 0.000093
64 64 (0) 1 : 0.999775 0.000077 0.000074 0.000075
65 65 (0) 1 : 0.999779 0.000075 0.000073 0.000073
66 66 (0) 1 : 0.999752 0.000083 0.000083 0.000082
67 67 (0) 1 : 0.999784 0.000074 0.000071 0.000071
68 68 (0) 1 : 0.999749 0.000085 0.000083 0.000083
69 69 (0) 1 : 0.999721 0.000096 0.000091 0.000092
70 70 (0) 1 : 0.999793 0.000070 0.000070 0.000068
71 71 (0) 1 : 0.999759 0.000081 0.000080 0.000080
72 72 (0) 1 : 0.999767 0.000079 0.000077 0.000077
73 73 (0) 1 : 0.999783 0.000073 0.000072 0.000072
74 74 (0) 1 : 0.999842 0.000052 0.000054 0.000051
75 75 (0) 1 : 0.999846 0.000051 0.000053 0.000050
76 76 (0) 1 : 0.999699 0.000102 0.000099 0.000101
77 77 (0) 1 : 0.999766 0.000080 0.000077 0.000078
78 78 (0) 1 : 0.999768 0.000079 0.000076 0.000077
79 79 (0) 1 : 0.697906 0.301966 0.000064 0.000063
80 80 (0) 1 : 0.999844 0.000051 0.000051 0.000054
81 81 (0) 1 : 0.999848 0.000051 0.000051 0.000051
82 82 (0) 1 : 0.999808 0.000057 0.000058 0.000076
83 83 (0) 1 : 0.999779 0.000075 0.000073 0.000073
84 84 (0) 1 : 0.940005 0.059795 0.000101 0.000099
85 85 (0) 1 : 0.999842 0.000052 0.000055 0.000051
86 86 (0) 1 : 0.999846 0.000051 0.000052 0.000051
87 87 (0) 5 : 0.386540 0.613301 0.000082 0.000077
88 88 (0) 5 : 0.251368 0.748470 0.000069 0.000094
89 89 (0) 5 : 0.400315 0.599559 0.000057 0.000070
90 90 (0) 5 : 0.066213 0.933609 0.000081 0.000097
91 91 (0) 5 : 0.000075 0.999749 0.000079 0.000096
92 92 (0) 5 : 0.295116 0.704761 0.000064 0.000059
93 93 (0) 5 : 0.165321 0.834507 0.000090 0.000082
94 94 (0) 5 : 0.244251 0.755621 0.000065 0.000063
95 95 (0) 5 : 0.000085 0.999757 0.000080 0.000079
96 96 (0) 5 : 0.115729 0.884119 0.000076 0.000076
97 97 (0) 6 : 0.999783 0.000077 0.000070 0.000070
98 98 (0) 6 : 0.999792 0.000073 0.000067 0.000068
99 99 (0) 6 : 0.999791 0.000074 0.000068 0.000067
100 100 (0) 6 : 0.999832 0.000057 0.000055 0.000055
101 101 (0) 6 : 0.999830 0.000057 0.000058 0.000055
102 102 (0) 6 : 0.999841 0.000055 0.000053 0.000052
103 103 (0) 6 : 0.999785 0.000073 0.000073 0.000068
104 104 (0) 6 : 0.999725 0.000078 0.000073 0.000124
105 105 (0) 6 : 0.999782 0.000072 0.000074 0.000072
106 106 (0) 6 : 0.999758 0.000081 0.000080 0.000081
107 107 (0) 6 : 0.999742 0.000073 0.000072 0.000113
108 108 (0) 6 : 0.999766 0.000082 0.000076 0.000076
109 109 (0) 6 : 0.999776 0.000075 0.000075 0.000074
110 110 (0) 2 : 0.197151 0.000058 0.802733 0.000057
111 111 (0) 2 : 0.081241 0.000075 0.918610 0.000074
112 112 (0) 2 : 0.152964 0.000076 0.846885 0.000075
113 113 (0) 2 : 0.000070 0.000070 0.999792 0.000068
114 114 (0) 2 : 0.000073 0.000073 0.999783 0.000071
115 115 (0) 3 : 0.934260 0.000052 0.065637 0.000051
