1 1 (0) 1 : 0.000058 0.999765 0.000059 0.000058 0.000059
2 2 (0) 1 : 0.000056 0.999776 0.000056 0.000056 0.000056
3 3 (0) 1 : 0.000060 0.999760 0.000060 0.000060 0.000060
4 4 (0) 1 : 0.000060 0.999760 0.000060 0.000060 0.000060
5 5 (0) 1 : 0.000062 0.999749 0.000063 0.000062 0.000063
6 6 (0) 1 : 0.000060 0.999759 0.000061 0.000060 0.000061
7 7 (0) 1 : 0.000064 0.999741 0.000065 0.000064 0.000065
8 8 (0) 1 : 0.000045 0.999818 0.000046 0.000045 0.000046
9 9 (0) 1 : 0.000043 0.999829 0.000043 0.000043 0.000043
10 10 (0) 1 : 0.000050 0.999800 0.000050 0.000050 0.000050
11 11 (0) 1 : 0.000058 0.999765 0.000059 0.000058 0.000059
12 12 (0) 1 : 0.000048 0.999808 0.000048 0.000048 0.000048
13 13 (0) 1 : 0.000057 0.999770 0.000058 0.000057 0.000058
14 14 (0) 1 : 0.000058 0.999768 0.000058 0.000058 0.000058
15 15 (0) 1 : 0.000058 0.999768 0.000058 0.000058 0.000058
16 16 (0) 1 : 0.000061 0.999755 0.000062 0.000061 0.000062
17 17 (0) 1 : 0.000066 0.999734 0.000067 0.000066 0.000067
18 18 (0) 2 : 0.000045 0.000046 0.000045 0.000045 0.999820
19 19 (0) 2 : 0.000058 0.000059 0.000058 0.000058 0.999768
20 20 (0) 3 : 0.000046 0.999816 0.000046 0.000046 0.000046
21 21 (0) 3 : 0.000048 0.999808 0.000048 0.000048 0.000048
22 22 (0) 2 : 0.000059 0.000060 0.000059 0.000059 0.999764
23 23 (0) 2 : 0.000045 0.000046 0.000046 0.000045 0.999817
24 24 (0) 2 : 0.000044 0.000045 0.000044 0.000044 0.999824
25 25 (0) 4 : 0.000052 0.000053 0.999789 0.000052 0.000053
26 26 (0) 4 : 0.000046 0.000047 0.999814 0.000046 0.000047
27 27 (0) 4 : 0.000068 0.000069 0.999727 0.000068 0.000069
28 28 (0) 4 : 0.000059 0.000060 0.999761 0.000059 0.000060
29 29 (0) 4 : 0.000070 0.000071 0.999718 0.000070 0.000071
30 30 (0) 4 : 0.000078 0.131498 0.868265 0.000078 0.000079
31 31 (0) 4 : 0.000064 0.000065 0.999744 0.000064 0.000064
32 32 (0) 4 : 0.000067 0.000069 0.999731 0.000067 0.000067
33 33 (0) 4 : 0.000057 0.000058 0.999770 0.000057 0.000058
34 34 (0) 4 : 0.000044 0.000047 0.999821 0.000044 0.000044
35 35 (0) 4 : 0.000042 0.009279 0.990594 0.000042 0.000043
36 36 (0) 4 : 0.000042 0.000043 0.999829 0.000042 0.000043
37 37 (0) 4 : 0.000043 0.000044 0.999827 0.000043 0.000044
38 38 (0) 4 : 0.000054 0.000055 0.999781 0.000054 0.000055
39 39 (0) 4 : 0.000045 0.000046 0.999818 0.000045 0.000046
40 40 (0) 4 : 0.000042 0.000043 0.999830 0.000042 0.000043
41 41 (0) 4 : 0.000060 0.000061 0.999758 0.000060 0.000061
42 42 (0) 4 : 0.000058 0.000059 0.999766 0.000058 0.000059
43 43 (0) 4 : 0.000061 0.000062 0.999755 0.000061 0.000062
44 44 (0) 4 : 0.000059 0.000060 0.999764 0.000059 0.000059
45 45 (0) 4 : 0.000059 0.000060 0.999762 0.000059 0.000060
46 46 (0) 4 : 0.000059 0.000061 0.999762 0.000059 0.000059
47 47 (0) 4 : 0.000061 0.000062 0.999755 0.000061 0.000062
48 48 (0) 4 : 0.000058 0.117078 0.882748 0.000058 0.000059
49 49 (0) 4 : 0.000056 0.000057 0.999773 0.000056 0.000057
50 50 (0) 4 : 0.000058 0.000059 0.999767 0.000058 0.000059
51 51 (0) 1 : 0.000038 0.999845 0.000039 0.000038 0.000039
52 52 (0) 1 : 0.000041 0.999837 0.000041 0.000041 0.000041
53 53 (0) 1 : 0.000065 0.999713 0.000091 0.000065 0.000066
54 54 (0) 1 : 0.000045 0.999819 0.000045 0.000045 0.000046
55 55 (0) 1 : 0.000070 0.999720 0.000070 0.000070 0.000070
56 56 (0) 1 : 0.000080 0.999779 0.000053 0.000044 0.000044
57 57 (0) 1 : 0.000042 0.999832 0.000042 0.000042 0.000042
58 58 (0) 1 : 0.000056 0.999774 0.000057 0.000056 0.000056
59 59 (0) 1 : 0.000055 0.999779 0.000056 0.000055 0.000055
60 60 (0) 1 : 0.000056 0.999773 0.000057 0.000056 0.000057
61 61 (0) 1 : 0.000039 0.999841 0.000040 0.000039 0.000040
62 62 (0) 1 : 0.000050 0.999798 0.000051 0.000050 0.000051
63 63 (0) 1 : 0.000053 0.999788 0.000053 0.000053 0.000053
64 64 (0) 1 : 0.000058 0.999765 0.000059 0.000058 0.000059
65 65 (0) 1 : 0.000057 0.999769 0.000058 0.000057 0.000058
66 66 (0) 1 : 0.000064 0.999743 0.000065 0.000064 0.000065
67 67 (0) 1 : 0.000056 0.999774 0.000057 0.000056 0.000057
68 68 (0) 1 : 0.000065 0.999738 0.000066 0.000065 0.000066
69 69 (0) 1 : 0.000069 0.999720 0.000070 0.000069 0.000070
70 70 (0) 1 : 0.000053 0.999786 0.000054 0.000053 0.000054
71 71 (0) 1 : 0.000062 0.999750 0.000063 0.000062 0.000063
72 72 (0) 1 : 0.000061 0.999756 0.000061 0.000061 0.000061
73 73 (0) 1 : 0.000057 0.999773 0.000057 0.000057 0.000057
74 74 (0) 1 : 0.000040 0.999839 0.000040 0.000040 0.000040
75 75 (0) 1 : 0.000039 0.999842 0.000040 0.000039 0.000040
76 76 (0) 1 : 0.000078 0.999687 0.000079 0.000078 0.000079
77 77 (0) 1 : 0.000061 0.999754 0.000062 0.000061 0.000062
78 78 (0) 1 : 0.000060 0.999759 0.000061 0.000060 0.000061
79 79 (0) 1 : 0.000088 0.999757 0.000049 0.000050 0.000056
80 80 (0) 1 : 0.000039 0.999841 0.000040 0.000039 0.000040
81 81 (0) 1 : 0.000039 0.999842 0.000040 0.000039 0.000040
82 82 (0) 1 : 0.000044 0.999822 0.000045 0.000044 0.000045
83 83 (0) 1 : 0.000057 0.999770 0.000058 0.000057 0.000058
84 84 (0) 1 : 0.000078 0.999686 0.000079 0.000078 0.000079
85 85 (0) 1 : 0.000040 0.999839 0.000041 0.000040 0.000041
86 86 (0) 1 : 0.000040 0.999841 0.000040 0.000040 0.000040
87 87 (0) 5 : 0.000062 0.999753 0.000062 0.000062 0.000062
88 88 (0) 5 : 0.000053 0.331995 0.667845 0.000053 0.000054
89 89 (0) 5 : 0.000041 0.483579 0.516296 0.000041 0.000042
90 90 (0) 5 : 0.000061 0.000064 0.999748 0.000061 0.000066
91 91 (0) 5 : 0.000058 0.000057 0.999768 0.000058 0.000059
92 92 (0) 5 : 0.000047 0.388981 0.610877 0.000047 0.000047
93 93 (0) 5 : 0.000065 0.271597 0.728207 0.000065 0.000066
94 94 (0) 5 : 0.000049 0.095790 0.904063 0.000049 0.000049
95 95 (0) 5 : 0.000063 0.000062 0.999749 0.000063 0.000064
96 96 (0) 5 : 0.000056 0.000056 0.999775 0.000056 0.000058
97 97 (0) 6 : 0.000055 0.999778 0.000056 0.000055 0.000056
98 98 (0) 6 : 0.000053 0.999786 0.000054 0.000053 0.000054
99 99 (0) 6 : 0.000053 0.999785 0.000054 0.000053 0.000054
100 100 (0) 6 : 0.000043 0.999826 0.000044 0.000043 0.000044
101 101 (0) 6 : 0.000043 0.999827 0.000044 0.000043 0.000044
102 102 (0) 6 : 0.000041 0.999837 0.000041 0.000041 0.000041
103 103 (0) 6 : 0.000054 0.999781 0.000055 0.000054 0.000055
104 104 (0) 6 : 0.000057 0.999769 0.000058 0.000057 0.000058
105 105 (0) 6 : 0.000056 0.999773 0.000057 0.000056 0.000057
106 106 (0) 6 : 0.000064 0.999744 0.000064 0.000064 0.000064
107 107 (0) 6 : 0.000057 0.999772 0.000057 0.000057 0.000057
108 108 (0) 6 : 0.000060 0.999760 0.000061 0.000060 0.000060
109 109 (0) 6 : 0.000059 0.999764 0.000059 0.000059 0.000059
110 110 (0) 2 : 0.000045 0.208111 0.000046 0.000045 0.791754
111 111 (0) 2 : 0.000058 0.250951 0.000059 0.000058 0.748875
112 112 (0) 2 : 0.000059 0.222680 0.000060 0.000059 0.777144
113 113 (0) 2 : 0.000054 0.000055 0.000055 0.000054 0.999783
114 114 (0) 2 : 0.000056 0.146202 0.000057 0.000056 0.853629
115 115 (0) 3 : 0.000040 0.999838 0.000041 0.000040 0.000041
1 1 (0) 1 : 0.999764 0.000059 0.000059 0.000059 0.000059
2 2 (0) 1 : 0.999775 0.000056 0.000056 0.000056 0.000056
3 3 (0) 1 : 0.999759 0.000060 0.000060 0.000060 0.000060
4 4 (0) 1 : 0.999759 0.000060 0.000060 0.000060 0.000060
5 5 (0) 1 : 0.999748 0.000063 0.000063 0.000063 0.000063
6 6 (0) 1 : 0.999758 0.000061 0.000060 0.000061 0.000060
7 7 (0) 1 : 0.999740 0.000065 0.000065 0.000065 0.000065
8 8 (0) 1 : 0.999817 0.000046 0.000046 0.000046 0.000046
9 9 (0) 1 : 0.999828 0.000043 0.000043 0.000043 0.000043
10 10 (0) 1 : 0.999799 0.000050 0.000050 0.000050 0.000050
11 11 (0) 1 : 0.999764 0.000059 0.000059 0.000059 0.000059
12 12 (0) 1 : 0.999808 0.000048 0.000048 0.000048 0.000048
13 13 (0) 1 : 0.999769 0.000058 0.000058 0.000058 0.000058
14 14 (0) 1 : 0.999767 0.000058 0.000058 0.000058 0.000058
15 15 (0) 1 : 0.999767 0.000058 0.000058 0.000058 0.000058
16 16 (0) 1 : 0.999754 0.000062 0.000061 0.000062 0.000061
17 17 (0) 1 : 0.999733 0.000067 0.000067 0.000067 0.000067
18 18 (0) 2 : 0.000045 0.999819 0.000045 0.000045 0.000045
19 19 (0) 2 : 0.000059 0.999767 0.000058 0.000058 0.000058
20 20 (0) 3 : 0.999816 0.000046 0.000046 0.000046 0.000046
21 21 (0) 3 : 0.999807 0.000048 0.000048 0.000048 0.000048
22 22 (0) 2 : 0.000060 0.999763 0.000059 0.000059 0.000059
23 23 (0) 2 : 0.000046 0.999817 0.000046 0.000046 0.000046
24 24 (0) 2 : 0.000044 0.999823 0.000044 0.000044 0.000044
25 25 (0) 4 : 0.000053 0.000053 0.000053 0.999788 0.000053
26 26 (0) 4 : 0.000047 0.000047 0.000046 0.999814 0.000046
27 27 (0) 4 : 0.000069 0.000069 0.000068 0.999726 0.000068
28 28 (0) 4 : 0.000060 0.000060 0.000060 0.999760 0.000060
29 29 (0) 4 : 0.000071 0.000071 0.000071 0.999717 0.000071
30 30 (0) 4 : 0.000080 0.000080 0.000079 0.999682 0.000079
31 31 (0) 4 : 0.000065 0.000064 0.000064 0.999742 0.000064
32 32 (0) 4 : 0.000068 0.000067 0.000067 0.999730 0.000067
33 33 (0) 4 : 0.000058 0.000058 0.000057 0.999769 0.000058
34 34 (0) 4 : 0.000044 0.000044 0.000044 0.999823 0.000044
35 35 (0) 4 : 0.000043 0.000043 0.000042 0.999829 0.000043
36 36 (0) 4 : 0.000043 0.000043 0.000043 0.999829 0.000043
37 37 (0) 4 : 0.000044 0.000044 0.000043 0.999826 0.000043
38 38 (0) 4 : 0.000055 0.000055 0.000055 0.999780 0.000055
39 39 (0) 4 : 0.000046 0.000046 0.000045 0.999818 0.000046
40 40 (0) 4 : 0.000043 0.000043 0.000042 0.999830 0.000043
41 41 (0) 4 : 0.000061 0.000061 0.000061 0.999757 0.000061
42 42 (0) 4 : 0.000059 0.000059 0.000059 0.999765 0.000059
43 43 (0) 4 : 0.000062 0.000062 0.000061 0.999754 0.000061
44 44 (0) 4 : 0.000059 0.000059 0.000059 0.999763 0.000059
45 45 (0) 4 : 0.000060 0.000060 0.000060 0.999761 0.000060
46 46 (0) 4 : 0.000059 0.000059 0.000059 0.999763 0.000059
47 47 (0) 4 : 0.000062 0.000062 0.000061 0.999754 0.000061
48 48 (0) 4 : 0.117106 0.000059 0.000058 0.882718 0.000058
49 49 (0) 4 : 0.000057 0.000057 0.000057 0.999772 0.000057
50 50 (0) 4 : 0.000059 0.000059 0.000058 0.999766 0.000058
51 51 (0) 1 : 0.999845 0.000039 0.000039 0.000039 0.000039
52 52 (0) 1 : 0.999836 0.000041 0.000041 0.000041 0.000041
53 53 (0) 1 : 0.855085 0.000066 0.000066 0.000066 0.144718
54 54 (0) 1 : 0.000046 0.000046 0.000045 0.000046 0.999817
55 55 (0) 1 : 0.696014 0.000071 0.000070 0.179354 0.124491
56 56 (0) 1 : 0.000045 0.000044 0.000044 0.000044 0.999823
57 57 (0) 1 : 0.738357 0.000042 0.000042 0.000042 0.261517
58 58 (0) 1 : 0.803621 0.000057 0.000057 0.000057 0.196209
59 59 (0) 1 : 0.999778 0.000055 0.000055 0.000056 0.000055
60 60 (0) 1 : 0.999772 0.000057 0.000057 0.000057 0.000057
61 61 (0) 1 : 0.999841 0.000040 0.000040 0.000040 0.000040
62 62 (0) 1 : 0.999797 0.000051 0.000050 0.000051 0.000051
63 63 (0) 1 : 0.999787 0.000053 0.000053 0.000053 0.000053
64 64 (0) 1 : 0.999764 0.000059 0.000059 0.000059 0.000059
65 65 (0) 1 : 0.999768 0.000058 0.000058 0.000058 0.000058
66 66 (0) 1 : 0.999742 0.000065 0.000064 0.000065 0.000064
67 67 (0) 1 : 0.999773 0.000057 0.000057 0.000057 0.000057
68 68 (0) 1 : 0.999737 0.000066 0.000066 0.000066 0.000066
69 69 (0) 1 : 0.999719 0.000070 0.000070 0.000070 0.000070
70 70 (0) 1 : 0.999785 0.000054 0.000054 0.000054 0.000054
71 71 (0) 1 : 0.999749 0.000063 0.000063 0.000063 0.000063
72 72 (0) 1 : 0.999755 0.000061 0.000061 0.000061 0.000061
73 73 (0) 1 : 0.999771 0.000057 0.000057 0.000057 0.000057
74 74 (0) 1 : 0.999838 0.000040 0.000040 0.000041 0.000040
75 75 (0) 1 : 0.999841 0.000040 0.000040 0.000040 0.000040
76 76 (0) 1 : 0.999685 0.000079 0.000079 0.000079 0.000079
77 77 (0) 1 : 0.999753 0.000062 0.000062 0.000062 0.000062
78 78 (0) 1 : 0.999757 0.000061 0.000061 0.000061 0.000061
79 79 (0) 1 : 0.809014 0.000051 0.000051 0.000051 0.190834
80 80 (0) 1 : 0.999841 0.000040 0.000040 0.000040 0.000040
81 81 (0) 1 : 0.999841 0.000040 0.000040 0.000040 0.000040
82 82 (0) 1 : 0.999821 0.000045 0.000045 0.000045 0.000045
83 83 (0) 1 : 0.999769 0.000058 0.000058 0.000058 0.000058
84 84 (0) 1 : 0.999685 0.000079 0.000079 0.000079 0.000079
85 85 (0) 1 : 0.999838 0.000041 0.000040 0.000041 0.000040
86 86 (0) 1 : 0.999841 0.000040 0.000040 0.000040 0.000040
87 87 (0) 5 : 0.516439 0.000062 0.000062 0.483375 0.000062
88 88 (0) 5 : 0.309296 0.000054 0.000053 0.690544 0.000053
89 89 (0) 5 : 0.450119 0.000042 0.000042 0.549756 0.000042
90 90 (0) 5 : 0.000062 0.000062 0.000062 0.999753 0.000062
91 91 (0) 5 : 0.000059 0.000059 0.000058 0.999766 0.000058
92 92 (0) 5 : 0.359551 0.000047 0.000047 0.640307 0.000047
93 93 (0) 5 : 0.227126 0.000066 0.000066 0.772676 0.000066
94 94 (0) 5 : 0.000049 0.000049 0.000049 0.999804 0.000049
95 95 (0) 5 : 0.000064 0.000064 0.000063 0.999746 0.000063
96 96 (0) 5 : 0.126633 0.000056 0.000056 0.873198 0.000056
97 97 (0) 6 : 0.999777 0.000056 0.000055 0.000056 0.000056
98 98 (0) 6 : 0.999785 0.000054 0.000054 0.000054 0.000054
99 99 (0) 6 : 0.999784 0.000054 0.000054 0.000054 0.000054
100 100 (0) 6 : 0.999826 0.000044 0.000044 0.000044 0.000044
101 101 (0) 6 : 0.999826 0.000044 0.000043 0.000044 0.000043
102 102 (0) 6 : 0.999836 0.000041 0.000041 0.000041 0.000041
103 103 (0) 6 : 0.999780 0.000055 0.000055 0.000055 0.000055
104 104 (0) 6 : 0.999766 0.000058 0.000060 0.000058 0.000058
105 105 (0) 6 : 0.000057 0.000057 0.999772 0.000057 0.000057
106 106 (0) 6 : 0.999744 0.000064 0.000063 0.000064 0.000064
107 107 (0) 6 : 0.999771 0.000057 0.000057 0.000058 0.000057
108 108 (0) 6 : 0.999759 0.000060 0.000060 0.000061 0.000060
109 109 (0) 6 : 0.000059 0.000059 0.999763 0.000059 0.000059
110 110 (0) 2 : 0.204817 0.795046 0.000045 0.000046 0.000045
111 111 (0) 2 : 0.261945 0.737880 0.000058 0.000059 0.000058
112 112 (0) 2 : 0.226671 0.773150 0.000059 0.000060 0.000059
113 113 (0) 2 : 0.000055 0.999782 0.000054 0.000055 0.000054
114 114 (0) 2 : 0.153175 0.846655 0.000057 0.000057 0.000057
115 115 (0) 3 : 0.999838 0.000041 0.000040 0.000041 0.000041
