1 1 (0) 1 : 0.000032 0.999744 0.000032 0.000032 0.000032 0.000032 0.000032 0.000032 0.000032
2 2 (0) 1 : 0.000031 0.999756 0.000031 0.000031 0.000031 0.000031 0.000031 0.000031 0.000031
3 3 (0) 1 : 0.000033 0.999739 0.000033 0.000033 0.000033 0.000033 0.000033 0.000033 0.000033
4 4 (0) 1 : 0.000033 0.999739 0.000033 0.000033 0.000033 0.000033 0.000033 0.000033 0.000033
5 5 (0) 1 : 0.000034 0.999726 0.000034 0.000034 0.000034 0.000034 0.000034 0.000034 0.000034
6 6 (0) 1 : 0.000033 0.999738 0.000033 0.000033 0.000033 0.000033 0.000033 0.000033 0.000033
7 7 (0) 1 : 0.000035 0.999717 0.000035 0.000035 0.000035 0.000035 0.000035 0.000035 0.000035
8 8 (0) 1 : 0.000025 0.999801 0.000025 0.000025 0.000025 0.000025 0.000025 0.000025 0.000025
9 9 (0) 1 : 0.000023 0.999813 0.000023 0.000023 0.000023 0.000023 0.000023 0.000023 0.000023
10 10 (0) 1 : 0.000027 0.999782 0.000027 0.000027 0.000027 0.000027 0.000027 0.000027 0.000027
11 11 (0) 1 : 0.000032 0.999744 0.000032 0.000032 0.000032 0.000032 0.000032 0.000032 0.000032
12 12 (0) 1 : 0.000026 0.999791 0.000026 0.000026 0.000026 0.000026 0.000026 0.000026 0.000026
13 13 (0) 1 : 0.000031 0.999749 0.000031 0.000031 0.000031 0.000031 0.000031 0.000031 0.000031
14 14 (0) 1 : 0.000032 0.999747 0.000032 0.000032 0.000032 0.000032 0.000032 0.000032 0.000032
15 15 (0) 1 : 0.000032 0.999747 0.000032 0.000032 0.000032 0.000032 0.000032 0.000032 0.000032
16 16 (0) 1 : 0.000033 0.999733 0.000033 0.000033 0.000033 0.000033 0.000033 0.000033 0.000033
17 17 (0) 1 : 0.000036 0.999710 0.000036 0.000036 0.000036 0.000036 0.000036 0.000036 0.000036
18 18 (0) 2 : 0.000025 0.000025 0.000025 0.000025 0.999803 0.000025 0.000025 0.000025 0.000025
19 19 (0) 2 : 0.000032 0.000032 0.000032 0.000032 0.999747 0.000032 0.000032 0.000032 0.000032
20 20 (0) 3 : 0.000025 0.999800 0.000025 0.000025 0.000025 0.000025 0.000025 0.000025 0.000025
21 21 (0) 3 : 0.000026 0.999791 0.000026 0.000026 0.000026 0.000026 0.000026 0.000026 0.000026
22 22 (0) 2 : 0.000032 0.000032 0.000032 0.000032 0.999743 0.000032 0.000032 0.000032 0.000032
23 23 (0) 2 : 0.000025 0.000025 0.000025 0.000025 0.999801 0.000025 0.000025 0.000025 0.000025
24 24 (0) 2 : 0.000024 0.000024 0.000024 0.000024 0.999808 0.000024 0.000024 0.000024 0.000024
25 25 (0) 4 : 0.895015 0.104783 0.000029 0.000029 0.000029 0.000029 0.000029 0.000029 0.000029
26 26 (0) 4 : 0.999798 0.000025 0.000025 0.000025 0.000025 0.000025 0.000025 0.000025 0.000025
27 27 (0) 4 : 0.999703 0.000037 0.000037 0.000037 0.000037 0.000037 0.000037 0.000037 0.000037
28 28 (0) 4 : 0.999739 0.000033 0.000033 0.000033 0.000033 0.000033 0.000033 0.000033 0.000033
29 29 (0) 4 : 0.999693 0.000038 0.000038 0.000038 0.000038 0.000038 0.000038 0.000038 0.000038
30 30 (0) 4 : 0.999657 0.000043 0.000043 0.000043 0.000043 0.000043 0.000043 0.000043 0.000043
31 31 (0) 4 : 0.999721 0.000035 0.000035 0.000035 0.000035 0.000035 0.000035 0.000035 0.000035
32 32 (0) 4 : 0.999708 0.000037 0.000037 0.000037 0.000037 0.000037 0.000037 0.000037 0.000037
33 33 (0) 4 : 0.999750 0.000031 0.000031 0.000031 0.000031 0.000031 0.000031 0.000031 0.000031
34 34 (0) 4 : 0.999808 0.000024 0.000024 0.000024 0.000024 0.000024 0.000024 0.000024 0.000024
35 35 (0) 4 : 0.888115 0.111723 0.000023 0.000023 0.000023 0.000023 0.000023 0.000023 0.000023
36 36 (0) 4 : 0.999814 0.000023 0.000023 0.000023 0.000023 0.000023 0.000023 0.000023 0.000023
37 37 (0) 4 : 0.999811 0.000024 0.000024 0.000024 0.000024 0.000024 0.000024 0.000024 0.000024
38 38 (0) 4 : 0.999762 0.000030 0.000030 0.000030 0.000030 0.000030 0.000030 0.000030 0.000030
39 39 (0) 4 : 0.999802 0.000025 0.000025 0.000025 0.000025 0.000025 0.000025 0.000025 0.000025
40 40 (0) 4 : 0.999815 0.000023 0.000023 0.000023 0.000023 0.000023 0.000023 0.000023 0.000023
41 41 (0) 4 : 0.999736 0.000033 0.000033 0.000033 0.000033 0.000033 0.000033 0.000033 0.000033
42 42 (0) 4 : 0.999745 0.000032 0.000032 0.000032 0.000032 0.000032 0.000032 0.000032 0.000032
43 43 (0) 4 : 0.999733 0.000033 0.000033 0.000033 0.000033 0.000033 0.000033 0.000033 0.000033
44 44 (0) 4 : 0.999743 0.000032 0.000032 0.000032 0.000032 0.000032 0.000032 0.000032 0.000032
45 45 (0) 4 : 0.999740 0.000032 0.000032 0.000032 0.000032 0.000032 0.000032 0.000032 0.000032
46 46 (0) 4 : 0.999744 0.000032 0.000032 0.000032 0.000032 0.000032 0.000032 0.000032 0.000032
47 47 (0) 4 : 0.999733 0.000033 0.000033 0.000033 0.000033 0.000033 0.000033 0.000033 0.000033
48 48 (0) 4 : 0.838066 0.161712 0.000032 0.000032 0.000032 0.000032 0.000032 0.000032 0.000032
49 49 (0) 4 : 0.999753 0.000031 0.000031 0.000031 0.000031 0.000031 0.000031 0.000031 0.000031
50 50 (0) 4 : 0.999746 0.000032 0.000032 0.000032 0.000032 0.000032 0.000032 0.000032 0.000032
51 51 (0) 1 : 0.000021 0.999832 0.000021 0.000021 0.000021 0.000021 0.000021 0.000021 0.000021
52 52 (0) 1 : 0.000022 0.999822 0.000022 0.000022 0.000022 0.000022 0.000022 0.000022 0.000022
53 53 (0) 1 : 0.069148 0.860136 0.000036 0.000036 0.070502 0.000036 0.000036 0.000036 0.000036
54 54 (0) 1 : 0.562898 0.436929 0.000025 0.000025 0.000025 0.000025 0.000025 0.000025 0.000025
55 55 (0) 1 : 0.323109 0.676624 0.000038 0.000038 0.000038 0.000038 0.000038 0.000038 0.000038
56 56 (0) 1 : 0.571725 0.428107 0.000024 0.000024 0.000024 0.000024 0.000024 0.000024 0.000024
57 57 (0) 1 : 0.525862 0.473978 0.000023 0.000023 0.000023 0.000023 0.000023 0.000023 0.000023
58 58 (0) 1 : 0.441430 0.558355 0.000031 0.000031 0.000031 0.000031 0.000031 0.000031 0.000031
59 59 (0) 1 : 0.000030 0.999760 0.000030 0.000030 0.000030 0.000030 0.000030 0.000030 0.000030
60 60 (0) 1 : 0.000031 0.999753 0.000031 0.000031 0.000031 0.000031 0.000031 0.000031 0.000031
61 61 (0) 1 : 0.000022 0.999827 0.000022 0.000022 0.000022 0.000022 0.000022 0.000022 0.000022
62 62 (0) 1 : 0.178783 0.821025 0.000027 0.000027 0.000027 0.000027 0.000027 0.000027 0.000027
63 63 (0) 1 : 0.113429 0.886370 0.000029 0.000029 0.000029 0.000029 0.000029 0.000029 0.000029
64 64 (0) 1 : 0.000032 0.999743 0.000032 0.000032 0.000032 0.000032 0.000032 0.000032 0.000032
65 65 (0) 1 : 0.000031 0.999748 0.000031 0.000031 0.000031 0.000031 0.000031 0.000031 0.000031
66 66 (0) 1 : 0.000035 0.999720 0.000035 0.000035 0.000035 0.000035 0.000035 0.000035 0.000035
67 67 (0) 1 : 0.000031 0.999753 0.000031 0.000031 0.000031 0.000031 0.000031 0.000031 0.000031
68 68 (0) 1 : 0.000036 0.999715 0.000036 0.000036 0.000036 0.000036 0.000036 0.000036 0.000036
69 69 (0) 1 : 0.000038 0.999695 0.000038 0.000038 0.000038 0.000038 0.000038 0.000038 0.000038
70 70 (0) 1 : 0.000029 0.999767 0.000029 0.000029 0.000029 0.000029 0.000029 0.000029 0.000029
71 71 (0) 1 : 0.000034 0.999728 0.000034 0.000034 0.000034 0.000034 0.000034 0.000034 0.000034
72 72 (0) 1 : 0.000033 0.999734 0.000033 0.000033 0.000033 0.000033 0.000033 0.000033 0.000033
73 73 (0) 1 : 0.000031 0.999752 0.000031 0.000031 0.000031 0.000031 0.000031 0.000031 0.000031
74 74 (0) 1 : 0.000022 0.999824 0.000022 0.000022 0.000022 0.000022 0.000022 0.000022 0.000022
75 75 (0) 1 : 0.000022 0.999827 0.000022 0.000022 0.000022 0.000022 0.000022 0.000022 0.000022
76 76 (0) 1 : 0.000043 0.999659 0.000043 0.000043 0.000043 0.000043 0.000043 0.000043 0.000043
77 77 (0) 1 : 0.000034 0.999732 0.000034 0.000034 0.000034 0.000034 0.000034 0.000034 0.000034
78 78 (0) 1 : 0.000033 0.999737 0.000033 0.000033 0.000033 0.000033 0.000033 0.000033 0.000033
79 79 (0) 1 : 0.334523 0.665285 0.000027 0.000027 0.000027 0.000027 0.000027 0.000027 0.000027
80 80 (0) 1 : 0.000022 0.999827 0.000022 0.000022 0.000022 0.000022 0.000022 0.000022 0.000022
81 81 (0) 1 : 0.000022 0.999827 0.000022 0.000022 0.000022 0.000022 0.000022 0.000022 0.000022
82 82 (0) 1 : 0.000024 0.999806 0.000024 0.000024 0.000024 0.000024 0.000024 0.000024 0.000024
83 83 (0) 1 : 0.000031 0.866002 0.000031 0.000031 0.000031 0.000031 0.000031 0.133779 0.000031
84 84 (0) 1 : 0.000043 0.999659 0.000043 0.000043 0.000043 0.000043 0.000043 0.000043 0.000043
85 85 (0) 1 : 0.000022 0.999824 0.000022 0.000022 0.000022 0.000022 0.000022 0.000022 0.000022
86 86 (0) 1 : 0.000022 0.999827 0.000022 0.000022 0.000022 0.000022 0.000022 0.000022 0.000022
87 87 (0) 5 : 0.455019 0.544747 0.000033 0.000033 0.000033 0.000033 0.000033 0.000033 0.000033
88 88 (0) 5 : 0.633885 0.365912 0.000029 0.000029 0.000029 0.000029 0.000029 0.000029 0.000029
89 89 (0) 5 : 0.499781 0.500061 0.000023 0.000023 0.000023 0.000023 0.000023 0.000023 0.000023
90 90 (0) 5 : 0.999733 0.000033 0.000033 0.000033 0.000033 0.000033 0.000033 0.000033 0.000033
91 91 (0) 5 : 0.928231 0.071548 0.000032 0.000032 0.000032 0.000032 0.000032 0.000032 0.000032
92 92 (0) 5 : 0.590752 0.409068 0.000026 0.000026 0.000026 0.000026 0.000026 0.000026 0.000026
93 93 (0) 5 : 0.762494 0.237256 0.000036 0.000036 0.000036 0.000036 0.000036 0.000036 0.000036
94 94 (0) 5 : 0.788283 0.211531 0.000027 0.000027 0.000027 0.000027 0.000027 0.000027 0.000027
95 95 (0) 5 : 0.908296 0.091464 0.000034 0.000034 0.000034 0.000034 0.000034 0.000034 0.000034
96 96 (0) 5 : 0.870629 0.129157 0.000030 0.000030 0.000030 0.000030 0.000030 0.000030 0.000030
97 97 (0) 6 : 0.000030 0.000030 0.000030 0.000030 0.000030 0.000030 0.000030 0.999758 0.000030
98 98 (0) 6 : 0.000029 0.000029 0.000029 0.000029 0.000029 0.000029 0.000029 0.999767 0.000029
99 99 (0) 6 : 0.000029 0.000029 0.000029 0.000029 0.000029 0.000029 0.000029 0.999766 0.000029
100 100 (0) 6 : 0.000024 0.000024 0.000024 0.000024 0.000024 0.000024 0.000024 0.999811 0.000024
101 101 (0) 6 : 0.000024 0.809835 0.000024 0.000024 0.000024 0.000024 0.000024 0.189999 0.000024
102 102 (0) 6 : 0.000022 0.849615 0.000022 0.000022 0.000022 0.000022 0.000022 0.150229 0.000022
103 103 (0) 6 : 0.000030 0.000030 0.000030 0.000030 0.000030 0.000030 0.000030 0.999762 0.000030
104 104 (0) 6 : 0.000032 0.000032 0.000032 0.000032 0.000032 0.000032 0.000032 0.999748 0.000032
105 105 (0) 6 : 0.000031 0.000031 0.000031 0.000031 0.000031 0.000031 0.000031 0.999752 0.000031
106 106 (0) 6 : 0.000035 0.000035 0.000035 0.000035 0.000035 0.000035 0.000035 0.999721 0.000035
107 107 (0) 6 : 0.000031 0.000031 0.000031 0.000031 0.000031 0.000031 0.000031 0.999751 0.000031
108 108 (0) 6 : 0.000033 0.000033 0.000033 0.000033 0.000033 0.000033 0.000033 0.999738 0.000033
109 109 (0) 6 : 0.000032 0.000032 0.000032 0.000032 0.000032 0.000032 0.000032 0.999743 0.000032
110 110 (0) 2 : 0.000025 0.163314 0.000025 0.000025 0.836514 0.000025 0.000025 0.000025 0.000025
111 111 (0) 2 : 0.000032 0.000032 0.000032 0.000032 0.999746 0.000032 0.000032 0.000032 0.000032
112 112 (0) 2 : 0.000032 0.000032 0.000032 0.000032 0.999742 0.000032 0.000032 0.000032 0.000032
113 113 (0) 2 : 0.000030 0.000030 0.000030 0.000030 0.999764 0.000030 0.000030 0.000030 0.000030
114 114 (0) 2 : 0.000031 0.000031 0.000031 0.000031 0.999754 0.000031 0.000031 0.000031 0.000031
115 115 (0) 3 : 0.000022 0.999824 0.000022 0.000022 0.000022 0.000022 0.000022 0.000022 0.000022
1 1 (0) 1 : 0.999744 0.000032 0.000032 0.000032 0.000032 0.000032 0.000032 0.000032 0.000032
2 2 (0) 1 : 0.999756 0.000031 0.000031 0.000031 0.000031 0.000031 0.000031 0.000031 0.000031
3 3 (0) 1 : 0.999739 0.000033 0.000033 0.000033 0.000033 0.000033 0.000033 0.000033 0.000033
4 4 (0) 1 : 0.999739 0.000033 0.000033 0.000033 0.000033 0.000033 0.000033 0.000033 0.000033
5 5 (0) 1 : 0.999726 0.000034 0.000034 0.000034 0.000034 0.000034 0.000034 0.000034 0.000034
6 6 (0) 1 : 0.999738 0.000033 0.000033 0.000033 0.000033 0.000033 0.000033 0.000033 0.000033
7 7 (0) 1 : 0.999717 0.000035 0.000035 0.000035 0.000035 0.000035 0.000035 0.000035 0.000035
8 8 (0) 1 : 0.999801 0.000025 0.000025 0.000025 0.000025 0.000025 0.000025 0.000025 0.000025
9 9 (0) 1 : 0.999813 0.000023 0.000023 0.000023 0.000023 0.000023 0.000023 0.000023 0.000023
10 10 (0) 1 : 0.999782 0.000027 0.000027 0.000027 0.000027 0.000027 0.000027 0.000027 0.000027
11 11 (0) 1 : 0.999744 0.000032 0.000032 0.000032 0.000032 0.000032 0.000032 0.000032 0.000032
12 12 (0) 1 : 0.999791 0.000026 0.000026 0.000026 0.000026 0.000026 0.000026 0.000026 0.000026
13 13 (0) 1 : 0.999749 0.000031 0.000031 0.000031 0.000031 0.000031 0.000031 0.000031 0.000031
14 14 (0) 1 : 0.999747 0.000032 0.000032 0.000032 0.000032 0.000032 0.000032 0.000032 0.000032
15 15 (0) 1 : 0.999747 0.000032 0.000032 0.000032 0.000032 0.000032 0.000032 0.000032 0.000032
16 16 (0) 1 : 0.999733 0.000033 0.000033 0.000033 0.000033 0.000033 0.000033 0.000033 0.000033
17 17 (0) 1 : 0.999710 0.000036 0.000036 0.000036 0.000036 0.000036 0.000036 0.000036 0.000036
18 18 (0) 2 : 0.999803 0.000025 0.000025 0.000025 0.000025 0.000025 0.000025 0.000025 0.000025
19 19 (0) 2 : 0.999747 0.000032 0.000032 0.000032 0.000032 0.000032 0.000032 0.000032 0.000032
20 20 (0) 3 : 0.999800 0.000025 0.000025 0.000025 0.000025 0.000025 0.000025 0.000025 0.000025
21 21 (0) 3 : 0.999791 0.000026 0.000026 0.000026 0.000026 0.000026 0.000026 0.000026 0.000026
22 22 (0) 2 : 0.999743 0.000032 0.000032 0.000032 0.000032 0.000032 0.000032 0.000032 0.000032
23 23 (0) 2 : 0.999801 0.000025 0.000025 0.000025 0.000025 0.000025 0.000025 0.000025 0.000025
24 24 (0) 2 : 0.999808 0.000024 0.000024 0.000024 0.000024 0.000024 0.000024 0.000024 0.000024
25 25 (0) 4 : 0.000029 0.000029 0.000029 0.000029 0.000029 0.999770 0.000029 0.000029 0.000029
26 26 (0) 4 : 0.000025 0.000025 0.000025 0.000025 0.000025 0.999798 0.000025 0.000025 0.000025
27 27 (0) 4 : 0.000037 0.000037 0.000037 0.000037 0.000037 0.999703 0.000037 0.000037 0.000037
28 28 (0) 4 : 0.000033 0.000033 0.000033 0.000033 0.000033 0.999739 0.000033 0.000033 0.000033
29 29 (0) 4 : 0.000038 0.000038 0.000038 0.000038 0.000038 0.999693 0.000038 0.000038 0.000038
30 30 (0) 4 : 0.150657 0.000043 0.000043 0.000043 0.000043 0.849043 0.000043 0.000043 0.000043
31 31 (0) 4 : 0.000035 0.000035 0.000035 0.000035 0.000035 0.999721 0.000035 0.000035 0.000035
32 32 (0) 4 : 0.000037 0.000037 0.000037 0.000037 0.000037 0.999708 0.000037 0.000037 0.000037
33 33 (0) 4 : 0.000031 0.000031 0.000031 0.000031 0.000031 0.999750 0.000031 0.000031 0.000031
34 34 (0) 4 : 0.000024 0.000024 0.000024 0.000024 0.000024 0.999808 0.000024 0.000024 0.000024
35 35 (0) 4 : 0.000023 0.000023 0.000023 0.000023 0.000023 0.999815 0.000023 0.000023 0.000023
36 36 (0) 4 : 0.000023 0.000023 0.000023 0.000023 0.000023 0.999814 0.000023 0.000023 0.000023
37 37 (0) 4 : 0.000024 0.000024 0.000024 0.000024 0.000024 0.999811 0.000024 0.000024 0.000024
38 38 (0) 4 : 0.000030 0.000030 0.000030 0.000030 0.000030 0.999762 0.000030 0.000030 0.000030
39 39 (0) 4 : 0.000025 0.000025 0.000025 0.000025 0.000025 0.999802 0.000025 0.000025 0.000025
40 40 (0) 4 : 0.000023 0.000023 0.000023 0.000023 0.999815 0.000023 0.000023 0.000023 0.000023
41 41 (0) 4 : 0.000033 0.000033 0.000033 0.000033 0.000033 0.999736 0.000033 0.000033 0.000033
42 42 (0) 4 : 0.000032 0.000032 0.000032 0.000032 0.000032 0.999745 0.000032 0.000032 0.000032
43 43 (0) 4 : 0.000033 0.000033 0.000033 0.000033 0.000033 0.999733 0.000033 0.000033 0.000033
44 44 (0) 4 : 0.000032 0.000032 0.000032 0.000032 0.000032 0.999743 0.000032 0.000032 0.000032
45 45 (0) 4 : 0.000032 0.000032 0.000032 0.000032 0.000032 0.999740 0.000032 0.000032 0.000032
46 46 (0) 4 : 0.054063 0.000032 0.000032 0.000032 0.000032 0.945713 0.000032 0.000032 0.000032
47 47 (0) 4 : 0.000033 0.000033 0.000033 0.000033 0.000033 0.999733 0.000033 0.000033 0.000033
48 48 (0) 4 : 0.117384 0.000032 0.000032 0.000032 0.000032 0.882394 0.000032 0.000032 0.000032
49 49 (0) 4 : 0.000031 0.000031 0.000031 0.000031 0.000031 0.999753 0.000031 0.000031 0.000031
50 50 (0) 4 : 0.000032 0.000032 0.000032 0.000032 0.000032 0.999746 0.000032 0.000032 0.000032
51 51 (0) 1 : 0.999832 0.000021 0.000021 0.000021 0.000021 0.000021 0.000021 0.000021 0.000021
52 52 (0) 1 : 0.999822 0.000022 0.000022 0.000022 0.000022 0.000022 0.000022 0.000022 0.000022
53 53 (0) 1 : 0.999715 0.000036 0.000036 0.000036 0.000036 0.000036 0.000036 0.000036 0.000036
54 54 (0) 1 : 0.951135 0.000025 0.000025 0.000025 0.048692 0.000025 0.000025 0.000025 0.000025
55 55 (0) 1 : 0.999695 0.000038 0.000038 0.000038 0.000038 0.000038 0.000038 0.000038 0.000038
56 56 (0) 1 : 0.946570 0.000024 0.000024 0.000024 0.053263 0.000024 0.000024 0.000024 0.000024
57 57 (0) 1 : 0.999818 0.000023 0.000023 0.000023 0.000023 0.000023 0.000023 0.000023 0.000023
58 58 (0) 1 : 0.999754 0.000031 0.000031 0.000031 0.000031 0.000031 0.000031 0.000031 0.000031
59 59 (0) 1 : 0.999760 0.000030 0.000030 0.000030 0.000030 0.000030 0.000030 0.000030 0.000030
60 60 (0) 1 : 0.999753 0.000031 0.000031 0.000031 0.000031 0.000031 0.000031 0.000031 0.000031
61 61 (0) 1 : 0.999827 0.000022 0.000022 0.000022 0.000022 0.000022 0.000022 0.000022 0.000022
62 62 (0) 1 : 0.999781 0.000027 0.000027 0.000027 0.000027 0.000027 0.000027 0.000027 0.000027
63 63 (0) 1 : 0.999770 0.000029 0.000029 0.000029 0.000029 0.000029 0.000029 0.000029 0.000029
64 64 (0) 1 : 0.999743 0.000032 0.000032 0.000032 0.000032 0.000032 0.000032 0.000032 0.000032
65 65 (0) 1 : 0.999748 0.000031 0.000031 0.000031 0.000031 0.000031 0.000031 0.000031 0.000031
66 66 (0) 1 : 0.999720 0.000035 0.000035 0.000035 0.000035 0.000035 0.000035 0.000035 0.000035
67 67 (0) 1 : 0.999753 0.000031 0.000031 0.000031 0.000031 0.000031 0.000031 0.000031 0.000031
68 68 (0) 1 : 0.999715 0.000036 0.000036 0.000036 0.000036 0.000036 0.000036 0.000036 0.000036
69 69 (0) 1 : 0.999695 0.000038 0.000038 0.000038 0.000038 0.000038 0.000038 0.000038 0.000038
70 70 (0) 1 : 0.999767 0.000029 0.000029 0.000029 0.000029 0.000029 0.000029 0.000029 0.000029
71 71 (0) 1 : 0.999728 0.000034 0.000034 0.000034 0.000034 0.000034 0.000034 0.000034 0.000034
72 72 (0) 1 : 0.999734 0.000033 0.000033 0.000033 0.000033 0.000033 0.000033 0.000033 0.000033
73 73 (0) 1 : 0.999752 0.000031 0.000031 0.000031 0.000031 0.000031 0.000031 0.000031 0.000031
74 74 (0) 1 : 0.999824 0.000022 0.000022 0.000022 0.000022 0.000022 0.000022 0.000022 0.000022
75 75 (0) 1 : 0.999827 0.000022 0.000022 0.000022 0.000022 0.000022 0.000022 0.000022 0.000022
76 76 (0) 1 : 0.999659 0.000043 0.000043 0.000043 0.000043 0.000043 0.000043 0.000043 0.000043
77 77 (0) 1 : 0.999732 0.000034 0.000034 0.000034 0.000034 0.000034 0.000034 0.000034 0.000034
78 78 (0) 1 : 0.999737 0.000033 0.000033 0.000033 0.000033 0.000033 0.000033 0.000033 0.000033
79 79 (0) 1 : 0.999780 0.000027 0.000027 0.000027 0.000027 0.000027 0.000027 0.000027 0.000027
80 80 (0) 1 : 0.999827 0.000022 0.000022 0.000022 0.000022 0.000022 0.000022 0.000022 0.000022
81 81 (0) 1 : 0.999827 0.000022 0.000022 0.000022 0.000022 0.000022 0.000022 0.000022 0.000022
82 82 (0) 1 : 0.999806 0.000024 0.000024 0.000024 0.000024 0.000024 0.000024 0.000024 0.000024
83 83 (0) 1 : 0.999750 0.000031 0.000031 0.000031 0.000031 0.000031 0.000031 0.000031 0.000031
84 84 (0) 1 : 0.999659 0.000043 0.000043 0.000043 0.000043 0.000043 0.000043 0.000043 0.000043
85 85 (0) 1 : 0.999824 0.000022 0.000022 0.000022 0.000022 0.000022 0.000022 0.000022 0.000022
86 86 (0) 1 : 0.999827 0.000022 0.000022 0.000022 0.000022 0.000022 0.000022 0.000022 0.000022
87 87 (0) 5 : 0.575714 0.000033 0.000033 0.000033 0.000033 0.424051 0.000033 0.000033 0.000033
88 88 (0) 5 : 0.356978 0.000029 0.000029 0.000029 0.000029 0.642820 0.000029 0.000029 0.000029
89 89 (0) 5 : 0.493094 0.000023 0.000023 0.000023 0.000023 0.506748 0.000023 0.000023 0.000023
90 90 (0) 5 : 0.153171 0.000033 0.000033 0.000033 0.000033 0.846596 0.000033 0.000033 0.000033
91 91 (0) 5 : 0.132187 0.000032 0.000032 0.000032 0.000032 0.867592 0.000032 0.000032 0.000032
92 92 (0) 5 : 0.422988 0.000026 0.000026 0.000026 0.000026 0.576832 0.000026 0.000026 0.000026
93 93 (0) 5 : 0.278007 0.000036 0.000036 0.000036 0.000036 0.721743 0.000036 0.000036 0.000036
94 94 (0) 5 : 0.157833 0.000027 0.000027 0.000027 0.000027 0.841981 0.000027 0.000027 0.000027
95 95 (0) 5 : 0.165326 0.000034 0.000034 0.000034 0.000034 0.834434 0.000034 0.000034 0.000034
96 96 (0) 5 : 0.179504 0.000030 0.000030 0.000030 0.000030 0.820282 0.000030 0.000030 0.000030
97 97 (0) 6 : 0.999758 0.000030 0.000030 0.000030 0.000030 0.000030 0.000030 0.000030 0.000030
98 98 (0) 6 : 0.999767 0.000029 0.000029 0.000029 0.000029 0.000029 0.000029 0.000029 0.000029
99 99 (0) 6 : 0.999766 0.000029 0.000029 0.000029 0.000029 0.000029 0.000029 0.000029 0.000029
100 100 (0) 6 : 0.999811 0.000024 0.000024 0.000024 0.000024 0.000024 0.000024 0.000024 0.000024
101 101 (0) 6 : 0.999811 0.000024 0.000024 0.000024 0.000024 0.000024 0.000024 0.000024 0.000024
102 102 (0) 6 : 0.999822 0.000022 0.000022 0.000022 0.000022 0.000022 0.000022 0.000022 0.000022
103 103 (0) 6 : 0.999762 0.000030 0.000030 0.000030 0.000030 0.000030 0.000030 0.000030 0.000030
104 104 (0) 6 : 0.999748 0.000032 0.000032 0.000032 0.000032 0.000032 0.000032 0.000032 0.000032
105 105 (0) 6 : 0.000031 0.000031 0.999752 0.000031 0.000031 0.000031 0.000031 0.000031 0.000031
106 106 (0) 6 : 0.000035 0.000035 0.999721 0.000035 0.000035 0.000035 0.000035 0.000035 0.000035
107 107 (0) 6 : 0.931071 0.000031 0.068711 0.000031 0.000031 0.000031 0.000031 0.000031 0.000031
108 108 (0) 6 : 0.999738 0.000033 0.000033 0.000033 0.000033 0.000033 0.000033 0.000033 0.000033
109 109 (0) 6 : 0.000032 0.000032 0.999743 0.000032 0.000032 0.000032 0.000032 0.000032 0.000032
110 110 (0) 2 : 0.999803 0.000025 0.000025 0.000025 0.000025 0.000025 0.000025 0.000025 0.000025
111 111 (0) 2 : 0.999746 0.000032 0.000032 0.000032 0.000032 0.000032 0.000032 0.000032 0.000032
112 112 (0) 2 : 0.999742 0.000032 0.000032 0.000032 0.000032 0.000032 0.000032 0.000032 0.000032
113 113 (0) 2 : 0.999764 0.000030 0.000030 0.000030 0.000030 0.000030 0.000030 0.000030 0.000030
114 114 (0) 2 : 0.999754 0.000031 0.000031 0.000031 0.000031 0.000031 0.000031 0.000031 0.000031
115 115 (0) 3 : 0.999824 0.000022 0.000022 0.000022 0.000022 0.000022 0.000022 0.000022 0.000022
1 1 (0) 1 : 0.000032 0.000032 0.000032 0.000032 0.999744 0.000032 0.000032 0.000032 0.000032
2 2 (0) 1 : 0.000031 0.000031 0.000031 0.000031 0.999756 0.000031 0.000031 0.000031 0.000031
3 3 (0) 1 : 0.000033 0.000033 0.000033 0.000033 0.999739 0.000033 0.000033 0.000033 0.000033
4 4 (0) 1 : 0.000033 0.000033 0.000033 0.000033 0.999739 0.000033 0.000033 0.000033 0.000033
5 5 (0) 1 : 0.000034 0.000034 0.000034 0.000034 0.999726 0.000034 0.000034 0.000034 0.000034
6 6 (0) 1 : 0.000033 0.000033 0.000033 0.000033 0.999738 0.000033 0.000033 0.000033 0.000033
7 7 (0) 1 : 0.000035 0.000035 0.000035 0.000035 0.999717 0.000035 0.000035 0.000035 0.000035
8 8 (0) 1 : 0.000025 0.000025 0.000025 0.000025 0.999801 0.000025 0.000025 0.000025 0.000025
9 9 (0) 1 : 0.000023 0.000023 0.000023 0.000023 0.999813 0.000023 0.000023 0.000023 0.000023
10 10 (0) 1 : 0.000027 0.000027 0.000027 0.000027 0.999782 0.000027 0.000027 0.000027 0.000027
11 11 (0) 1 : 0.000032 0.000032 0.000032 0.000032 0.999744 0.000032 0.000032 0.000032 0.000032
12 12 (0) 1 : 0.000026 0.000026 0.000026 0.000026 0.999791 0.000026 0.000026 0.000026 0.000026
13 13 (0) 1 : 0.000031 0.000031 0.000031 0.000031 0.999749 0.000031 0.000031 0.000031 0.000031
14 14 (0) 1 : 0.000032 0.000032 0.000032 0.000032 0.999747 0.000032 0.000032 0.000032 0.000032
15 15 (0) 1 : 0.000032 0.000032 0.000032 0.000032 0.999747 0.000032 0.000032 0.000032 0.000032
16 16 (0) 1 : 0.000033 0.000033 0.000033 0.000033 0.999733 0.000033 0.000033 0.000033 0.000033
17 17 (0) 1 : 0.000036 0.000036 0.000036 0.000036 0.999710 0.000036 0.000036 0.000036 0.000036
18 18 (0) 2 : 0.999803 0.000025 0.000025 0.000025 0.000025 0.000025 0.000025 0.000025 0.000025
19 19 (0) 2 : 0.999747 0.000032 0.000032 0.000032 0.000032 0.000032 0.000032 0.000032 0.000032
20 20 (0) 3 : 0.000025 0.000025 0.000025 0.000025 0.999800 0.000025 0.000025 0.000025 0.000025
21 21 (0) 3 : 0.000026 0.000026 0.000026 0.000026 0.999791 0.000026 0.000026 0.000026 0.000026
22 22 (0) 2 : 0.999743 0.000032 0.000032 0.000032 0.000032 0.000032 0.000032 0.000032 0.000032
23 23 (0) 2 : 0.999801 0.000025 0.000025 0.000025 0.000025 0.000025 0.000025 0.000025 0.000025
24 24 (0) 2 : 0.999808 0.000024 0.000024 0.000024 0.000024 0.000024 0.000024 0.000024 0.000024
25 25 (0) 4 : 0.000029 0.000029 0.000029 0.000029 0.110268 0.000029 0.889531 0.000029 0.000029
26 26 (0) 4 : 0.000025 0.000025 0.000025 0.000025 0.000025 0.000025 0.999798 0.000025 0.000025
27 27 (0) 4 : 0.000037 0.000037 0.000037 0.000037 0.000037 0.000037 0.999703 0.000037 0.000037
28 28 (0) 4 : 0.000033 0.000033 0.000033 0.000033 0.000033 0.000033 0.999739 0.000033 0.000033
29 29 (0) 4 : 0.000038 0.000038 0.000038 0.000038 0.000038 0.000038 0.999693 0.000038 0.000038
30 30 (0) 4 : 0.000043 0.000043 0.000043 0.000043 0.123371 0.000043 0.876329 0.000043 0.000043
31 31 (0) 4 : 0.000035 0.000035 0.000035 0.000035 0.000035 0.000035 0.999721 0.000035 0.000035
32 32 (0) 4 : 0.000037 0.000037 0.000037 0.000037 0.000037 0.000037 0.999708 0.000037 0.000037
33 33 (0) 4 : 0.000031 0.000031 0.000031 0.000031 0.000031 0.000031 0.999750 0.000031 0.000031
34 34 (0) 4 : 0.000024 0.000024 0.000024 0.000024 0.000024 0.000024 0.999808 0.000024 0.000024
35 35 (0) 4 : 0.000023 0.000023 0.000023 0.000023 0.122805 0.000023 0.877033 0.000023 0.000023
36 36 (0) 4 : 0.000023 0.000023 0.000023 0.000023 0.000023 0.000023 0.999814 0.000023 0.000023
37 37 (0) 4 : 0.000024 0.000024 0.000024 0.000024 0.000024 0.000024 0.999811 0.000024 0.000024
38 38 (0) 4 : 0.000030 0.000030 0.000030 0.000030 0.000030 0.000030 0.999762 0.000030 0.000030
39 39 (0) 4 : 0.000025 0.000025 0.000025 0.000025 0.000025 0.000025 0.999802 0.000025 0.000025
40 40 (0) 4 : 0.000023 0.000023 0.000023 0.000023 0.000023 0.000023 0.999815 0.000023 0.000023
41 41 (0) 4 : 0.000033 0.000033 0.000033 0.000033 0.000033 0.000033 0.999736 0.000033 0.000033
42 42 (0) 4 : 0.000032 0.000032 0.000032 0.000032 0.000032 0.000032 0.999745 0.000032 0.000032
43 43 (0) 4 : 0.000033 0.000033 0.000033 0.000033 0.000033 0.000033 0.999733 0.000033 0.000033
44 44 (0) 4 : 0.000032 0.000032 0.000032 0.000032 0.000032 0.000032 0.999743 0.000032 0.000032
45 45 (0) 4 : 0.000032 0.000032 0.000032 0.000032 0.000032 0.000032 0.999740 0.000032 0.000032
46 46 (0) 4 : 0.000032 0.000032 0.000032 0.000032 0.004826 0.000032 0.994950 0.000032 0.000032
47 47 (0) 4 : 0.000033 0.000033 0.000033 0.000033 0.000033 0.000033 0.999733 0.000033 0.000033
48 48 (0) 4 : 0.000032 0.000032 0.000032 0.000032 0.172683 0.000032 0.827095 0.000032 0.000032
49 49 (0) 4 : 0.000031 0.000031 0.000031 0.000031 0.000031 0.000031 0.999753 0.000031 0.000031
50 50 (0) 4 : 0.000032 0.000032 0.000032 0.000032 0.000032 0.000032 0.999746 0.000032 0.000032
51 51 (0) 1 : 0.000021 0.000021 0.000021 0.000021 0.999832 0.000021 0.000021 0.000021 0.000021
52 52 (0) 1 : 0.000022 0.000022 0.000022 0.000022 0.999822 0.000022 0.000022 0.000022 0.000022
53 53 (0) 1 : 0.197389 0.000036 0.000036 0.000036 0.802362 0.000036 0.000036 0.000036 0.000036
54 54 (0) 1 : 0.000025 0.000025 0.000025 0.000025 0.454073 0.000025 0.545754 0.000025 0.000025
55 55 (0) 1 : 0.000038 0.000038 0.000038 0.000038 0.683025 0.000038 0.316707 0.000038 0.000038
56 56 (0) 1 : 0.000024 0.000024 0.000024 0.000024 0.438922 0.000024 0.560911 0.000024 0.000024
57 57 (0) 1 : 0.000023 0.000023 0.000023 0.000023 0.484811 0.000023 0.515030 0.000023 0.000023
58 58 (0) 1 : 0.000031 0.000031 0.000031 0.000031 0.574756 0.000031 0.425029 0.000031 0.000031
59 59 (0) 1 : 0.000030 0.000030 0.000030 0.000030 0.999760 0.000030 0.000030 0.000030 0.000030
60 60 (0) 1 : 0.000031 0.000031 0.000031 0.000031 0.999753 0.000031 0.000031 0.000031 0.000031
61 61 (0) 1 : 0.000022 0.000022 0.000022 0.000022 0.999827 0.000022 0.000022 0.000022 0.000022
62 62 (0) 1 : 0.000027 0.000027 0.000027 0.000027 0.834720 0.000027 0.165089 0.000027 0.000027
63 63 (0) 1 : 0.000029 0.000029 0.000029 0.000029 0.999770 0.000029 0.000029 0.000029 0.000029
64 64 (0) 1 : 0.000032 0.000032 0.000032 0.000032 0.999744 0.000032 0.000032 0.000032 0.000032
65 65 (0) 1 : 0.000031 0.000031 0.000031 0.000031 0.999748 0.000031 0.000031 0.000031 0.000031
66 66 (0) 1 : 0.000035 0.000035 0.000035 0.000035 0.999720 0.000035 0.000035 0.000035 0.000035
67 67 (0) 1 : 0.000031 0.000031 0.000031 0.000031 0.999753 0.000031 0.000031 0.000031 0.000031
68 68 (0) 1 : 0.000036 0.000036 0.000036 0.000036 0.999715 0.000036 0.000036 0.000036 0.000036
69 69 (0) 1 : 0.000038 0.000038 0.000038 0.000038 0.999695 0.000038 0.000038 0.000038 0.000038
70 70 (0) 1 : 0.000029 0.000029 0.000029 0.000029 0.999767 0.000029 0.000029 0.000029 0.000029
71 71 (0) 1 : 0.000034 0.000034 0.000034 0.000034 0.999728 0.000034 0.000034 0.000034 0.000034
72 72 (0) 1 : 0.000033 0.000033 0.000033 0.000033 0.999734 0.000033 0.000033 0.000033 0.000033
73 73 (0) 1 : 0.000031 0.000031 0.000031 0.000031 0.999752 0.000031 0.000031 0.000031 0.000031
74 74 (0) 1 : 0.000022 0.000022 0.000022 0.000022 0.999824 0.000022 0.000022 0.000022 0.000022
75 75 (0) 1 : 0.000022 0.000022 0.000022 0.000022 0.999827 0.000022 0.000022 0.000022 0.000022
76 76 (0) 1 : 0.000043 0.000043 0.000043 0.000043 0.999659 0.000043 0.000043 0.000043 0.000043
77 77 (0) 1 : 0.000034 0.000034 0.000034 0.000034 0.999732 0.000034 0.000034 0.000034 0.000034
78 78 (0) 1 : 0.000033 0.000033 0.000033 0.000033 0.999737 0.000033 0.000033 0.000033 0.000033
79 79 (0) 1 : 0.000027 0.000027 0.000027 0.000027 0.669984 0.000027 0.329824 0.000027 0.000027
80 80 (0) 1 : 0.000022 0.000022 0.000022 0.000022 0.999827 0.000022 0.000022 0.000022 0.000022
81 81 (0) 1 : 0.000022 0.000022 0.000022 0.000022 0.999827 0.000022 0.000022 0.000022 0.000022
82 82 (0) 1 : 0.000024 0.000024 0.000024 0.000024 0.999806 0.000024 0.000024 0.000024 0.000024
83 83 (0) 1 : 0.214575 0.000031 0.000031 0.000031 0.785206 0.000031 0.000031 0.000031 0.000031
84 84 (0) 1 : 0.000043 0.000043 0.000043 0.000043 0.999659 0.000043 0.000043 0.000043 0.000043
85 85 (0) 1 : 0.000022 0.000022 0.000022 0.000022 0.999824 0.000022 0.000022 0.000022 0.000022
86 86 (0) 1 : 0.000022 0.000022 0.000022 0.000022 0.999827 0.000022 0.000022 0.000022 0.000022
87 87 (0) 5 : 0.000033 0.000033 0.000033 0.000033 0.554374 0.000033 0.445392 0.000033 0.000033
88 88 (0) 5 : 0.000029 0.000029 0.000029 0.000029 0.377412 0.000029 0.622385 0.000029 0.000029
89 89 (0) 5 : 0.000023 0.000023 0.000023 0.000023 0.511933 0.000023 0.487908 0.000023 0.000023
90 90 (0) 5 : 0.000033 0.000033 0.000033 0.000033 0.129328 0.000033 0.870439 0.000033 0.000033
91 91 (0) 5 : 0.000032 0.000032 0.000032 0.000032 0.099946 0.000032 0.899832 0.000032 0.000032
92 92 (0) 5 : 0.000026 0.000026 0.000026 0.000026 0.419236 0.000026 0.580584 0.000026 0.000026
93 93 (0) 5 : 0.000036 0.000036 0.000036 0.000036 0.261411 0.000036 0.738340 0.000036 0.000036
94 94 (0) 5 : 0.000027 0.000027 0.000027 0.000027 0.225463 0.000027 0.774351 0.000027 0.000027
95 95 (0) 5 : 0.000034 0.000034 0.000034 0.000034 0.113360 0.000034 0.886400 0.000034 0.000034
96 96 (0) 5 : 0.000030 0.000030 0.000030 0.000030 0.148713 0.000030 0.851074 0.000030 0.000030
97 97 (0) 6 : 0.999758 0.000030 0.000030 0.000030 0.000030 0.000030 0.000030 0.000030 0.000030
98 98 (0) 6 : 0.999767 0.000029 0.000029 0.000029 0.000029 0.000029 0.000029 0.000029 0.000029
99 99 (0) 6 : 0.999766 0.000029 0.000029 0.000029 0.000029 0.000029 0.000029 0.000029 0.000029
100 100 (0) 6 : 0.000024 0.000024 0.000024 0.000024 0.999811 0.000024 0.000024 0.000024 0.000024
101 101 (0) 6 : 0.000024 0.000024 0.000024 0.000024 0.999811 0.000024 0.000024 0.000024 0.000024
102 102 (0) 6 : 0.000022 0.000022 0.000022 0.000022 0.999822 0.000022 0.000022 0.000022 0.000022
103 103 (0) 6 : 0.338915 0.000030 0.000030 0.000030 0.660876 0.000030 0.000030 0.000030 0.000030
104 104 (0) 6 : 0.999748 0.000032 0.000032 0.000032 0.000032 0.000032 0.000032 0.000032 0.000032
105 105 (0) 6 : 0.999752 0.000031 0.000031 0.000031 0.000031 0.000031 0.000031 0.000031 0.000031
106 106 (0) 6 : 0.999721 0.000035 0.000035 0.000035 0.000035 0.000035 0.000035 0.000035 0.000035
107 107 (0) 6 : 0.999751 0.000031 0.000031 0.000031 0.000031 0.000031 0.000031 0.000031 0.000031
108 108 (0) 6 : 0.999738 0.000033 0.000033 0.000033 0.000033 0.000033 0.000033 0.000033 0.000033
109 109 (0) 6 : 0.999743 0.000032 0.000032 0.000032 0.000032 0.000032 0.000032 0.000032 0.000032
110 110 (0) 2 : 0.999803 0.000025 0.000025 0.000025 0.000025 0.000025 0.000025 0.000025 0.000025
111 111 (0) 2 : 0.999746 0.000032 0.000032 0.000032 0.000032 0.000032 0.000032 0.000032 0.000032
112 112 (0) 2 : 0.999742 0.000032 0.000032 0.000032 0.000032 0.000032 0.000032 0.000032 0.000032
113 113 (0) 2 : 0.999764 0.000030 0.000030 0.000030 0.000030 0.000030 0.000030 0.000030 0.000030
114 114 (0) 2 : 0.999754 0.000031 0.000031 0.000031 0.000031 0.000031 0.000031 0.000031 0.000031
115 115 (0) 3 : 0.000022 0.000022 0.000022 0.000022 0.999824 0.000022 0.000022 0.000022 0.000022
1 1 (0) 1 : 0.000032 0.000032 0.000032 0.000032 0.000032 0.999744 0.000032 0.000032 0.000032
2 2 (0) 1 : 0.000031 0.000031 0.000031 0.000031 0.000031 0.999756 0.000031 0.000031 0.000031
3 3 (0) 1 : 0.000033 0.000033 0.000033 0.000033 0.000033 0.999739 0.000033 0.000033 0.000033
4 4 (0) 1 : 0.000033 0.000033 0.000033 0.000033 0.000033 0.999739 0.000033 0.000033 0.000033
5 5 (0) 1 : 0.000034 0.000034 0.000034 0.000034 0.000034 0.999726 0.000034 0.000034 0.000034
6 6 (0) 1 : 0.000033 0.000033 0.000033 0.000033 0.000033 0.999738 0.000033 0.000033 0.000033
7 7 (0) 1 : 0.000035 0.000035 0.000035 0.000035 0.000035 0.999717 0.000035 0.000035 0.000035
8 8 (0) 1 : 0.000025 0.000025 0.000025 0.000025 0.000025 0.999801 0.000025 0.000025 0.000025
9 9 (0) 1 : 0.000023 0.000023 0.000023 0.000023 0.000023 0.999813 0.000023 0.000023 0.000023
10 10 (0) 1 : 0.000027 0.000027 0.000027 0.000027 0.000027 0.999782 0.000027 0.000027 0.000027
11 11 (0) 1 : 0.000032 0.000032 0.000032 0.000032 0.000032 0.999744 0.000032 0.000032 0.000032
12 12 (0) 1 : 0.000026 0.000026 0.000026 0.000026 0.000026 0.999791 0.000026 0.000026 0.000026
13 13 (0) 1 : 0.000031 0.000031 0.000031 0.000031 0.000031 0.999749 0.000031 0.000031 0.000031
14 14 (0) 1 : 0.000032 0.000032 0.000032 0.000032 0.000032 0.999747 0.000032 0.000032 0.000032
15 15 (0) 1 : 0.000032 0.000032 0.000032 0.000032 0.000032 0.999747 0.000032 0.000032 0.000032
16 16 (0) 1 : 0.000033 0.000033 0.000033 0.000033 0.000033 0.999733 0.000033 0.000033 0.000033
17 17 (0) 1 : 0.000036 0.000036 0.000036 0.000036 0.000036 0.999710 0.000036 0.000036 0.000036
18 18 (0) 2 : 0.000025 0.000025 0.000025 0.999803 0.000025 0.000025 0.000025 0.000025 0.000025
19 19 (0) 2 : 0.000032 0.000032 0.000032 0.999747 0.000032 0.000032 0.000032 0.000032 0.000032
20 20 (0) 3 : 0.000025 0.000025 0.000025 0.000025 0.000025 0.999800 0.000025 0.000025 0.000025
21 21 (0) 3 : 0.000026 0.000026 0.000026 0.000026 0.000026 0.999791 0.000026 0.000026 0.000026
22 22 (0) 2 : 0.000032 0.000032 0.000032 0.999743 0.000032 0.000032 0.000032 0.000032 0.000032
23 23 (0) 2 : 0.000025 0.000025 0.000025 0.999801 0.000025 0.000025 0.000025 0.000025 0.000025
24 24 (0) 2 : 0.000024 0.000024 0.000024 0.999808 0.000024 0.000024 0.000024 0.000024 0.000024
25 25 (0) 4 : 0.893215 0.000029 0.000029 0.000029 0.000029 0.106584 0.000029 0.000029 0.000029
26 26 (0) 4 : 0.999798 0.000025 0.000025 0.000025 0.000025 0.000025 0.000025 0.000025 0.000025
27 27 (0) 4 : 0.999703 0.000037 0.000037 0.000037 0.000037 0.000037 0.000037 0.000037 0.000037
28 28 (0) 4 : 0.999739 0.000033 0.000033 0.000033 0.000033 0.000033 0.000033 0.000033 0.000033
29 29 (0) 4 : 0.999693 0.000038 0.000038 0.000038 0.000038 0.000038 0.000038 0.000038 0.000038
30 30 (0) 4 : 0.877627 0.000043 0.000043 0.000043 0.000043 0.122073 0.000043 0.000043 0.000043
31 31 (0) 4 : 0.999721 0.000035 0.000035 0.000035 0.000035 0.000035 0.000035 0.000035 0.000035
32 32 (0) 4 : 0.999708 0.000037 0.000037 0.000037 0.000037 0.000037 0.000037 0.000037 0.000037
33 33 (0) 4 : 0.999750 0.000031 0.000031 0.000031 0.000031 0.000031 0.000031 0.000031 0.000031
34 34 (0) 4 : 0.999808 0.000024 0.000024 0.000024 0.000024 0.000024 0.000024 0.000024 0.000024
35 35 (0) 4 : 0.880982 0.000023 0.000023 0.000023 0.000023 0.118857 0.000023 0.000023 0.000023
36 36 (0) 4 : 0.999814 0.000023 0.000023 0.000023 0.000023 0.000023 0.000023 0.000023 0.000023
37 37 (0) 4 : 0.999811 0.000024 0.000024 0.000024 0.000024 0.000024 0.000024 0.000024 0.000024
38 38 (0) 4 : 0.999762 0.000030 0.000030 0.000030 0.000030 0.000030 0.000030 0.000030 0.000030
39 39 (0) 4 : 0.999802 0.000025 0.000025 0.000025 0.000025 0.000025 0.000025 0.000025 0.000025
40 40 (0) 4 : 0.999815 0.000023 0.000023 0.000023 0.000023 0.000023 0.000023 0.000023 0.000023
41 41 (0) 4 : 0.999736 0.000033 0.000033 0.000033 0.000033 0.000033 0.000033 0.000033 0.000033
42 42 (0) 4 : 0.999745 0.000032 0.000032 0.000032 0.000032 0.000032 0.000032 0.000032 0.000032
43 43 (0) 4 : 0.999733 0.000033 0.000033 0.000033 0.000033 0.000033 0.000033 0.000033 0.000033
44 44 (0) 4 : 0.999743 0.000032 0.000032 0.000032 0.000032 0.000032 0.000032 0.000032 0.000032
45 45 (0) 4 : 0.999740 0.000032 0.000032 0.000032 0.000032 0.000032 0.000032 0.000032 0.000032
46 46 (0) 4 : 0.999744 0.000032 0.000032 0.000032 0.000032 0.000032 0.000032 0.000032 0.000032
47 47 (0) 4 : 0.999733 0.000033 0.000033 0.000033 0.000033 0.000033 0.000033 0.000033 0.000033
48 48 (0) 4 : 0.827700 0.000032 0.000032 0.000032 0.000032 0.172078 0.000032 0.000032 0.000032
49 49 (0) 4 : 0.999753 0.000031 0.000031 0.000031 0.000031 0.000031 0.000031 0.000031 0.000031
50 50 (0) 4 : 0.999746 0.000032 0.000032 0.000032 0.000032 0.000032 0.000032 0.000032 0.000032
51 51 (0) 1 : 0.000021 0.000021 0.000021 0.000021 0.000021 0.999832 0.000021 0.000021 0.000021
52 52 (0) 1 : 0.000022 0.000022 0.000022 0.000022 0.000022 0.999822 0.000022 0.000022 0.000022
53 53 (0) 1 : 0.086059 0.000036 0.000036 0.128896 0.000036 0.784831 0.000036 0.000036 0.000036
54 54 (0) 1 : 0.570896 0.000025 0.000025 0.000025 0.000025 0.428932 0.000025 0.000025 0.000025
55 55 (0) 1 : 0.352200 0.000038 0.000038 0.000038 0.000038 0.647533 0.000038 0.000038 0.000038
56 56 (0) 1 : 0.582730 0.000024 0.000024 0.000024 0.000024 0.417103 0.000024 0.000024 0.000024
57 57 (0) 1 : 0.541343 0.000023 0.000023 0.000023 0.000023 0.458498 0.000023 0.000023 0.000023
58 58 (0) 1 : 0.443140 0.000031 0.000031 0.000031 0.000031 0.556645 0.000031 0.000031 0.000031
59 59 (0) 1 : 0.000030 0.000030 0.000030 0.000030 0.000030 0.999760 0.000030 0.000030 0.000030
60 60 (0) 1 : 0.000031 0.000031 0.000031 0.000031 0.000031 0.999753 0.000031 0.000031 0.000031
61 61 (0) 1 : 0.000022 0.000022 0.000022 0.000022 0.000022 0.999827 0.000022 0.000022 0.000022
62 62 (0) 1 : 0.174324 0.000027 0.000027 0.000027 0.000027 0.825484 0.000027 0.000027 0.000027
63 63 (0) 1 : 0.000029 0.000029 0.000029 0.000029 0.000029 0.999770 0.000029 0.000029 0.000029
64 64 (0) 1 : 0.000032 0.000032 0.000032 0.000032 0.000032 0.999744 0.000032 0.000032 0.000032
65 65 (0) 1 : 0.000031 0.000031 0.000031 0.000031 0.000031 0.999748 0.000031 0.000031 0.000031
66 66 (0) 1 : 0.000035 0.000035 0.000035 0.000035 0.000035 0.999720 0.000035 0.000035 0.000035
67 67 (0) 1 : 0.000031 0.000031 0.000031 0.000031 0.000031 0.999753 0.000031 0.000031 0.000031
68 68 (0) 1 : 0.000036 0.000036 0.000036 0.000036 0.000036 0.999715 0.000036 0.000036 0.000036
69 69 (0) 1 : 0.000038 0.000038 0.000038 0.000038 0.000038 0.999695 0.000038 0.000038 0.000038
70 70 (0) 1 : 0.000029 0.000029 0.000029 0.000029 0.000029 0.999767 0.000029 0.000029 0.000029
71 71 (0) 1 : 0.000034 0.000034 0.000034 0.000034 0.000034 0.999728 0.000034 0.000034 0.000034
72 72 (0) 1 : 0.000033 0.000033 0.000033 0.000033 0.000033 0.999734 0.000033 0.000033 0.000033
73 73 (0) 1 : 0.000031 0.000031 0.000031 0.000031 0.000031 0.999752 0.000031 0.000031 0.000031
74 74 (0) 1 : 0.000022 0.000022 0.000022 0.000022 0.000022 0.999824 0.000022 0.000022 0.000022
75 75 (0) 1 : 0.000022 0.000022 0.000022 0.000022 0.000022 0.999827 0.000022 0.000022 0.000022
76 76 (0) 1 : 0.000043 0.000043 0.000043 0.000043 0.000043 0.999659 0.000043 0.000043 0.000043
77 77 (0) 1 : 0.000034 0.000034 0.000034 0.000034 0.000034 0.999732 0.000034 0.000034 0.000034
78 78 (0) 1 : 0.000033 0.000033 0.000033 0.000033 0.000033 0.999737 0.000033 0.000033 0.000033
79 79 (0) 1 : 0.355188 0.000027 0.000027 0.000027 0.000027 0.644620 0.000027 0.000027 0.000027
80 80 (0) 1 : 0.000022 0.000022 0.000022 0.000022 0.000022 0.999827 0.000022 0.000022 0.000022
81 81 (0) 1 : 0.000022 0.000022 0.000022 0.000022 0.000022 0.999827 0.000022 0.000022 0.000022
82 82 (0) 1 : 0.000024 0.000024 0.000024 0.000024 0.000024 0.999806 0.000024 0.000024 0.000024
83 83 (0) 1 : 0.000031 0.000031 0.000031 0.000031 0.000031 0.999750 0.000031 0.000031 0.000031
84 84 (0) 1 : 0.000043 0.000043 0.000043 0.000043 0.000043 0.999659 0.000043 0.000043 0.000043
85 85 (0) 1 : 0.000022 0.000022 0.000022 0.000022 0.000022 0.999824 0.000022 0.000022 0.000022
86 86 (0) 1 : 0.000022 0.000022 0.000022 0.000022 0.000022 0.999827 0.000022 0.000022 0.000022
87 87 (0) 5 : 0.456330 0.000033 0.000033 0.000033 0.000033 0.543435 0.000033 0.000033 0.000033
88 88 (0) 5 : 0.631833 0.000029 0.000029 0.000029 0.000029 0.367964 0.000029 0.000029 0.000029
89 89 (0) 5 : 0.495932 0.000023 0.000023 0.000023 0.000023 0.503910 0.000023 0.000023 0.000023
90 90 (0) 5 : 0.870426 0.000033 0.000033 0.000033 0.000033 0.129340 0.000033 0.000033 0.000033
91 91 (0) 5 : 0.901817 0.000032 0.000032 0.000032 0.000032 0.097962 0.000032 0.000032 0.000032
92 92 (0) 5 : 0.591315 0.000026 0.000026 0.000026 0.000026 0.408505 0.000026 0.000026 0.000026
93 93 (0) 5 : 0.739502 0.000036 0.000036 0.000036 0.000036 0.260248 0.000036 0.000036 0.000036
94 94 (0) 5 : 0.777672 0.000027 0.000027 0.000027 0.000027 0.222142 0.000027 0.000027 0.000027
95 95 (0) 5 : 0.885851 0.000034 0.000034 0.000034 0.000034 0.113909 0.000034 0.000034 0.000034
96 96 (0) 5 : 0.849866 0.000030 0.000030 0.000030 0.000030 0.149921 0.000030 0.000030 0.000030
97 97 (0) 6 : 0.000030 0.000030 0.000030 0.000030 0.000030 0.999758 0.000030 0.000030 0.000030
98 98 (0) 6 : 0.000029 0.000029 0.000029 0.000029 0.000029 0.999767 0.000029 0.000029 0.000029
99 99 (0) 6 : 0.000029 0.000029 0.000029 0.000029 0.000029 0.999766 0.000029 0.000029 0.000029
100 100 (0) 6 : 0.000024 0.000024 0.000024 0.000024 0.000024 0.999811 0.000024 0.000024 0.000024
101 101 (0) 6 : 0.000024 0.000024 0.000024 0.000024 0.000024 0.999811 0.000024 0.000024 0.000024
102 102 (0) 6 : 0.000022 0.000022 0.000022 0.000022 0.000022 0.999822 0.000022 0.000022 0.000022
103 103 (0) 6 : 0.000030 0.000030 0.000030 0.000030 0.000030 0.999762 0.000030 0.000030 0.000030
104 104 (0) 6 : 0.000032 0.000032 0.000032 0.000032 0.000032 0.999748 0.000032 0.000032 0.000032
105 105 (0) 6 : 0.000031 0.000031 0.000031 0.000031 0.000031 0.999752 0.000031 0.000031 0.000031
106 106 (0) 6 : 0.000035 0.000035 0.000035 0.000035 0.000035 0.999721 0.000035 0.000035 0.000035
107 107 (0) 6 : 0.000031 0.000031 0.000031 0.000031 0.000031 0.999751 0.000031 0.000031 0.000031
108 108 (0) 6 : 0.000033 0.000033 0.000033 0.000033 0.000033 0.999738 0.000033 0.000033 0.000033
109 109 (0) 6 : 0.000032 0.000032 0.000032 0.000032 0.000032 0.999743 0.000032 0.000032 0.000032
110 110 (0) 2 : 0.000025 0.000025 0.000025 0.805129 0.000025 0.194699 0.000025 0.000025 0.000025
111 111 (0) 2 : 0.000032 0.000032 0.000032 0.747165 0.000032 0.252613 0.000032 0.000032 0.000032
112 112 (0) 2 : 0.000032 0.000032 0.000032 0.783606 0.000032 0.216168 0.000032 0.000032 0.000032
113 113 (0) 2 : 0.000030 0.000030 0.000030 0.999764 0.000030 0.000030 0.000030 0.000030 0.000030
114 114 (0) 2 : 0.000031 0.000031 0.000031 0.856082 0.000031 0.143702 0.000031 0.000031 0.000031
115 115 (0) 3 : 0.000022 0.000022 0.000022 0.000022 0.000022 0.999824 0.000022 0.000022 0.000022
1 1 (0) 1 : 0.000032 0.000032 0.000032 0.000032 0.999744 0.000032 0.000032 0.000032 0.000032
2 2 (0) 1 : 0.000031 0.000031 0.000031 0.000031 0.999756 0.000031 0.000031 0.000031 0.000031
3 3 (0) 1 : 0.000033 0.000033 0.000033 0.000033 0.999739 0.000033 0.000033 0.000033 0.000033
4 4 (0) 1 : 0.000033 0.000033 0.000033 0.000033 0.999739 0.000033 0.000033 0.000033 0.000033
5 5 (0) 1 : 0.000034 0.000034 0.000034 0.000034 0.999726 0.000034 0.000034 0.000034 0.000034
6 6 (0) 1 : 0.000033 0.000033 0.000033 0.000033 0.999738 0.000033 0.000033 0.000033 0.000033
7 7 (0) 1 : 0.000035 0.000035 0.000035 0.000035 0.999717 0.000035 0.000035 0.000035 0.000035
8 8 (0) 1 : 0.000025 0.000025 0.000025 0.000025 0.999801 0.000025 0.000025 0.000025 0.000025
9 9 (0) 1 : 0.000023 0.000023 0.000023 0.000023 0.999813 0.000023 0.000023 0.000023 0.000023
10 10 (0) 1 : 0.000027 0.000027 0.000027 0.000027 0.999782 0.000027 0.000027 0.000027 0.000027
11 11 (0) 1 : 0.000032 0.000032 0.000032 0.000032 0.999744 0.000032 0.000032 0.000032 0.000032
12 12 (0) 1 : 0.000026 0.000026 0.000026 0.000026 0.999791 0.000026 0.000026 0.000026 0.000026
13 13 (0) 1 : 0.000031 0.000031 0.000031 0.000031 0.999749 0.000031 0.000031 0.000031 0.000031
14 14 (0) 1 : 0.000032 0.000032 0.000032 0.000032 0.999747 0.000032 0.000032 0.000032 0.000032
15 15 (0) 1 : 0.000032 0.000032 0.000032 0.000032 0.999747 0.000032 0.000032 0.000032 0.000032
16 16 (0) 1 : 0.000033 0.000033 0.000033 0.000033 0.999733 0.000033 0.000033 0.000033 0.000033
17 17 (0) 1 : 0.000036 0.000036 0.000036 0.000036 0.999710 0.000036 0.000036 0.000036 0.000036
18 18 (0) 2 : 0.000025 0.000025 0.000025 0.000025 0.000025 0.000025 0.000025 0.000025 0.999803
19 19 (0) 2 : 0.000032 0.000032 0.000032 0.000032 0.000032 0.000032 0.000032 0.000032 0.999747
20 20 (0) 3 : 0.000025 0.000025 0.000025 0.000025 0.999800 0.000025 0.000025 0.000025 0.000025
21 21 (0) 3 : 0.000026 0.000026 0.000026 0.000026 0.999791 0.000026 0.000026 0.000026 0.000026
22 22 (0) 2 : 0.000032 0.000032 0.000032 0.000032 0.000032 0.000032 0.000032 0.000032 0.999743
23 23 (0) 2 : 0.000025 0.000025 0.000025 0.000025 0.000025 0.000025 0.000025 0.000025 0.999801
24 24 (0) 2 : 0.000024 0.000024 0.000024 0.000024 0.000024 0.000024 0.000024 0.000024 0.999808
25 25 (0) 4 : 0.000029 0.000029 0.883489 0.000029 0.116309 0.000029 0.000029 0.000029 0.000029
26 26 (0) 4 : 0.000025 0.000025 0.999798 0.000025 0.000025 0.000025 0.000025 0.000025 0.000025
27 27 (0) 4 : 0.000037 0.000037 0.999703 0.000037 0.000037 0.000037 0.000037 0.000037 0.000037
28 28 (0) 4 : 0.000033 0.000033 0.999739 0.000033 0.000033 0.000033 0.000033 0.000033 0.000033
29 29 (0) 4 : 0.000038 0.000038 0.999693 0.000038 0.000038 0.000038 0.000038 0.000038 0.000038
30 30 (0) 4 : 0.000043 0.000043 0.878601 0.000043 0.121099 0.000043 0.000043 0.000043 0.000043
31 31 (0) 4 : 0.000035 0.000035 0.999721 0.000035 0.000035 0.000035 0.000035 0.000035 0.000035
32 32 (0) 4 : 0.000037 0.000037 0.999708 0.000037 0.000037 0.000037 0.000037 0.000037 0.000037
33 33 (0) 4 : 0.000031 0.000031 0.999750 0.000031 0.000031 0.000031 0.000031 0.000031 0.000031
34 34 (0) 4 : 0.000024 0.000024 0.999808 0.000024 0.000024 0.000024 0.000024 0.000024 0.000024
35 35 (0) 4 : 0.000023 0.000023 0.874379 0.000023 0.125459 0.000023 0.000023 0.000023 0.000023
36 36 (0) 4 : 0.000023 0.000023 0.999814 0.000023 0.000023 0.000023 0.000023 0.000023 0.000023
37 37 (0) 4 : 0.000024 0.000024 0.999811 0.000024 0.000024 0.000024 0.000024 0.000024 0.000024
38 38 (0) 4 : 0.000030 0.000030 0.999762 0.000030 0.000030 0.000030 0.000030 0.000030 0.000030
39 39 (0) 4 : 0.000025 0.000025 0.999802 0.000025 0.000025 0.000025 0.000025 0.000025 0.000025
40 40 (0) 4 : 0.000023 0.000023 0.999815 0.000023 0.000023 0.000023 0.000023 0.000023 0.000023
41 41 (0) 4 : 0.000033 0.000033 0.999736 0.000033 0.000033 0.000033 0.000033 0.000033 0.000033
42 42 (0) 4 : 0.000032 0.000032 0.999745 0.000032 0.000032 0.000032 0.000032 0.000032 0.000032
43 43 (0) 4 : 0.000033 0.000033 0.999733 0.000033 0.000033 0.000033 0.000033 0.000033 0.000033
44 44 (0) 4 : 0.000032 0.000032 0.999743 0.000032 0.000032 0.000032 0.000032 0.000032 0.000032
45 45 (0) 4 : 0.000032 0.000032 0.999740 0.000032 0.000032 0.000032 0.000032 0.000032 0.000032
46 46 (0) 4 : 0.000032 0.000032 0.999744 0.000032 0.000032 0.000032 0.000032 0.000032 0.000032
47 47 (0) 4 : 0.000033 0.000033 0.999733 0.000033 0.000033 0.000033 0.000033 0.000033 0.000033
48 48 (0) 4 : 0.000032 0.000032 0.830056 0.000032 0.169722 0.000032 0.000032 0.000032 0.000032
49 49 (0) 4 : 0.000031 0.000031 0.999753 0.000031 0.000031 0.000031 0.000031 0.000031 0.000031
50 50 (0) 4 : 0.000032 0.000032 0.999746 0.000032 0.000032 0.000032 0.000032 0.000032 0.000032
51 51 (0) 1 : 0.000021 0.000021 0.000021 0.000021 0.999832 0.000021 0.000021 0.000021 0.000021
52 52 (0) 1 : 0.000022 0.000022 0.000022 0.000022 0.999822 0.000022 0.000022 0.000022 0.000022
53 53 (0) 1 : 0.000036 0.000036 0.099959 0.000036 0.869368 0.000036 0.000036 0.000036 0.030460
54 54 (0) 1 : 0.000025 0.000025 0.558004 0.000025 0.441824 0.000025 0.000025 0.000025 0.000025
55 55 (0) 1 : 0.000038 0.000038 0.323521 0.000038 0.676212 0.000038 0.000038 0.000038 0.000038
56 56 (0) 1 : 0.000024 0.000024 0.569442 0.000024 0.430390 0.000024 0.000024 0.000024 0.000024
57 57 (0) 1 : 0.000023 0.000023 0.525738 0.000023 0.474102 0.000023 0.000023 0.000023 0.000023
58 58 (0) 1 : 0.000031 0.000031 0.438984 0.000031 0.560801 0.000031 0.000031 0.000031 0.000031
59 59 (0) 1 : 0.000030 0.000030 0.000030 0.000030 0.999760 0.000030 0.000030 0.000030 0.000030
60 60 (0) 1 : 0.000031 0.000031 0.000031 0.000031 0.999753 0.000031 0.000031 0.000031 0.000031
61 61 (0) 1 : 0.000022 0.000022 0.000022 0.000022 0.999827 0.000022 0.000022 0.000022 0.000022
62 62 (0) 1 : 0.000027 0.000027 0.177710 0.000027 0.822098 0.000027 0.000027 0.000027 0.000027
63 63 (0) 1 : 0.000029 0.000029 0.118127 0.000029 0.881672 0.000029 0.000029 0.000029 0.000029
64 64 (0) 1 : 0.000032 0.000032 0.000032 0.000032 0.999744 0.000032 0.000032 0.000032 0.000032
65 65 (0) 1 : 0.000031 0.000031 0.000031 0.000031 0.999748 0.000031 0.000031 0.000031 0.000031
66 66 (0) 1 : 0.000035 0.000035 0.000035 0.000035 0.999720 0.000035 0.000035 0.000035 0.000035
67 67 (0) 1 : 0.000031 0.000031 0.000031 0.000031 0.999753 0.000031 0.000031 0.000031 0.000031
68 68 (0) 1 : 0.000036 0.000036 0.000036 0.000036 0.999715 0.000036 0.000036 0.000036 0.000036
69 69 (0) 1 : 0.000038 0.000038 0.000038 0.000038 0.999695 0.000038 0.000038 0.000038 0.000038
70 70 (0) 1 : 0.000029 0.000029 0.000029 0.000029 0.999767 0.000029 0.000029 0.000029 0.000029
71 71 (0) 1 : 0.000034 0.000034 0.000034 0.000034 0.999728 0.000034 0.000034 0.000034 0.000034
72 72 (0) 1 : 0.000033 0.000033 0.000033 0.000033 0.999734 0.000033 0.000033 0.000033 0.000033
73 73 (0) 1 : 0.000031 0.000031 0.000031 0.000031 0.999752 0.000031 0.000031 0.000031 0.000031
74 74 (0) 1 : 0.000022 0.000022 0.000022 0.000022 0.999824 0.000022 0.000022 0.000022 0.000022
75 75 (0) 1 : 0.000022 0.000022 0.000022 0.000022 0.999827 0.000022 0.000022 0.000022 0.000022
76 76 (0) 1 : 0.000043 0.000043 0.000043 0.000043 0.999659 0.000043 0.000043 0.000043 0.000043
77 77 (0) 1 : 0.000034 0.000034 0.000034 0.000034 0.999732 0.000034 0.000034 0.000034 0.000034
78 78 (0) 1 : 0.000033 0.000033 0.000033 0.000033 0.999737 0.000033 0.000033 0.000033 0.000033
79 79 (0) 1 : 0.000027 0.000027 0.339207 0.000027 0.660601 0.000027 0.000027 0.000027 0.000027
80 80 (0) 1 : 0.000022 0.000022 0.000022 0.000022 0.999827 0.000022 0.000022 0.000022 0.000022
81 81 (0) 1 : 0.000022 0.000022 0.000022 0.000022 0.999827 0.000022 0.000022 0.000022 0.000022
82 82 (0) 1 : 0.000024 0.000024 0.000024 0.000024 0.999806 0.000024 0.000024 0.000024 0.000024
83 83 (0) 1 : 0.000031 0.000031 0.000031 0.000031 0.760861 0.000031 0.000031 0.000031 0.238920
84 84 (0) 1 : 0.000043 0.000043 0.000043 0.000043 0.999659 0.000043 0.000043 0.000043 0.000043
85 85 (0) 1 : 0.000022 0.000022 0.000022 0.000022 0.999824 0.000022 0.000022 0.000022 0.000022
86 86 (0) 1 : 0.000022 0.000022 0.000022 0.000022 0.999827 0.000022 0.000022 0.000022 0.000022
87 87 (0) 5 : 0.000033 0.000033 0.448161 0.000033 0.551605 0.000033 0.000033 0.000033 0.000033
88 88 (0) 5 : 0.000029 0.000029 0.623876 0.000029 0.375922 0.000029 0.000029 0.000029 0.000029
89 89 (0) 5 : 0.000023 0.000023 0.487053 0.000023 0.512788 0.000023 0.000023 0.000023 0.000023
90 90 (0) 5 : 0.000033 0.000033 0.872510 0.000033 0.127256 0.000033 0.000033 0.000033 0.000033
91 91 (0) 5 : 0.000032 0.000032 0.903429 0.000032 0.096349 0.000032 0.000032 0.000032 0.000032
92 92 (0) 5 : 0.000026 0.000026 0.582513 0.000026 0.417307 0.000026 0.000026 0.000026 0.000026
93 93 (0) 5 : 0.000036 0.000036 0.737542 0.000036 0.262208 0.000036 0.000036 0.000036 0.000036
94 94 (0) 5 : 0.000027 0.000027 0.769343 0.000027 0.230471 0.000027 0.000027 0.000027 0.000027
95 95 (0) 5 : 0.000034 0.000034 0.889288 0.000034 0.110472 0.000034 0.000034 0.000034 0.000034
96 96 (0) 5 : 0.000030 0.000030 0.852786 0.000030 0.147001 0.000030 0.000030 0.000030 0.000030
97 97 (0) 6 : 0.000030 0.000030 0.000030 0.000030 0.000030 0.000030 0.000030 0.000030 0.999758
98 98 (0) 6 : 0.000029 0.000029 0.000029 0.000029 0.000029 0.000029 0.000029 0.000029 0.999767
99 99 (0) 6 : 0.000029 0.000029 0.000029 0.000029 0.000029 0.000029 0.000029 0.000029 0.999766
100 100 (0) 6 : 0.000024 0.000024 0.000024 0.000024 0.999811 0.000024 0.000024 0.000024 0.000024
101 101 (0) 6 : 0.000024 0.000024 0.000024 0.000024 0.999811 0.000024 0.000024 0.000024 0.000024
102 102 (0) 6 : 0.000022 0.000022 0.000022 0.000022 0.999822 0.000022 0.000022 0.000022 0.000022
103 103 (0) 6 : 0.000030 0.000030 0.000030 0.000030 0.000030 0.000030 0.000030 0.000030 0.999762
104 104 (0) 6 : 0.000032 0.000032 0.000032 0.000032 0.000032 0.000032 0.000032 0.000032 0.999748
105 105 (0) 6 : 0.000031 0.000031 0.000031 0.000031 0.000031 0.000031 0.000031 0.000031 0.999752
106 106 (0) 6 : 0.000035 0.000035 0.000035 0.000035 0.000035 0.000035 0.000035 0.000035 0.999721
107 107 (0) 6 : 0.000031 0.000031 0.000031 0.000031 0.000031 0.000031 0.000031 0.000031 0.999751
108 108 (0) 6 : 0.000033 0.000033 0.000033 0.000033 0.000033 0.000033 0.000033 0.000033 0.999738
109 109 (0) 6 : 0.000032 0.000032 0.000032 0.000032 0.000032 0.000032 0.000032 0.000032 0.999743
110 110 (0) 2 : 0.000025 0.000025 0.000025 0.000025 0.000025 0.000025 0.000025 0.000025 0.999803
111 111 (0) 2 : 0.000032 0.000032 0.000032 0.000032 0.000032 0.000032 0.000032 0.000032 0.999746
112 112 (0) 2 : 0.000032 0.000032 0.000032 0.000032 0.000032 0.000032 0.000032 0.000032 0.999742
113 113 (0) 2 : 0.000030 0.000030 0.000030 0.000030 0.000030 0.000030 0.000030 0.000030 0.999764
114 114 (0) 2 : 0.000031 0.000031 0.000031 0.000031 0.000031 0.000031 0.000031 0.000031 0.999754
115 115 (0) 3 : 0.000022 0.000022 0.000022 0.000022 0.999824 0.000022 0.000022 0.000022 0.000022
