1 1 (0) 1 : 0.000048 0.000048 0.999757 0.000049 0.000048 0.000049
2 2 (0) 1 : 0.000046 0.000046 0.999769 0.000046 0.000046 0.000046
3 3 (0) 1 : 0.000049 0.000049 0.999754 0.000049 0.000049 0.000049
4 4 (0) 1 : 0.000049 0.000049 0.999753 0.000050 0.000049 0.000050
5 5 (0) 1 : 0.000052 0.000052 0.999742 0.000052 0.000052 0.000052
6 6 (0) 1 : 0.000050 0.000050 0.999751 0.000050 0.000050 0.000050
7 7 (0) 1 : 0.000053 0.000053 0.999733 0.000053 0.000053 0.000053
8 8 (0) 1 : 0.000037 0.000037 0.999813 0.000038 0.000037 0.000038
9 9 (0) 1 : 0.000035 0.000035 0.999824 0.000035 0.000035 0.000035
10 10 (0) 1 : 0.000041 0.000041 0.999794 0.000041 0.000041 0.000041
11 11 (0) 1 : 0.000048 0.000048 0.999760 0.000048 0.000048 0.000048
12 12 (0) 1 : 0.000039 0.000039 0.999802 0.000040 0.000039 0.000040
13 13 (0) 1 : 0.000047 0.000047 0.999764 0.000047 0.000047 0.000047
14 14 (0) 1 : 0.000048 0.000048 0.999762 0.000048 0.000048 0.000048
15 15 (0) 1 : 0.000048 0.000048 0.999761 0.000048 0.000048 0.000048
16 16 (0) 1 : 0.000050 0.000050 0.999748 0.000051 0.000050 0.000051
17 17 (0) 1 : 0.000055 0.000055 0.999727 0.000055 0.000055 0.000055
18 18 (0) 2 : 0.000037 0.000037 0.000037 0.000037 0.000037 0.999814
19 19 (0) 2 : 0.000048 0.000048 0.000048 0.000048 0.000048 0.999760
20 20 (0) 3 : 0.000038 0.000038 0.999811 0.000038 0.000038 0.000038
21 21 (0) 3 : 0.000039 0.000039 0.999803 0.000040 0.000039 0.000040
22 22 (0) 2 : 0.000049 0.000049 0.000049 0.000049 0.000049 0.999756
23 23 (0) 2 : 0.000038 0.000038 0.000038 0.000038 0.000038 0.999812
24 24 (0) 2 : 0.000036 0.000036 0.000037 0.000037 0.000036 0.999818
25 25 (0) 4 : 0.000043 0.000043 0.000044 0.999783 0.000043 0.000044
26 26 (0) 4 : 0.000038 0.000038 0.000038 0.999810 0.000038 0.000038
27 27 (0) 4 : 0.000056 0.000056 0.000056 0.999720 0.000056 0.000056
28 28 (0) 4 : 0.000049 0.000049 0.000049 0.999754 0.000049 0.000049
29 29 (0) 4 : 0.000058 0.000058 0.000058 0.999710 0.000058 0.000058
30 30 (0) 4 : 0.000064 0.000064 0.000067 0.999675 0.000064 0.000065
31 31 (0) 4 : 0.000053 0.000053 0.000053 0.999737 0.000053 0.000053
32 32 (0) 4 : 0.000055 0.000055 0.000056 0.999723 0.000055 0.000055
33 33 (0) 4 : 0.000047 0.000047 0.000047 0.999764 0.000047 0.000047
34 34 (0) 4 : 0.000036 0.000036 0.000036 0.999819 0.000036 0.000036
35 35 (0) 4 : 0.000035 0.000035 0.000035 0.999825 0.000035 0.000035
36 36 (0) 4 : 0.000035 0.000035 0.000035 0.999825 0.000035 0.000035
37 37 (0) 4 : 0.000036 0.000036 0.000036 0.999822 0.000036 0.000036
38 38 (0) 4 : 0.000045 0.000045 0.000045 0.999775 0.000045 0.000045
39 39 (0) 4 : 0.000037 0.000037 0.000038 0.999813 0.000037 0.000037
40 40 (0) 4 : 0.000035 0.000035 0.000035 0.999826 0.000035 0.000035
41 41 (0) 4 : 0.000050 0.000050 0.000050 0.999751 0.000050 0.000050
42 42 (0) 4 : 0.000048 0.000048 0.000048 0.999759 0.000048 0.000048
43 43 (0) 4 : 0.000050 0.000050 0.000050 0.999749 0.000050 0.000050
44 44 (0) 4 : 0.000048 0.000048 0.000049 0.999758 0.000048 0.000049
45 45 (0) 4 : 0.000049 0.000049 0.000049 0.999755 0.000049 0.000049
46 46 (0) 4 : 0.000049 0.000049 0.000049 0.999757 0.000049 0.000049
47 47 (0) 4 : 0.000050 0.000050 0.000051 0.999748 0.000050 0.000051
48 48 (0) 4 : 0.000048 0.000048 0.081218 0.918591 0.000048 0.000048
49 49 (0) 4 : 0.000047 0.000047 0.000047 0.999766 0.000047 0.000047
50 50 (0) 4 : 0.000048 0.000048 0.000048 0.999760 0.000048 0.000048
51 51 (0) 1 : 0.000032 0.000032 0.999841 0.000032 0.000032 0.000032
52 52 (0) 1 : 0.000033 0.000033 0.999832 0.000034 0.000033 0.000034
53 53 (0) 1 : 0.000054 0.000054 0.675358 0.324428 0.000054 0.000053
54 54 (0) 1 : 0.000037 0.000037 0.391369 0.608482 0.000037 0.000037
55 55 (0) 1 : 0.000058 0.000058 0.661889 0.337881 0.000058 0.000058
56 56 (0) 1 : 0.000036 0.000036 0.454968 0.544888 0.000036 0.000036
57 57 (0) 1 : 0.000034 0.000034 0.476333 0.523529 0.000034 0.000035
58 58 (0) 1 : 0.000046 0.000046 0.576975 0.422839 0.000046 0.000047
59 59 (0) 1 : 0.000045 0.000045 0.999774 0.000045 0.000045 0.000045
60 60 (0) 1 : 0.000047 0.000047 0.999767 0.000047 0.000047 0.000047
61 61 (0) 1 : 0.000033 0.000033 0.999837 0.000033 0.000033 0.000033
62 62 (0) 1 : 0.000041 0.000041 0.842149 0.157684 0.000041 0.000042
63 63 (0) 1 : 0.000043 0.000043 0.878494 0.121333 0.000043 0.000044
64 64 (0) 1 : 0.000048 0.000048 0.999758 0.000049 0.000048 0.000049
65 65 (0) 1 : 0.000047 0.000047 0.999763 0.000048 0.000047 0.000048
66 66 (0) 1 : 0.000053 0.000053 0.999736 0.000053 0.000053 0.000053
67 67 (0) 1 : 0.000046 0.000046 0.999767 0.000047 0.000046 0.000047
68 68 (0) 1 : 0.000054 0.000054 0.999731 0.000054 0.000054 0.000054
69 69 (0) 1 : 0.000057 0.000057 0.999713 0.000058 0.000057 0.000058
70 70 (0) 1 : 0.000044 0.000044 0.999780 0.000044 0.000044 0.000044
71 71 (0) 1 : 0.000051 0.000051 0.999743 0.000052 0.000051 0.000052
72 72 (0) 1 : 0.000050 0.000050 0.999749 0.000050 0.000050 0.000050
73 73 (0) 1 : 0.000047 0.000047 0.999765 0.000047 0.000047 0.000047
74 74 (0) 1 : 0.000033 0.000033 0.999834 0.000033 0.000033 0.000033
75 75 (0) 1 : 0.000033 0.000033 0.999837 0.000033 0.000033 0.000033
76 76 (0) 1 : 0.000064 0.000064 0.999678 0.000065 0.000064 0.000065
77 77 (0) 1 : 0.000050 0.000050 0.999747 0.000051 0.000050 0.000051
78 78 (0) 1 : 0.000050 0.000050 0.999751 0.000050 0.000050 0.000050
79 79 (0) 1 : 0.000041 0.000041 0.694447 0.305388 0.000041 0.000041
80 80 (0) 1 : 0.000033 0.000033 0.999837 0.000033 0.000033 0.000033
81 81 (0) 1 : 0.000033 0.000033 0.999837 0.000033 0.000033 0.000033
82 82 (0) 1 : 0.000036 0.000036 0.999817 0.000037 0.000036 0.000037
83 83 (0) 1 : 0.000047 0.000047 0.999763 0.000047 0.000047 0.000047
84 84 (0) 1 : 0.000065 0.000065 0.955473 0.044268 0.000065 0.000065
85 85 (0) 1 : 0.000033 0.000033 0.999834 0.000033 0.000033 0.000033
86 86 (0) 1 : 0.000033 0.000033 0.999837 0.000033 0.000033 0.000033
87 87 (0) 5 : 0.000050 0.000050 0.317991 0.681807 0.000050 0.000051
88 88 (0) 5 : 0.000043 0.000043 0.284364 0.715462 0.000043 0.000044
89 89 (0) 5 : 0.000034 0.000034 0.427893 0.571970 0.000034 0.000034
90 90 (0) 5 : 0.000050 0.000050 0.122207 0.877592 0.000050 0.000051
91 91 (0) 5 : 0.000048 0.000048 0.000048 0.999761 0.000048 0.000048
92 92 (0) 5 : 0.000039 0.000039 0.288438 0.711408 0.000039 0.000039
93 93 (0) 5 : 0.000054 0.000054 0.178483 0.821302 0.000054 0.000054
94 94 (0) 5 : 0.000040 0.000040 0.188754 0.811086 0.000040 0.000040
95 95 (0) 5 : 0.000052 0.000052 0.000052 0.999741 0.000052 0.000052
96 96 (0) 5 : 0.000046 0.000046 0.164100 0.835715 0.000046 0.000046
97 97 (0) 6 : 0.000046 0.000046 0.999771 0.000046 0.000046 0.000046
98 98 (0) 6 : 0.000044 0.000044 0.999779 0.000044 0.000044 0.000044
99 99 (0) 6 : 0.000044 0.000044 0.999778 0.000044 0.000044 0.000044
100 100 (0) 6 : 0.000036 0.000036 0.999821 0.000036 0.000036 0.000036
101 101 (0) 6 : 0.000036 0.000036 0.999821 0.000036 0.000036 0.000036
102 102 (0) 6 : 0.000034 0.000034 0.999831 0.000034 0.000034 0.000034
103 103 (0) 6 : 0.000045 0.000045 0.999775 0.000045 0.000045 0.000045
104 104 (0) 6 : 0.000048 0.000048 0.999762 0.000048 0.000048 0.000048
105 105 (0) 6 : 0.000047 0.000047 0.999766 0.000047 0.000047 0.000047
106 106 (0) 6 : 0.000053 0.000053 0.999737 0.000053 0.000053 0.000053
107 107 (0) 6 : 0.000047 0.000047 0.999765 0.000047 0.000047 0.000047
108 108 (0) 6 : 0.000049 0.000049 0.999753 0.000050 0.000049 0.000050
109 109 (0) 6 : 0.000048 0.000048 0.999758 0.000049 0.000048 0.000049
110 110 (0) 2 : 0.000037 0.000037 0.000038 0.000038 0.000037 0.999813
111 111 (0) 2 : 0.000048 0.000048 0.000048 0.000048 0.000048 0.999760
112 112 (0) 2 : 0.000049 0.000049 0.000049 0.000049 0.000049 0.999756
113 113 (0) 2 : 0.000045 0.000045 0.000045 0.000045 0.000045 0.999777
114 114 (0) 2 : 0.000046 0.000046 0.000047 0.000047 0.000046 0.999768
115 115 (0) 3 : 0.000033 0.000033 0.951785 0.000033 0.000033 0.048083
1 1 (0) 1 : 0.000048 0.000049 0.000049 0.000048 0.999757 0.000049
2 2 (0) 1 : 0.000046 0.000046 0.000046 0.000046 0.999769 0.000046
3 3 (0) 1 : 0.000049 0.000049 0.000049 0.000049 0.999754 0.000049
4 4 (0) 1 : 0.000049 0.000050 0.000050 0.000049 0.999753 0.000050
5 5 (0) 1 : 0.000052 0.000052 0.000052 0.000052 0.999741 0.000052
6 6 (0) 1 : 0.000050 0.000050 0.000050 0.000050 0.999751 0.000050
7 7 (0) 1 : 0.000053 0.000053 0.000053 0.000053 0.000054 0.999733
8 8 (0) 1 : 0.000037 0.000038 0.000038 0.000037 0.000038 0.999812
9 9 (0) 1 : 0.000035 0.000035 0.000035 0.000035 0.000035 0.999824
10 10 (0) 1 : 0.000041 0.000041 0.000041 0.000041 0.000041 0.999793
11 11 (0) 1 : 0.000048 0.000048 0.000048 0.000048 0.000048 0.999759
12 12 (0) 1 : 0.000039 0.000040 0.000040 0.000039 0.000040 0.999802
13 13 (0) 1 : 0.000047 0.000047 0.000047 0.000047 0.000047 0.999764
14 14 (0) 1 : 0.000047 0.000048 0.000048 0.000047 0.000048 0.999762
15 15 (0) 1 : 0.000048 0.000048 0.000048 0.000048 0.000048 0.999761
16 16 (0) 1 : 0.000050 0.000051 0.000051 0.000050 0.000051 0.999748
17 17 (0) 1 : 0.000054 0.000055 0.000055 0.000054 0.000055 0.999727
18 18 (0) 2 : 0.000037 0.000037 0.999814 0.000037 0.000037 0.000037
19 19 (0) 2 : 0.000048 0.000048 0.999760 0.000048 0.000048 0.000048
20 20 (0) 3 : 0.000038 0.000038 0.000038 0.000038 0.999811 0.000038
21 21 (0) 3 : 0.000039 0.000040 0.000040 0.000039 0.999803 0.000040
22 22 (0) 2 : 0.000049 0.000049 0.999756 0.000049 0.000049 0.000049
23 23 (0) 2 : 0.000038 0.000038 0.999811 0.000038 0.000038 0.000038
24 24 (0) 2 : 0.000036 0.000037 0.999818 0.000036 0.000037 0.000037
25 25 (0) 4 : 0.000043 0.999782 0.000044 0.000043 0.000044 0.000044
26 26 (0) 4 : 0.000038 0.999810 0.000038 0.000038 0.000038 0.000038
27 27 (0) 4 : 0.000056 0.999720 0.000056 0.000056 0.000056 0.000056
28 28 (0) 4 : 0.000049 0.999754 0.000049 0.000049 0.000049 0.000049
29 29 (0) 4 : 0.000058 0.999710 0.000058 0.000058 0.000058 0.000058
30 30 (0) 4 : 0.000064 0.923149 0.000065 0.000064 0.076593 0.000065
31 31 (0) 4 : 0.000053 0.999736 0.000053 0.000053 0.000053 0.000053
32 32 (0) 4 : 0.000055 0.999723 0.000055 0.000055 0.000056 0.000056
33 33 (0) 4 : 0.000047 0.999764 0.000047 0.000047 0.000047 0.000047
34 34 (0) 4 : 0.000036 0.999818 0.000036 0.000036 0.000036 0.000036
35 35 (0) 4 : 0.000035 0.999825 0.000035 0.000035 0.000035 0.000035
36 36 (0) 4 : 0.000035 0.999825 0.000035 0.000035 0.000035 0.000035
37 37 (0) 4 : 0.000036 0.999822 0.000036 0.000036 0.000036 0.000036
38 38 (0) 4 : 0.000045 0.999774 0.000045 0.000045 0.000045 0.000045
39 39 (0) 4 : 0.000037 0.999813 0.000037 0.000037 0.000037 0.000037
40 40 (0) 4 : 0.000035 0.999825 0.000035 0.000035 0.000035 0.000035
41 41 (0) 4 : 0.000050 0.999750 0.000050 0.000050 0.000050 0.000050
42 42 (0) 4 : 0.000048 0.999759 0.000048 0.000048 0.000048 0.000048
43 43 (0) 4 : 0.000050 0.999748 0.000050 0.000050 0.000050 0.000050
44 44 (0) 4 : 0.000048 0.999758 0.000049 0.000048 0.000049 0.000049
45 45 (0) 4 : 0.000049 0.999755 0.000049 0.000049 0.000049 0.000049
46 46 (0) 4 : 0.000049 0.999757 0.000049 0.000049 0.000049 0.000049
47 47 (0) 4 : 0.000050 0.999748 0.000051 0.000050 0.000051 0.000051
48 48 (0) 4 : 0.000048 0.999760 0.000048 0.000048 0.000048 0.000048
49 49 (0) 4 : 0.000047 0.999766 0.000047 0.000047 0.000047 0.000047
50 50 (0) 4 : 0.000048 0.999760 0.000048 0.000048 0.000048 0.000048
51 51 (0) 1 : 0.000032 0.000032 0.000032 0.000032 0.999841 0.000032
52 52 (0) 1 : 0.000033 0.000034 0.000034 0.000033 0.999832 0.000034
53 53 (0) 1 : 0.000054 0.217717 0.000054 0.000054 0.782068 0.000054
54 54 (0) 1 : 0.000037 0.616194 0.000037 0.000037 0.217978 0.165716
55 55 (0) 1 : 0.000058 0.295116 0.000058 0.000058 0.679500 0.025210
56 56 (0) 1 : 0.000036 0.538620 0.000036 0.000036 0.461235 0.000036
57 57 (0) 1 : 0.000034 0.525092 0.000035 0.000034 0.474770 0.000035
58 58 (0) 1 : 0.000046 0.308211 0.000047 0.000046 0.691603 0.000047
59 59 (0) 1 : 0.000045 0.000045 0.000045 0.000045 0.163933 0.835886
60 60 (0) 1 : 0.000047 0.000047 0.000047 0.000047 0.000122 0.999691
61 61 (0) 1 : 0.000033 0.000033 0.000033 0.000033 0.022444 0.977425
62 62 (0) 1 : 0.000041 0.095407 0.000042 0.000041 0.000042 0.904427
63 63 (0) 1 : 0.000043 0.048653 0.000044 0.000043 0.000044 0.951173
64 64 (0) 1 : 0.000048 0.000049 0.000049 0.000048 0.000049 0.999758
65 65 (0) 1 : 0.000047 0.000048 0.000048 0.000047 0.000048 0.999762
66 66 (0) 1 : 0.000053 0.000053 0.000053 0.000053 0.000053 0.999736
67 67 (0) 1 : 0.000046 0.000047 0.000047 0.000046 0.000047 0.999767
68 68 (0) 1 : 0.000054 0.000054 0.000054 0.000054 0.000054 0.999730
69 69 (0) 1 : 0.000057 0.000058 0.000058 0.000057 0.000058 0.999712
70 70 (0) 1 : 0.000044 0.000044 0.000044 0.000044 0.000044 0.999780
71 71 (0) 1 : 0.000051 0.000052 0.000052 0.000051 0.000052 0.999743
72 72 (0) 1 : 0.000050 0.000050 0.000050 0.000050 0.000050 0.999749
73 73 (0) 1 : 0.000047 0.000047 0.000047 0.000047 0.000047 0.999765
74 74 (0) 1 : 0.000033 0.000033 0.000033 0.000033 0.000033 0.999834
75 75 (0) 1 : 0.000033 0.000033 0.000033 0.000033 0.000033 0.999836
76 76 (0) 1 : 0.000064 0.000065 0.000065 0.000064 0.000065 0.999678
77 77 (0) 1 : 0.000050 0.000051 0.000051 0.000050 0.000051 0.999747
78 78 (0) 1 : 0.000050 0.000050 0.000050 0.000050 0.000050 0.999751
79 79 (0) 1 : 0.000041 0.259190 0.000041 0.000041 0.721623 0.019063
80 80 (0) 1 : 0.000033 0.000033 0.000033 0.000033 0.999837 0.000033
81 81 (0) 1 : 0.000033 0.000033 0.000033 0.000033 0.999837 0.000033
82 82 (0) 1 : 0.000036 0.000037 0.000037 0.000036 0.999817 0.000037
83 83 (0) 1 : 0.000047 0.000047 0.000047 0.000047 0.999763 0.000047
84 84 (0) 1 : 0.000064 0.000065 0.000065 0.000064 0.999676 0.000065
85 85 (0) 1 : 0.000033 0.000033 0.000033 0.000033 0.000033 0.999834
86 86 (0) 1 : 0.000033 0.000033 0.000033 0.000033 0.999836 0.000033
87 87 (0) 5 : 0.000050 0.688488 0.000051 0.000050 0.311310 0.000051
88 88 (0) 5 : 0.000043 0.736211 0.000044 0.000043 0.263615 0.000044
89 89 (0) 5 : 0.000034 0.585068 0.000034 0.000034 0.414795 0.000034
90 90 (0) 5 : 0.000050 0.891773 0.000050 0.000050 0.108025 0.000051
91 91 (0) 5 : 0.000048 0.999761 0.000048 0.000048 0.000048 0.000048
92 92 (0) 5 : 0.000039 0.738167 0.000039 0.000039 0.261678 0.000039
93 93 (0) 5 : 0.000054 0.828528 0.000054 0.000054 0.171257 0.000054
94 94 (0) 5 : 0.000040 0.833413 0.000040 0.000040 0.166427 0.000040
95 95 (0) 5 : 0.000052 0.999741 0.000052 0.000052 0.000052 0.000052
96 96 (0) 5 : 0.000046 0.868518 0.000046 0.000046 0.131298 0.000046
97 97 (0) 6 : 0.000046 0.000046 0.000046 0.000046 0.999771 0.000046
98 98 (0) 6 : 0.000044 0.000044 0.000044 0.000044 0.999779 0.000044
99 99 (0) 6 : 0.000044 0.000044 0.000044 0.000044 0.999778 0.000044
100 100 (0) 6 : 0.000036 0.000036 0.000036 0.000036 0.999821 0.000036
101 101 (0) 6 : 0.000036 0.000036 0.000036 0.000036 0.999821 0.000036
102 102 (0) 6 : 0.000034 0.000034 0.000034 0.000034 0.999831 0.000034
103 103 (0) 6 : 0.000045 0.000045 0.000045 0.000045 0.999775 0.000045
104 104 (0) 6 : 0.000048 0.000048 0.000048 0.000048 0.999762 0.000048
105 105 (0) 6 : 0.000047 0.000047 0.000047 0.000047 0.999766 0.000047
106 106 (0) 6 : 0.000053 0.000053 0.000053 0.000053 0.999737 0.000053
107 107 (0) 6 : 0.000047 0.000047 0.000047 0.000047 0.999765 0.000047
108 108 (0) 6 : 0.000049 0.000050 0.000049 0.000049 0.999753 0.000050
109 109 (0) 6 : 0.000048 0.000049 0.000049 0.000048 0.999758 0.000049
110 110 (0) 2 : 0.000037 0.000038 0.900743 0.000037 0.099107 0.000038
111 111 (0) 2 : 0.000048 0.000048 0.999760 0.000048 0.000048 0.000048
112 112 (0) 2 : 0.000049 0.000049 0.999756 0.000049 0.000049 0.000049
113 113 (0) 2 : 0.000045 0.000045 0.999776 0.000045 0.000045 0.000045
114 114 (0) 2 : 0.000046 0.000047 0.999767 0.000046 0.000047 0.000047
115 115 (0) 3 : 0.000033 0.000033 0.000033 0.000033 0.999834 0.000033
1 1 (0) 1 : 0.999757 0.000049 0.000048 0.000048 0.000048 0.000049
2 2 (0) 1 : 0.999769 0.000046 0.000046 0.000046 0.000046 0.000046
3 3 (0) 1 : 0.999754 0.000049 0.000049 0.000049 0.000049 0.000049
4 4 (0) 1 : 0.999753 0.000050 0.000049 0.000049 0.000049 0.000050
5 5 (0) 1 : 0.999742 0.000052 0.000052 0.000052 0.000052 0.000052
6 6 (0) 1 : 0.999751 0.000050 0.000050 0.000050 0.000050 0.000050
7 7 (0) 1 : 0.999733 0.000053 0.000053 0.000053 0.000053 0.000053
8 8 (0) 1 : 0.999813 0.000038 0.000037 0.000037 0.000037 0.000038
9 9 (0) 1 : 0.999824 0.000035 0.000035 0.000035 0.000035 0.000035
10 10 (0) 1 : 0.999794 0.000041 0.000041 0.000041 0.000041 0.000041
11 11 (0) 1 : 0.999760 0.000048 0.000048 0.000048 0.000048 0.000048
12 12 (0) 1 : 0.999802 0.000040 0.000039 0.000039 0.000039 0.000040
13 13 (0) 1 : 0.999764 0.000047 0.000047 0.000047 0.000047 0.000047
14 14 (0) 1 : 0.999762 0.000048 0.000048 0.000048 0.000048 0.000048
15 15 (0) 1 : 0.999761 0.000048 0.000048 0.000048 0.000048 0.000048
16 16 (0) 1 : 0.999748 0.000051 0.000050 0.000050 0.000050 0.000051
17 17 (0) 1 : 0.999727 0.000055 0.000055 0.000055 0.000055 0.000055
18 18 (0) 2 : 0.000037 0.999814 0.000037 0.000037 0.000037 0.000037
19 19 (0) 2 : 0.000048 0.999760 0.000048 0.000048 0.000048 0.000048
20 20 (0) 3 : 0.954102 0.045747 0.000038 0.000038 0.000038 0.000038
21 21 (0) 3 : 0.957577 0.042265 0.000039 0.000039 0.000039 0.000040
22 22 (0) 2 : 0.000049 0.999756 0.000049 0.000049 0.000049 0.000049
23 23 (0) 2 : 0.000038 0.999812 0.000038 0.000038 0.000038 0.000038
24 24 (0) 2 : 0.000037 0.999818 0.000036 0.000036 0.000036 0.000037
25 25 (0) 4 : 0.103515 0.000044 0.000043 0.000043 0.000043 0.896311
26 26 (0) 4 : 0.000038 0.000038 0.000038 0.000038 0.000038 0.999810
27 27 (0) 4 : 0.000056 0.000056 0.000056 0.000056 0.000056 0.999720
28 28 (0) 4 : 0.000049 0.000049 0.000049 0.000049 0.000049 0.999754
29 29 (0) 4 : 0.000058 0.000058 0.000058 0.000058 0.000058 0.999710
30 30 (0) 4 : 0.112634 0.000065 0.000064 0.000064 0.000064 0.887108
31 31 (0) 4 : 0.000053 0.000053 0.000053 0.000053 0.000053 0.999737
32 32 (0) 4 : 0.000056 0.000055 0.000055 0.000055 0.000055 0.999723
33 33 (0) 4 : 0.000047 0.000047 0.000047 0.000047 0.000047 0.999764
34 34 (0) 4 : 0.000036 0.000036 0.000036 0.000036 0.000036 0.999818
35 35 (0) 4 : 0.094859 0.000035 0.000035 0.000035 0.000035 0.905001
36 36 (0) 4 : 0.000035 0.000035 0.000035 0.000035 0.000035 0.999825
37 37 (0) 4 : 0.000036 0.000036 0.000036 0.000036 0.000036 0.999822
38 38 (0) 4 : 0.000045 0.000045 0.000045 0.000045 0.000045 0.999775
39 39 (0) 4 : 0.000038 0.000037 0.000037 0.000037 0.000037 0.999813
40 40 (0) 4 : 0.000035 0.000035 0.000035 0.000035 0.000035 0.999826
41 41 (0) 4 : 0.000050 0.000050 0.000050 0.000050 0.000050 0.999751
42 42 (0) 4 : 0.000048 0.000048 0.000048 0.000048 0.000048 0.999759
43 43 (0) 4 : 0.000050 0.000050 0.000050 0.000050 0.000050 0.999749
44 44 (0) 4 : 0.000049 0.000049 0.000048 0.000048 0.000048 0.999758
45 45 (0) 4 : 0.000049 0.000049 0.000049 0.000049 0.000049 0.999755
46 46 (0) 4 : 0.000049 0.000049 0.000049 0.000049 0.000049 0.999756
47 47 (0) 4 : 0.000051 0.000051 0.000050 0.000050 0.000050 0.999748
48 48 (0) 4 : 0.092041 0.000048 0.000048 0.000048 0.000048 0.907767
49 49 (0) 4 : 0.000047 0.000047 0.000047 0.000047 0.000047 0.999766
50 50 (0) 4 : 0.000048 0.000048 0.000048 0.000048 0.000048 0.999760
51 51 (0) 1 : 0.999841 0.000032 0.000032 0.000032 0.000032 0.000032
52 52 (0) 1 : 0.999832 0.000034 0.000033 0.000033 0.000033 0.000034
53 53 (0) 1 : 0.685239 0.000054 0.000054 0.000054 0.000054 0.314546
54 54 (0) 1 : 0.403471 0.000042 0.000037 0.000037 0.000037 0.596375
55 55 (0) 1 : 0.669713 0.000058 0.000058 0.000058 0.000058 0.330056
56 56 (0) 1 : 0.465304 0.000036 0.000036 0.000036 0.000036 0.534551
57 57 (0) 1 : 0.487766 0.000035 0.000034 0.000034 0.000034 0.512096
58 58 (0) 1 : 0.586799 0.000047 0.000046 0.000046 0.000046 0.413015
59 59 (0) 1 : 0.985003 0.000045 0.000045 0.000045 0.000045 0.014816
60 60 (0) 1 : 0.999767 0.000047 0.000047 0.000047 0.000047 0.000047
61 61 (0) 1 : 0.999837 0.000033 0.000033 0.000033 0.000033 0.000033
62 62 (0) 1 : 0.843426 0.000042 0.000041 0.000041 0.000041 0.156408
63 63 (0) 1 : 0.878599 0.000044 0.000043 0.000043 0.000043 0.121227
64 64 (0) 1 : 0.999758 0.000049 0.000048 0.000048 0.000048 0.000049
65 65 (0) 1 : 0.999763 0.000048 0.000047 0.000047 0.000047 0.000048
66 66 (0) 1 : 0.999736 0.000053 0.000053 0.000053 0.000053 0.000053
67 67 (0) 1 : 0.999767 0.000047 0.000046 0.000046 0.000046 0.000047
68 68 (0) 1 : 0.999731 0.000054 0.000054 0.000054 0.000054 0.000054
69 69 (0) 1 : 0.999713 0.000058 0.000057 0.000057 0.000057 0.000058
70 70 (0) 1 : 0.999780 0.000044 0.000044 0.000044 0.000044 0.000044
71 71 (0) 1 : 0.999743 0.000052 0.000051 0.000051 0.000051 0.000052
72 72 (0) 1 : 0.999749 0.000050 0.000050 0.000050 0.000050 0.000050
73 73 (0) 1 : 0.999765 0.000047 0.000047 0.000047 0.000047 0.000047
74 74 (0) 1 : 0.999834 0.000033 0.000033 0.000033 0.000033 0.000033
75 75 (0) 1 : 0.999837 0.000033 0.000033 0.000033 0.000033 0.000033
76 76 (0) 1 : 0.999678 0.000065 0.000064 0.000064 0.000064 0.000065
77 77 (0) 1 : 0.999747 0.000051 0.000050 0.000050 0.000050 0.000051
78 78 (0) 1 : 0.999751 0.000050 0.000050 0.000050 0.000050 0.000050
79 79 (0) 1 : 0.704536 0.000041 0.000041 0.000041 0.000041 0.295299
80 80 (0) 1 : 0.999837 0.000033 0.000033 0.000033 0.000033 0.000033
81 81 (0) 1 : 0.999837 0.000033 0.000033 0.000033 0.000033 0.000033
82 82 (0) 1 : 0.999817 0.000037 0.000036 0.000036 0.000036 0.000037
83 83 (0) 1 : 0.999763 0.000048 0.000047 0.000047 0.000047 0.000047
84 84 (0) 1 : 0.958029 0.000065 0.000065 0.000065 0.000065 0.041713
85 85 (0) 1 : 0.999834 0.000033 0.000033 0.000033 0.000033 0.000033
86 86 (0) 1 : 0.999837 0.000033 0.000033 0.000033 0.000033 0.000033
87 87 (0) 5 : 0.340575 0.000051 0.000050 0.000050 0.000050 0.659223
88 88 (0) 5 : 0.310511 0.000044 0.000043 0.000043 0.000043 0.689315
89 89 (0) 5 : 0.453690 0.000034 0.000034 0.000034 0.000034 0.546173
90 90 (0) 5 : 0.141784 0.000051 0.000050 0.000050 0.000050 0.858015
91 91 (0) 5 : 0.013479 0.000048 0.000048 0.000048 0.000048 0.986330
92 92 (0) 5 : 0.314384 0.000039 0.000039 0.000039 0.000039 0.685462
93 93 (0) 5 : 0.200089 0.000054 0.000054 0.000054 0.000054 0.799696
94 94 (0) 5 : 0.218131 0.000040 0.000040 0.000040 0.000040 0.781709
95 95 (0) 5 : 0.043364 0.000051 0.000052 0.000052 0.000052 0.956430
96 96 (0) 5 : 0.186399 0.000046 0.000046 0.000046 0.000046 0.813417
97 97 (0) 6 : 0.999771 0.000046 0.000046 0.000046 0.000046 0.000046
98 98 (0) 6 : 0.999779 0.000044 0.000044 0.000044 0.000044 0.000044
99 99 (0) 6 : 0.999778 0.000044 0.000044 0.000044 0.000044 0.000044
100 100 (0) 6 : 0.999821 0.000036 0.000036 0.000036 0.000036 0.000036
101 101 (0) 6 : 0.999821 0.000036 0.000036 0.000036 0.000036 0.000036
102 102 (0) 6 : 0.999831 0.000034 0.000034 0.000034 0.000034 0.000034
103 103 (0) 6 : 0.999775 0.000045 0.000045 0.000045 0.000045 0.000045
104 104 (0) 6 : 0.999762 0.000048 0.000048 0.000048 0.000048 0.000048
105 105 (0) 6 : 0.999766 0.000047 0.000047 0.000047 0.000047 0.000047
106 106 (0) 6 : 0.999737 0.000053 0.000053 0.000053 0.000053 0.000053
107 107 (0) 6 : 0.999765 0.000047 0.000047 0.000047 0.000047 0.000047
108 108 (0) 6 : 0.999753 0.000050 0.000049 0.000049 0.000049 0.000050
109 109 (0) 6 : 0.999758 0.000049 0.000048 0.000048 0.000048 0.000049
110 110 (0) 2 : 0.155616 0.844234 0.000037 0.000037 0.000037 0.000038
111 111 (0) 2 : 0.000048 0.999760 0.000048 0.000048 0.000048 0.000048
112 112 (0) 2 : 0.000049 0.999756 0.000049 0.000049 0.000049 0.000049
113 113 (0) 2 : 0.000045 0.999777 0.000045 0.000045 0.000045 0.000045
114 114 (0) 2 : 0.000047 0.999768 0.000046 0.000046 0.000046 0.000047
115 115 (0) 3 : 0.931065 0.068803 0.000033 0.000033 0.000033 0.000033
1 1 (0) 1 : 0.999757 0.000048 0.000049 0.000049 0.000048 0.000049
2 2 (0) 1 : 0.999769 0.000046 0.000046 0.000046 0.000046 0.000046
3 3 (0) 1 : 0.999754 0.000049 0.000049 0.000049 0.000049 0.000049
4 4 (0) 1 : 0.999753 0.000049 0.000050 0.000050 0.000049 0.000050
5 5 (0) 1 : 0.999741 0.000052 0.000052 0.000052 0.000052 0.000052
6 6 (0) 1 : 0.999751 0.000050 0.000050 0.000050 0.000050 0.000050
7 7 (0) 1 : 0.999733 0.000053 0.000053 0.000053 0.000053 0.000053
8 8 (0) 1 : 0.999812 0.000037 0.000038 0.000038 0.000037 0.000038
9 9 (0) 1 : 0.999824 0.000035 0.000035 0.000035 0.000035 0.000035
10 10 (0) 1 : 0.999794 0.000041 0.000041 0.000041 0.000041 0.000041
11 11 (0) 1 : 0.999759 0.000048 0.000048 0.000048 0.000048 0.000048
12 12 (0) 1 : 0.999802 0.000039 0.000040 0.000040 0.000039 0.000040
13 13 (0) 1 : 0.999764 0.000047 0.000047 0.000047 0.000047 0.000047
14 14 (0) 1 : 0.999762 0.000047 0.000048 0.000048 0.000047 0.000048
15 15 (0) 1 : 0.999761 0.000048 0.000048 0.000048 0.000048 0.000048
16 16 (0) 1 : 0.999748 0.000050 0.000051 0.000051 0.000050 0.000051
17 17 (0) 1 : 0.999727 0.000055 0.000055 0.000055 0.000055 0.000055
18 18 (0) 2 : 0.000037 0.000037 0.999814 0.000037 0.000037 0.000037
19 19 (0) 2 : 0.000048 0.000048 0.999760 0.000048 0.000048 0.000048
20 20 (0) 3 : 0.999811 0.000038 0.000038 0.000038 0.000038 0.000038
21 21 (0) 3 : 0.999803 0.000039 0.000040 0.000039 0.000039 0.000040
22 22 (0) 2 : 0.000049 0.000049 0.999756 0.000049 0.000049 0.000049
23 23 (0) 2 : 0.000038 0.000038 0.999811 0.000038 0.000038 0.000038
24 24 (0) 2 : 0.000037 0.000036 0.999818 0.000036 0.000036 0.000037
25 25 (0) 4 : 0.000044 0.000043 0.000044 0.000044 0.000043 0.999782
26 26 (0) 4 : 0.000038 0.000038 0.000038 0.000038 0.000038 0.999810
27 27 (0) 4 : 0.000056 0.000056 0.000056 0.000056 0.000056 0.999720
28 28 (0) 4 : 0.000049 0.000049 0.000049 0.000049 0.000049 0.999754
29 29 (0) 4 : 0.000058 0.000058 0.000058 0.000058 0.000058 0.999710
30 30 (0) 4 : 0.000065 0.000064 0.000065 0.000065 0.000064 0.999677
31 31 (0) 4 : 0.000053 0.000053 0.000053 0.000053 0.000053 0.999736
32 32 (0) 4 : 0.000056 0.000055 0.000055 0.000055 0.000055 0.999723
33 33 (0) 4 : 0.000047 0.000047 0.000047 0.000047 0.000047 0.999764
34 34 (0) 4 : 0.000036 0.000036 0.000036 0.000036 0.000036 0.999818
35 35 (0) 4 : 0.000035 0.000035 0.000035 0.000035 0.000035 0.999825
36 36 (0) 4 : 0.000035 0.000035 0.000035 0.000035 0.000035 0.999825
37 37 (0) 4 : 0.000036 0.000036 0.000036 0.000036 0.000036 0.999822
38 38 (0) 4 : 0.000045 0.000045 0.000045 0.000045 0.000045 0.999774
39 39 (0) 4 : 0.000037 0.000037 0.000037 0.000037 0.000037 0.999813
40 40 (0) 4 : 0.000035 0.000035 0.000035 0.000035 0.000035 0.999825
41 41 (0) 4 : 0.000050 0.000050 0.000050 0.000050 0.000050 0.999750
42 42 (0) 4 : 0.000048 0.000048 0.000048 0.000048 0.000048 0.999759
43 43 (0) 4 : 0.000050 0.000050 0.000050 0.000050 0.000050 0.999748
44 44 (0) 4 : 0.000049 0.000048 0.000049 0.000049 0.000048 0.999758
45 45 (0) 4 : 0.000049 0.000049 0.000049 0.000049 0.000049 0.999755
46 46 (0) 4 : 0.000049 0.000049 0.000049 0.000049 0.000049 0.999757
47 47 (0) 4 : 0.000051 0.000050 0.000051 0.000051 0.000050 0.999748
48 48 (0) 4 : 0.000048 0.000048 0.000048 0.000048 0.000048 0.999760
49 49 (0) 4 : 0.000047 0.000047 0.000047 0.000047 0.000047 0.999766
50 50 (0) 4 : 0.000048 0.000048 0.000048 0.000048 0.000048 0.999760
51 51 (0) 1 : 0.999841 0.000032 0.000032 0.000032 0.000032 0.000032
52 52 (0) 1 : 0.999832 0.000033 0.000034 0.000034 0.000033 0.000034
53 53 (0) 1 : 0.736610 0.000054 0.000054 0.000054 0.000054 0.263175
54 54 (0) 1 : 0.405558 0.000037 0.000037 0.000037 0.000037 0.594293
55 55 (0) 1 : 0.667347 0.000058 0.000058 0.000058 0.000058 0.332422
56 56 (0) 1 : 0.469021 0.000036 0.000036 0.000036 0.000036 0.530835
57 57 (0) 1 : 0.490026 0.000034 0.000035 0.000035 0.000034 0.509836
58 58 (0) 1 : 0.583217 0.000046 0.000047 0.000047 0.000046 0.416597
59 59 (0) 1 : 0.999774 0.000045 0.000045 0.000045 0.000045 0.000045
60 60 (0) 1 : 0.999767 0.000047 0.000047 0.000047 0.000047 0.000047
61 61 (0) 1 : 0.999836 0.000033 0.000033 0.000033 0.000033 0.000033
62 62 (0) 1 : 0.858377 0.000041 0.000042 0.000042 0.000041 0.141457
63 63 (0) 1 : 0.889470 0.000043 0.000044 0.000044 0.000043 0.110356
64 64 (0) 1 : 0.999758 0.000048 0.000049 0.000049 0.000048 0.000049
65 65 (0) 1 : 0.999762 0.000047 0.000048 0.000048 0.000047 0.000048
66 66 (0) 1 : 0.999736 0.000053 0.000053 0.000053 0.000053 0.000053
67 67 (0) 1 : 0.999767 0.000046 0.000047 0.000047 0.000046 0.000047
68 68 (0) 1 : 0.999730 0.000054 0.000054 0.000054 0.000054 0.000054
69 69 (0) 1 : 0.999712 0.000057 0.000058 0.000058 0.000057 0.000058
70 70 (0) 1 : 0.999780 0.000044 0.000044 0.000044 0.000044 0.000044
71 71 (0) 1 : 0.999743 0.000051 0.000051 0.000052 0.000051 0.000052
72 72 (0) 1 : 0.999749 0.000050 0.000050 0.000050 0.000050 0.000050
73 73 (0) 1 : 0.999765 0.000047 0.000047 0.000047 0.000047 0.000047
74 74 (0) 1 : 0.999834 0.000033 0.000033 0.000033 0.000033 0.000033
75 75 (0) 1 : 0.999836 0.000033 0.000033 0.000033 0.000033 0.000033
76 76 (0) 1 : 0.999678 0.000064 0.000065 0.000065 0.000064 0.000065
77 77 (0) 1 : 0.999747 0.000050 0.000051 0.000051 0.000050 0.000051
78 78 (0) 1 : 0.999751 0.000050 0.000050 0.000050 0.000050 0.000050
79 79 (0) 1 : 0.721559 0.000041 0.000041 0.000041 0.000041 0.278275
80 80 (0) 1 : 0.999837 0.000033 0.000033 0.000033 0.000033 0.000033
81 81 (0) 1 : 0.999837 0.000033 0.000033 0.000033 0.000033 0.000033
82 82 (0) 1 : 0.999817 0.000036 0.000037 0.000037 0.000036 0.000037
83 83 (0) 1 : 0.884358 0.000047 0.000047 0.115452 0.000047 0.000048
84 84 (0) 1 : 0.975940 0.000065 0.000065 0.000065 0.000065 0.023801
85 85 (0) 1 : 0.999834 0.000033 0.000033 0.000033 0.000033 0.000033
86 86 (0) 1 : 0.999837 0.000033 0.000033 0.000033 0.000033 0.000033
87 87 (0) 5 : 0.288322 0.000050 0.000051 0.000051 0.000050 0.711476
88 88 (0) 5 : 0.244334 0.000043 0.000044 0.000044 0.000043 0.755492
89 89 (0) 5 : 0.417102 0.000034 0.000034 0.000034 0.000034 0.582761
90 90 (0) 5 : 0.093642 0.000050 0.000050 0.000050 0.000050 0.906156
91 91 (0) 5 : 0.000048 0.000048 0.000048 0.000048 0.000048 0.999761
92 92 (0) 5 : 0.260363 0.000039 0.000039 0.000039 0.000039 0.739482
93 93 (0) 5 : 0.000054 0.000054 0.000054 0.000054 0.000054 0.999731
94 94 (0) 5 : 0.000040 0.000040 0.000040 0.000040 0.000040 0.999799
95 95 (0) 5 : 0.000052 0.000052 0.000052 0.000052 0.000052 0.999741
96 96 (0) 5 : 0.116815 0.000046 0.000046 0.000046 0.000046 0.883000
97 97 (0) 6 : 0.000046 0.000046 0.000046 0.999771 0.000046 0.000046
98 98 (0) 6 : 0.000044 0.000044 0.000044 0.999779 0.000044 0.000044
99 99 (0) 6 : 0.000045 0.000044 0.000044 0.999778 0.000044 0.000044
100 100 (0) 6 : 0.999820 0.000036 0.000036 0.000036 0.000036 0.000036
101 101 (0) 6 : 0.999821 0.000036 0.000036 0.000036 0.000036 0.000036
102 102 (0) 6 : 0.999831 0.000034 0.000034 0.000034 0.000034 0.000034
103 103 (0) 6 : 0.000045 0.000045 0.000045 0.999775 0.000045 0.000045
104 104 (0) 6 : 0.000048 0.000047 0.000048 0.999762 0.000047 0.000048
105 105 (0) 6 : 0.000047 0.000047 0.000047 0.999766 0.000047 0.000047
106 106 (0) 6 : 0.000053 0.000052 0.000053 0.999736 0.000052 0.000053
107 107 (0) 6 : 0.000047 0.000047 0.000047 0.999765 0.000047 0.000047
108 108 (0) 6 : 0.000050 0.000049 0.000050 0.999753 0.000049 0.000050
109 109 (0) 6 : 0.000049 0.000048 0.000049 0.999758 0.000048 0.000049
110 110 (0) 2 : 0.154630 0.000037 0.845221 0.000037 0.000037 0.000038
111 111 (0) 2 : 0.000048 0.000048 0.999760 0.000048 0.000048 0.000048
112 112 (0) 2 : 0.000049 0.000049 0.999756 0.000049 0.000049 0.000049
113 113 (0) 2 : 0.000045 0.000045 0.999776 0.000045 0.000045 0.000045
114 114 (0) 2 : 0.000047 0.000046 0.999768 0.000047 0.000046 0.000047
115 115 (0) 3 : 0.999834 0.000033 0.000033 0.000033 0.000033 0.000033
1 1 (0) 1 : 0.999757 0.000049 0.000048 0.000048 0.000049 0.000049
2 2 (0) 1 : 0.999769 0.000046 0.000046 0.000046 0.000046 0.000046
3 3 (0) 1 : 0.999754 0.000049 0.000049 0.000049 0.000049 0.000049
4 4 (0) 1 : 0.999753 0.000050 0.000049 0.000049 0.000050 0.000050
5 5 (0) 1 : 0.999741 0.000052 0.000052 0.000052 0.000052 0.000052
6 6 (0) 1 : 0.999751 0.000050 0.000050 0.000050 0.000050 0.000050
7 7 (0) 1 : 0.999733 0.000053 0.000053 0.000053 0.000053 0.000053
8 8 (0) 1 : 0.999812 0.000038 0.000037 0.000037 0.000038 0.000038
9 9 (0) 1 : 0.999824 0.000035 0.000035 0.000035 0.000035 0.000035
10 10 (0) 1 : 0.999794 0.000041 0.000041 0.000041 0.000041 0.000041
11 11 (0) 1 : 0.999759 0.000048 0.000048 0.000048 0.000048 0.000048
12 12 (0) 1 : 0.999802 0.000040 0.000039 0.000039 0.000040 0.000040
13 13 (0) 1 : 0.999764 0.000047 0.000047 0.000047 0.000047 0.000047
14 14 (0) 1 : 0.999762 0.000048 0.000047 0.000047 0.000048 0.000048
15 15 (0) 1 : 0.999761 0.000048 0.000048 0.000048 0.000048 0.000048
16 16 (0) 1 : 0.999748 0.000051 0.000050 0.000050 0.000051 0.000051
17 17 (0) 1 : 0.999697 0.000084 0.000055 0.000055 0.000055 0.000055
18 18 (0) 2 : 0.000037 0.000037 0.000037 0.000037 0.999814 0.000037
19 19 (0) 2 : 0.000048 0.000048 0.000048 0.000048 0.999760 0.000048
20 20 (0) 3 : 0.999811 0.000038 0.000038 0.000038 0.000038 0.000038
21 21 (0) 3 : 0.999803 0.000039 0.000039 0.000039 0.000040 0.000040
22 22 (0) 2 : 0.000049 0.000049 0.000049 0.000049 0.999756 0.000049
23 23 (0) 2 : 0.000038 0.000038 0.000038 0.000038 0.999811 0.000038
24 24 (0) 2 : 0.000037 0.000036 0.000036 0.000036 0.999818 0.000037
25 25 (0) 4 : 0.000044 0.000044 0.000043 0.000043 0.000044 0.999782
26 26 (0) 4 : 0.000038 0.000038 0.000038 0.000038 0.000038 0.999810
27 27 (0) 4 : 0.000056 0.000056 0.000056 0.000056 0.000056 0.999720
28 28 (0) 4 : 0.000049 0.000049 0.000049 0.000049 0.000049 0.999754
29 29 (0) 4 : 0.000058 0.000058 0.000058 0.000058 0.000058 0.999710
30 30 (0) 4 : 0.000065 0.000065 0.000064 0.000064 0.000065 0.999677
31 31 (0) 4 : 0.000053 0.000053 0.000053 0.000053 0.000053 0.999736
32 32 (0) 4 : 0.000056 0.000055 0.000055 0.000055 0.000055 0.999723
33 33 (0) 4 : 0.000047 0.000047 0.000047 0.000047 0.000047 0.999764
34 34 (0) 4 : 0.000036 0.000036 0.000036 0.000036 0.000036 0.999818
35 35 (0) 4 : 0.000035 0.000035 0.000035 0.000035 0.000035 0.999825
36 36 (0) 4 : 0.000035 0.000035 0.000035 0.000035 0.000035 0.999825
37 37 (0) 4 : 0.000036 0.000036 0.000036 0.000036 0.000036 0.999822
38 38 (0) 4 : 0.000045 0.000045 0.000045 0.000045 0.000045 0.999774
39 39 (0) 4 : 0.000037 0.000037 0.000037 0.000037 0.000037 0.999813
40 40 (0) 4 : 0.000035 0.000035 0.000035 0.000035 0.000035 0.999825
41 41 (0) 4 : 0.000050 0.000050 0.000050 0.000050 0.000050 0.999750
42 42 (0) 4 : 0.000048 0.000048 0.000048 0.000048 0.000048 0.999759
43 43 (0) 4 : 0.000050 0.000050 0.000050 0.000050 0.000050 0.999748
44 44 (0) 4 : 0.000049 0.000049 0.000048 0.000048 0.000049 0.999758
45 45 (0) 4 : 0.000049 0.000049 0.000049 0.000049 0.000049 0.999755
46 46 (0) 4 : 0.000049 0.000049 0.000049 0.000049 0.000049 0.999757
47 47 (0) 4 : 0.000051 0.000051 0.000050 0.000050 0.000051 0.999748
48 48 (0) 4 : 0.000048 0.000048 0.000048 0.000048 0.000048 0.999760
49 49 (0) 4 : 0.000047 0.000047 0.000047 0.000047 0.000047 0.999766
50 50 (0) 4 : 0.000048 0.000048 0.000048 0.000048 0.000048 0.999760
51 51 (0) 1 : 0.999841 0.000032 0.000032 0.000032 0.000032 0.000032
52 52 (0) 1 : 0.999832 0.000034 0.000033 0.000033 0.000034 0.000034
53 53 (0) 1 : 0.791771 0.000054 0.000054 0.000054 0.000054 0.208014
54 54 (0) 1 : 0.469990 0.000037 0.000037 0.000037 0.000037 0.529861
55 55 (0) 1 : 0.738961 0.000058 0.000058 0.000058 0.000058 0.260808
56 56 (0) 1 : 0.548453 0.000036 0.000036 0.000036 0.000036 0.451402
57 57 (0) 1 : 0.567977 0.000035 0.000034 0.000034 0.000035 0.431885
58 58 (0) 1 : 0.999767 0.000047 0.000046 0.000046 0.000047 0.000047
59 59 (0) 1 : 0.999774 0.000045 0.000045 0.000045 0.000045 0.000045
60 60 (0) 1 : 0.999767 0.000047 0.000047 0.000047 0.000047 0.000047
61 61 (0) 1 : 0.999836 0.000033 0.000033 0.000033 0.000033 0.000033
62 62 (0) 1 : 0.999793 0.000042 0.000041 0.000041 0.000042 0.000042
63 63 (0) 1 : 0.999782 0.000044 0.000043 0.000043 0.000044 0.000044
64 64 (0) 1 : 0.999758 0.000049 0.000048 0.000048 0.000049 0.000049
65 65 (0) 1 : 0.999762 0.000048 0.000047 0.000047 0.000048 0.000048
66 66 (0) 1 : 0.999736 0.000053 0.000053 0.000053 0.000053 0.000053
67 67 (0) 1 : 0.999767 0.000047 0.000046 0.000046 0.000047 0.000047
68 68 (0) 1 : 0.999730 0.000054 0.000054 0.000054 0.000054 0.000054
69 69 (0) 1 : 0.999712 0.000058 0.000057 0.000057 0.000058 0.000058
70 70 (0) 1 : 0.999780 0.000044 0.000044 0.000044 0.000044 0.000044
71 71 (0) 1 : 0.999743 0.000052 0.000051 0.000051 0.000051 0.000052
72 72 (0) 1 : 0.999749 0.000050 0.000050 0.000050 0.000050 0.000050
73 73 (0) 1 : 0.999765 0.000047 0.000047 0.000047 0.000047 0.000047
74 74 (0) 1 : 0.999834 0.000033 0.000033 0.000033 0.000033 0.000033
75 75 (0) 1 : 0.999836 0.000033 0.000033 0.000033 0.000033 0.000033
76 76 (0) 1 : 0.999678 0.000065 0.000064 0.000064 0.000065 0.000065
77 77 (0) 1 : 0.999747 0.000051 0.000050 0.000050 0.000051 0.000051
78 78 (0) 1 : 0.999751 0.000050 0.000050 0.000050 0.000050 0.000050
79 79 (0) 1 : 0.999793 0.000041 0.000041 0.000041 0.000041 0.000042
80 80 (0) 1 : 0.999837 0.000033 0.000033 0.000033 0.000033 0.000033
81 81 (0) 1 : 0.999837 0.000033 0.000033 0.000033 0.000033 0.000033
82 82 (0) 1 : 0.999817 0.000037 0.000036 0.000036 0.000037 0.000037
83 83 (0) 1 : 0.883451 0.116360 0.000047 0.000047 0.000047 0.000047
84 84 (0) 1 : 0.999676 0.000065 0.000065 0.000065 0.000065 0.000065
85 85 (0) 1 : 0.999834 0.000033 0.000033 0.000033 0.000033 0.000033
86 86 (0) 1 : 0.999837 0.000033 0.000033 0.000033 0.000033 0.000033
87 87 (0) 5 : 0.318676 0.000051 0.000050 0.000050 0.000051 0.681122
88 88 (0) 5 : 0.260092 0.000044 0.000043 0.000043 0.000044 0.739734
89 89 (0) 5 : 0.438651 0.000034 0.000034 0.000034 0.000034 0.561212
90 90 (0) 5 : 0.122444 0.000050 0.000050 0.000050 0.000050 0.877355
91 91 (0) 5 : 0.000048 0.000048 0.000048 0.000048 0.000048 0.999761
92 92 (0) 5 : 0.288213 0.000039 0.000039 0.000039 0.000039 0.711633
93 93 (0) 5 : 0.000054 0.000054 0.000054 0.000054 0.000054 0.999731
94 94 (0) 5 : 0.150128 0.000040 0.000040 0.000040 0.000040 0.849711
95 95 (0) 5 : 0.000052 0.000052 0.000052 0.000052 0.000052 0.999741
96 96 (0) 5 : 0.144490 0.000046 0.000046 0.000046 0.000046 0.855325
97 97 (0) 6 : 0.000046 0.999771 0.000046 0.000046 0.000046 0.000046
98 98 (0) 6 : 0.000044 0.999779 0.000044 0.000044 0.000044 0.000044
99 99 (0) 6 : 0.000045 0.999778 0.000044 0.000044 0.000044 0.000044
100 100 (0) 6 : 0.978597 0.021260 0.000036 0.000036 0.000036 0.000036
101 101 (0) 6 : 0.999821 0.000036 0.000036 0.000036 0.000036 0.000036
102 102 (0) 6 : 0.992622 0.007243 0.000034 0.000034 0.000034 0.000034
103 103 (0) 6 : 0.000045 0.999775 0.000045 0.000045 0.000045 0.000045
104 104 (0) 6 : 0.000048 0.999762 0.000047 0.000047 0.000048 0.000048
105 105 (0) 6 : 0.000047 0.999766 0.000047 0.000047 0.000047 0.000047
106 106 (0) 6 : 0.000053 0.999737 0.000052 0.000052 0.000053 0.000053
107 107 (0) 6 : 0.000047 0.999765 0.000047 0.000047 0.000047 0.000047
108 108 (0) 6 : 0.000050 0.999753 0.000049 0.000049 0.000050 0.000050
109 109 (0) 6 : 0.000049 0.999758 0.000048 0.000048 0.000049 0.000049
110 110 (0) 2 : 0.162054 0.000037 0.000037 0.000037 0.837796 0.000038
111 111 (0) 2 : 0.000048 0.000048 0.000048 0.000048 0.999760 0.000048
112 112 (0) 2 : 0.000049 0.000049 0.000049 0.000049 0.999756 0.000049
113 113 (0) 2 : 0.000045 0.000045 0.000045 0.000045 0.999776 0.000045
114 114 (0) 2 : 0.000047 0.000047 0.000046 0.000046 0.999768 0.000047
115 115 (0) 3 : 0.976168 0.000033 0.000033 0.000033 0.023699 0.000033
