1 1 (0) 1 : 0.000059 0.000058 0.999762 0.000062 0.000059
2 2 (0) 1 : 0.000056 0.000056 0.999774 0.000057 0.000057
3 3 (0) 1 : 0.030618 0.000059 0.969203 0.000060 0.000060
4 4 (0) 1 : 0.000060 0.000060 0.999759 0.000061 0.000061
5 5 (0) 1 : 0.000063 0.000062 0.999748 0.000063 0.000063
6 6 (0) 1 : 0.000061 0.000060 0.999757 0.000062 0.000061
7 7 (0) 1 : 0.000065 0.000064 0.999740 0.000065 0.000065
8 8 (0) 1 : 0.000046 0.000045 0.999817 0.000046 0.000046
9 9 (0) 1 : 0.000045 0.000043 0.999826 0.000043 0.000043
10 10 (0) 1 : 0.000053 0.000050 0.999797 0.000050 0.000050
11 11 (0) 1 : 0.000058 0.000058 0.999765 0.000059 0.000059
12 12 (0) 1 : 0.000048 0.000048 0.999808 0.000048 0.000048
13 13 (0) 1 : 0.000059 0.000057 0.999769 0.000058 0.000058
14 14 (0) 1 : 0.000057 0.000058 0.999768 0.000058 0.000058
15 15 (0) 1 : 0.000058 0.000058 0.999768 0.000058 0.000058
16 16 (0) 1 : 0.000060 0.000061 0.999756 0.000062 0.000062
17 17 (0) 1 : 0.000067 0.000066 0.999733 0.000067 0.000067
18 18 (0) 2 : 0.000045 0.000045 0.000045 0.000045 0.999819
19 19 (0) 2 : 0.000061 0.000058 0.000059 0.000058 0.999764
20 20 (0) 3 : 0.000046 0.000046 0.999816 0.000046 0.000046
21 21 (0) 3 : 0.000048 0.000048 0.999808 0.000048 0.000048
22 22 (0) 2 : 0.000061 0.000059 0.000059 0.000059 0.999761
23 23 (0) 2 : 0.000046 0.000045 0.000046 0.000046 0.999817
24 24 (0) 2 : 0.000045 0.000044 0.000044 0.000044 0.999823
25 25 (0) 4 : 0.000053 0.000053 0.099876 0.899965 0.000053
26 26 (0) 4 : 0.000047 0.000046 0.000047 0.999814 0.000047
27 27 (0) 4 : 0.000070 0.000068 0.000069 0.999725 0.000069
28 28 (0) 4 : 0.000060 0.000059 0.000060 0.999760 0.000060
29 29 (0) 4 : 0.000071 0.000070 0.000071 0.999717 0.000071
30 30 (0) 4 : 0.000078 0.000079 0.114917 0.884847 0.000079
31 31 (0) 4 : 0.000065 0.000064 0.000065 0.999743 0.000064
32 32 (0) 4 : 0.000069 0.000067 0.000067 0.999730 0.000067
33 33 (0) 4 : 0.000058 0.000057 0.000058 0.999770 0.000058
34 34 (0) 4 : 0.000044 0.000044 0.000044 0.999823 0.000044
35 35 (0) 4 : 0.000043 0.000042 0.103069 0.896804 0.000043
36 36 (0) 4 : 0.000043 0.000042 0.000043 0.999829 0.000043
37 37 (0) 4 : 0.000044 0.000043 0.000044 0.999826 0.000044
38 38 (0) 4 : 0.000056 0.000054 0.000055 0.999780 0.000055
39 39 (0) 4 : 0.000046 0.000045 0.000046 0.999818 0.000046
40 40 (0) 4 : 0.000043 0.000042 0.000043 0.999830 0.000043
41 41 (0) 4 : 0.000061 0.000060 0.000061 0.999757 0.000061
42 42 (0) 4 : 0.000059 0.000058 0.000059 0.999765 0.000059
43 43 (0) 4 : 0.000062 0.000061 0.000062 0.999754 0.000062
44 44 (0) 4 : 0.000061 0.000059 0.000059 0.999762 0.000059
45 45 (0) 4 : 0.000060 0.000059 0.000060 0.999760 0.000060
46 46 (0) 4 : 0.000060 0.000059 0.000059 0.999763 0.000059
47 47 (0) 4 : 0.000062 0.000061 0.000062 0.999754 0.000062
48 48 (0) 4 : 0.000059 0.000058 0.160411 0.839414 0.000059
49 49 (0) 4 : 0.000057 0.000056 0.000057 0.999772 0.000057
50 50 (0) 4 : 0.000059 0.000058 0.000059 0.999766 0.000059
51 51 (0) 1 : 0.000040 0.000038 0.999843 0.000039 0.000039
52 52 (0) 1 : 0.000041 0.000041 0.999836 0.000041 0.000041
53 53 (0) 1 : 0.000066 0.000065 0.864045 0.066223 0.069601
54 54 (0) 1 : 0.000046 0.000045 0.439456 0.560408 0.000045
55 55 (0) 1 : 0.000070 0.000070 0.684699 0.315090 0.000071
56 56 (0) 1 : 0.000044 0.000044 0.430829 0.569038 0.000044
57 57 (0) 1 : 0.000042 0.000042 0.478709 0.521165 0.000042
58 58 (0) 1 : 0.000057 0.000056 0.565437 0.434393 0.000057
59 59 (0) 1 : 0.000055 0.000055 0.999779 0.000055 0.000055
60 60 (0) 1 : 0.000056 0.000056 0.999773 0.000057 0.000057
61 61 (0) 1 : 0.000041 0.000039 0.999840 0.000040 0.000040
62 62 (0) 1 : 0.000050 0.000050 0.826815 0.173035 0.000051
63 63 (0) 1 : 0.000054 0.000053 0.894103 0.105737 0.000053
64 64 (0) 1 : 0.000060 0.000058 0.999763 0.000059 0.000059
65 65 (0) 1 : 0.000058 0.000057 0.999769 0.000058 0.000058
66 66 (0) 1 : 0.000066 0.000064 0.999742 0.000065 0.000065
67 67 (0) 1 : 0.000057 0.000056 0.999773 0.000057 0.000057
68 68 (0) 1 : 0.000065 0.000065 0.999738 0.000066 0.000066
69 69 (0) 1 : 0.000069 0.000069 0.999721 0.000070 0.000070
70 70 (0) 1 : 0.000056 0.000053 0.999784 0.000054 0.000054
71 71 (0) 1 : 0.000062 0.000062 0.999751 0.000063 0.000063
72 72 (0) 1 : 0.000061 0.000061 0.999756 0.000062 0.000061
73 73 (0) 1 : 0.000057 0.000056 0.999772 0.000057 0.000057
74 74 (0) 1 : 0.000041 0.000040 0.999838 0.000041 0.000040
75 75 (0) 1 : 0.000040 0.000039 0.999841 0.000040 0.000040
76 76 (0) 1 : 0.000082 0.000078 0.999683 0.000079 0.000079
77 77 (0) 1 : 0.000061 0.000061 0.999754 0.000062 0.000062
78 78 (0) 1 : 0.000060 0.000060 0.999759 0.000061 0.000061
79 79 (0) 1 : 0.000051 0.000050 0.675797 0.324051 0.000051
80 80 (0) 1 : 0.000039 0.000039 0.999841 0.000040 0.000040
81 81 (0) 1 : 0.000040 0.000039 0.999841 0.000040 0.000040
82 82 (0) 1 : 0.000046 0.000044 0.999820 0.000045 0.000045
83 83 (0) 1 : 0.164294 0.000057 0.835533 0.000058 0.000058
84 84 (0) 1 : 0.000079 0.000078 0.999684 0.000080 0.000079
85 85 (0) 1 : 0.000042 0.000040 0.999837 0.000041 0.000041
86 86 (0) 1 : 0.000039 0.000039 0.999841 0.000040 0.000040
87 87 (0) 5 : 0.000063 0.000061 0.543372 0.456442 0.000062
88 88 (0) 5 : 0.000054 0.000053 0.361852 0.637988 0.000053
89 89 (0) 5 : 0.000042 0.000041 0.496266 0.503609 0.000042
90 90 (0) 5 : 0.000064 0.000061 0.000062 0.999752 0.000062
91 91 (0) 5 : 0.000061 0.000058 0.073266 0.926556 0.000059
92 92 (0) 5 : 0.000048 0.000047 0.406561 0.593297 0.000047
93 93 (0) 5 : 0.000067 0.000065 0.238116 0.761686 0.000066
94 94 (0) 5 : 0.000049 0.000049 0.205152 0.794701 0.000049
95 95 (0) 5 : 0.000064 0.000063 0.095714 0.904095 0.000063
96 96 (0) 5 : 0.000056 0.000056 0.130399 0.869433 0.000056
97 97 (0) 6 : 0.999777 0.000055 0.000056 0.000056 0.000056
98 98 (0) 6 : 0.999786 0.000053 0.000054 0.000054 0.000054
99 99 (0) 6 : 0.999785 0.000053 0.000054 0.000054 0.000054
100 100 (0) 6 : 0.999826 0.000043 0.000044 0.000044 0.000044
101 101 (0) 6 : 0.999826 0.000043 0.000044 0.000044 0.000044
102 102 (0) 6 : 0.999836 0.000041 0.000041 0.000041 0.000041
103 103 (0) 6 : 0.999781 0.000054 0.000055 0.000055 0.000055
104 104 (0) 6 : 0.999768 0.000057 0.000058 0.000058 0.000058
105 105 (0) 6 : 0.999772 0.000056 0.000057 0.000057 0.000057
106 106 (0) 6 : 0.999744 0.000063 0.000064 0.000064 0.000064
107 107 (0) 6 : 0.999771 0.000057 0.000057 0.000057 0.000057
108 108 (0) 6 : 0.999759 0.000060 0.000061 0.000060 0.000060
109 109 (0) 6 : 0.999764 0.000058 0.000059 0.000059 0.000059
110 110 (0) 2 : 0.000045 0.000045 0.000046 0.000046 0.999819
111 111 (0) 2 : 0.000057 0.000058 0.000059 0.000059 0.999768
112 112 (0) 2 : 0.000059 0.000059 0.000060 0.000060 0.999763
113 113 (0) 2 : 0.000056 0.000054 0.000055 0.000055 0.999781
114 114 (0) 2 : 0.000060 0.000056 0.000057 0.000057 0.999770
115 115 (0) 3 : 0.000041 0.000040 0.999838 0.000041 0.000041
1 1 (0) 1 : 0.000059 0.000058 0.000058 0.999765 0.000059
2 2 (0) 1 : 0.000056 0.000056 0.000056 0.999776 0.000056
3 3 (0) 1 : 0.000061 0.034329 0.000059 0.965491 0.000060
4 4 (0) 1 : 0.000060 0.000059 0.000060 0.999760 0.000060
5 5 (0) 1 : 0.000063 0.000063 0.000062 0.999749 0.000063
6 6 (0) 1 : 0.000061 0.000060 0.000060 0.999759 0.000061
7 7 (0) 1 : 0.000065 0.000065 0.000064 0.999740 0.000065
8 8 (0) 1 : 0.000046 0.000046 0.000045 0.999817 0.000046
9 9 (0) 1 : 0.000043 0.000043 0.000043 0.999828 0.000043
10 10 (0) 1 : 0.000050 0.000050 0.000050 0.999799 0.000050
11 11 (0) 1 : 0.000059 0.000059 0.000058 0.999764 0.000059
12 12 (0) 1 : 0.000048 0.000048 0.000048 0.999808 0.000048
13 13 (0) 1 : 0.000058 0.000058 0.000057 0.999769 0.000058
14 14 (0) 1 : 0.000058 0.000059 0.000058 0.999767 0.000058
15 15 (0) 1 : 0.000058 0.000059 0.000058 0.999767 0.000058
16 16 (0) 1 : 0.000062 0.000062 0.000061 0.999754 0.000062
17 17 (0) 1 : 0.000067 0.000067 0.000066 0.999733 0.000067
18 18 (0) 2 : 0.000045 0.000045 0.000045 0.000045 0.999819
19 19 (0) 2 : 0.000058 0.000058 0.000058 0.000059 0.999767
20 20 (0) 3 : 0.000046 0.000046 0.000046 0.999816 0.000046
21 21 (0) 3 : 0.000048 0.000048 0.000048 0.999808 0.000048
22 22 (0) 2 : 0.000059 0.000059 0.000059 0.000059 0.999763
23 23 (0) 2 : 0.000046 0.000046 0.000045 0.000046 0.999817
24 24 (0) 2 : 0.000044 0.000044 0.000044 0.000044 0.999823
25 25 (0) 4 : 0.999788 0.000053 0.000053 0.000053 0.000053
26 26 (0) 4 : 0.999814 0.000047 0.000046 0.000047 0.000047
27 27 (0) 4 : 0.999726 0.000069 0.000068 0.000069 0.000069
28 28 (0) 4 : 0.999760 0.000060 0.000059 0.000060 0.000060
29 29 (0) 4 : 0.999717 0.000071 0.000070 0.000071 0.000071
30 30 (0) 4 : 0.900449 0.000079 0.000079 0.099314 0.000079
31 31 (0) 4 : 0.999743 0.000064 0.000064 0.000065 0.000064
32 32 (0) 4 : 0.999731 0.000068 0.000067 0.000068 0.000067
33 33 (0) 4 : 0.999770 0.000058 0.000057 0.000058 0.000058
34 34 (0) 4 : 0.999823 0.000044 0.000044 0.000044 0.000044
35 35 (0) 4 : 0.999829 0.000043 0.000042 0.000043 0.000043
36 36 (0) 4 : 0.999829 0.000043 0.000042 0.000043 0.000043
37 37 (0) 4 : 0.999826 0.000044 0.000043 0.000044 0.000044
38 38 (0) 4 : 0.999781 0.000055 0.000054 0.000055 0.000055
39 39 (0) 4 : 0.999818 0.000046 0.000045 0.000046 0.000046
40 40 (0) 4 : 0.999830 0.000043 0.000042 0.000043 0.000043
41 41 (0) 4 : 0.999757 0.000061 0.000060 0.000061 0.000061
42 42 (0) 4 : 0.999765 0.000059 0.000058 0.000059 0.000059
43 43 (0) 4 : 0.999754 0.000062 0.000061 0.000062 0.000062
44 44 (0) 4 : 0.999763 0.000059 0.000059 0.000059 0.000059
45 45 (0) 4 : 0.999761 0.000060 0.000059 0.000060 0.000060
46 46 (0) 4 : 0.999763 0.000059 0.000059 0.000059 0.000059
47 47 (0) 4 : 0.999754 0.000062 0.000061 0.000062 0.000062
48 48 (0) 4 : 0.873434 0.000059 0.000058 0.126390 0.000059
49 49 (0) 4 : 0.999773 0.000057 0.000056 0.000057 0.000057
50 50 (0) 4 : 0.999766 0.000059 0.000058 0.000059 0.000059
51 51 (0) 1 : 0.000039 0.000039 0.000038 0.999845 0.000039
52 52 (0) 1 : 0.000041 0.000040 0.000041 0.999837 0.000041
53 53 (0) 1 : 0.000066 0.000066 0.000065 0.999737 0.000066
54 54 (0) 1 : 0.535666 0.000046 0.000045 0.464198 0.000046
55 55 (0) 1 : 0.308967 0.000071 0.000070 0.690822 0.000071
56 56 (0) 1 : 0.559896 0.000044 0.000044 0.439972 0.000044
57 57 (0) 1 : 0.503478 0.000042 0.000042 0.496396 0.000042
58 58 (0) 1 : 0.415714 0.000060 0.000056 0.584113 0.000057
59 59 (0) 1 : 0.000055 0.000055 0.000055 0.999779 0.000055
60 60 (0) 1 : 0.000057 0.000057 0.000056 0.999772 0.000057
61 61 (0) 1 : 0.000040 0.000040 0.000039 0.999841 0.000040
62 62 (0) 1 : 0.000051 0.000051 0.000050 0.999798 0.000051
63 63 (0) 1 : 0.000053 0.000053 0.000053 0.999788 0.000053
64 64 (0) 1 : 0.000059 0.000059 0.000058 0.999764 0.000059
65 65 (0) 1 : 0.000058 0.000058 0.000057 0.999768 0.000058
66 66 (0) 1 : 0.000065 0.000065 0.000064 0.999742 0.000065
67 67 (0) 1 : 0.000057 0.000057 0.000056 0.999773 0.000057
68 68 (0) 1 : 0.000066 0.000066 0.000065 0.999737 0.000066
69 69 (0) 1 : 0.000070 0.000070 0.000069 0.999719 0.000070
70 70 (0) 1 : 0.000054 0.000054 0.000053 0.999785 0.000054
71 71 (0) 1 : 0.000063 0.000063 0.000062 0.999750 0.000063
72 72 (0) 1 : 0.000061 0.000062 0.000061 0.999755 0.000061
73 73 (0) 1 : 0.000057 0.000057 0.000056 0.999772 0.000057
74 74 (0) 1 : 0.000041 0.000041 0.000040 0.999838 0.000040
75 75 (0) 1 : 0.000040 0.000040 0.000039 0.999841 0.000040
76 76 (0) 1 : 0.000079 0.000079 0.000078 0.999686 0.000079
77 77 (0) 1 : 0.000062 0.000062 0.000061 0.999753 0.000062
78 78 (0) 1 : 0.000061 0.000061 0.000060 0.999758 0.000061
79 79 (0) 1 : 0.301688 0.000051 0.000050 0.698160 0.000051
80 80 (0) 1 : 0.000040 0.000040 0.000039 0.999841 0.000040
81 81 (0) 1 : 0.000040 0.000040 0.000039 0.999841 0.000040
82 82 (0) 1 : 0.000045 0.000045 0.000044 0.999821 0.000045
83 83 (0) 1 : 0.000058 0.165484 0.000057 0.834343 0.000058
84 84 (0) 1 : 0.000079 0.000078 0.000078 0.999686 0.000079
85 85 (0) 1 : 0.000041 0.000041 0.000040 0.999838 0.000041
86 86 (0) 1 : 0.000040 0.000040 0.000039 0.999841 0.000040
87 87 (0) 5 : 0.488064 0.000062 0.000061 0.511751 0.000062
88 88 (0) 5 : 0.679512 0.000054 0.000053 0.320328 0.000054
89 89 (0) 5 : 0.541256 0.000042 0.000041 0.458619 0.000042
90 90 (0) 5 : 0.999755 0.000060 0.000061 0.000062 0.000062
91 91 (0) 5 : 0.999766 0.000059 0.000058 0.000059 0.000059
92 92 (0) 5 : 0.629751 0.000047 0.000047 0.370107 0.000047
93 93 (0) 5 : 0.959748 0.040054 0.000065 0.000067 0.000066
94 94 (0) 5 : 0.855682 0.000049 0.000049 0.144171 0.000049
95 95 (0) 5 : 0.999747 0.000064 0.000063 0.000064 0.000063
96 96 (0) 5 : 0.902769 0.000056 0.000056 0.097063 0.000056
97 97 (0) 6 : 0.000056 0.999777 0.000055 0.000056 0.000056
98 98 (0) 6 : 0.000054 0.999785 0.000053 0.000054 0.000054
99 99 (0) 6 : 0.000054 0.999784 0.000053 0.000054 0.000054
100 100 (0) 6 : 0.000044 0.999826 0.000043 0.000044 0.000044
101 101 (0) 6 : 0.000044 0.999826 0.000043 0.000044 0.000044
102 102 (0) 6 : 0.000041 0.999836 0.000041 0.000041 0.000041
103 103 (0) 6 : 0.000055 0.999781 0.000054 0.000055 0.000055
104 104 (0) 6 : 0.000058 0.999768 0.000057 0.000058 0.000058
105 105 (0) 6 : 0.000057 0.999772 0.000056 0.000057 0.000057
106 106 (0) 6 : 0.000064 0.999744 0.000063 0.000064 0.000064
107 107 (0) 6 : 0.000057 0.999771 0.000057 0.000057 0.000057
108 108 (0) 6 : 0.000061 0.999759 0.000060 0.000061 0.000060
109 109 (0) 6 : 0.000059 0.999764 0.000058 0.000059 0.000059
110 110 (0) 2 : 0.000046 0.000046 0.000045 0.000046 0.999818
111 111 (0) 2 : 0.000059 0.000059 0.000058 0.000059 0.999766
112 112 (0) 2 : 0.000060 0.000060 0.000059 0.000060 0.999762
113 113 (0) 2 : 0.000055 0.000055 0.000054 0.000055 0.999782
114 114 (0) 2 : 0.000057 0.000057 0.000056 0.000057 0.999773
115 115 (0) 3 : 0.000041 0.000041 0.000040 0.999838 0.000041
1 1 (0) 1 : 0.999764 0.000059 0.000059 0.000059 0.000059
2 2 (0) 1 : 0.999774 0.000056 0.000056 0.000056 0.000056
3 3 (0) 1 : 0.999755 0.000064 0.000060 0.000060 0.000060
4 4 (0) 1 : 0.999759 0.000060 0.000060 0.000060 0.000060
5 5 (0) 1 : 0.999747 0.000063 0.000063 0.000063 0.000063
6 6 (0) 1 : 0.999757 0.000061 0.000061 0.000061 0.000061
7 7 (0) 1 : 0.999739 0.000065 0.000065 0.000065 0.000065
8 8 (0) 1 : 0.999814 0.000046 0.000046 0.000046 0.000048
9 9 (0) 1 : 0.999825 0.000043 0.000043 0.000043 0.000046
10 10 (0) 1 : 0.999798 0.000050 0.000050 0.000050 0.000050
11 11 (0) 1 : 0.999764 0.000059 0.000059 0.000059 0.000059
12 12 (0) 1 : 0.999807 0.000048 0.000048 0.000048 0.000048
13 13 (0) 1 : 0.999769 0.000058 0.000058 0.000058 0.000058
14 14 (0) 1 : 0.999766 0.000058 0.000058 0.000058 0.000058
15 15 (0) 1 : 0.999766 0.000058 0.000058 0.000058 0.000059
16 16 (0) 1 : 0.999754 0.000062 0.000061 0.000062 0.000062
17 17 (0) 1 : 0.999732 0.000067 0.000067 0.000067 0.000067
18 18 (0) 2 : 0.000045 0.000045 0.000045 0.999819 0.000045
19 19 (0) 2 : 0.000059 0.000058 0.000057 0.999767 0.000059
20 20 (0) 3 : 0.999815 0.000046 0.000046 0.000046 0.000046
21 21 (0) 3 : 0.999807 0.000048 0.000048 0.000048 0.000048
22 22 (0) 2 : 0.000060 0.000059 0.000059 0.999762 0.000060
23 23 (0) 2 : 0.000046 0.000046 0.000046 0.999816 0.000046
24 24 (0) 2 : 0.000044 0.000044 0.000044 0.999823 0.000044
25 25 (0) 4 : 0.000053 0.999787 0.000053 0.000053 0.000053
26 26 (0) 4 : 0.000047 0.999814 0.000046 0.000047 0.000047
27 27 (0) 4 : 0.000069 0.999726 0.000068 0.000069 0.000069
28 28 (0) 4 : 0.000060 0.999759 0.000060 0.000060 0.000060
29 29 (0) 4 : 0.000071 0.999717 0.000071 0.000071 0.000071
30 30 (0) 4 : 0.000079 0.999683 0.000079 0.000079 0.000079
31 31 (0) 4 : 0.000065 0.999742 0.000064 0.000064 0.000064
32 32 (0) 4 : 0.000068 0.999730 0.000067 0.000067 0.000068
33 33 (0) 4 : 0.000058 0.999769 0.000058 0.000058 0.000058
34 34 (0) 4 : 0.000044 0.999823 0.000044 0.000044 0.000044
35 35 (0) 4 : 0.000043 0.999820 0.000052 0.000043 0.000043
36 36 (0) 4 : 0.000043 0.999828 0.000043 0.000043 0.000043
37 37 (0) 4 : 0.000044 0.000044 0.999825 0.000044 0.000044
38 38 (0) 4 : 0.000055 0.999781 0.000054 0.000055 0.000055
39 39 (0) 4 : 0.000046 0.999817 0.000046 0.000046 0.000046
40 40 (0) 4 : 0.000043 0.000043 0.999829 0.000043 0.000043
41 41 (0) 4 : 0.000061 0.999757 0.000061 0.000061 0.000061
42 42 (0) 4 : 0.000059 0.999764 0.000059 0.000059 0.000059
43 43 (0) 4 : 0.000062 0.999754 0.000062 0.000062 0.000062
44 44 (0) 4 : 0.000059 0.999763 0.000059 0.000059 0.000059
45 45 (0) 4 : 0.000060 0.999760 0.000060 0.000060 0.000060
46 46 (0) 4 : 0.000059 0.999763 0.000059 0.000059 0.000059
47 47 (0) 4 : 0.000062 0.999753 0.000062 0.000062 0.000062
48 48 (0) 4 : 0.083012 0.916813 0.000058 0.000059 0.000059
49 49 (0) 4 : 0.000057 0.999772 0.000057 0.000057 0.000057
50 50 (0) 4 : 0.000059 0.999766 0.000059 0.000059 0.000059
51 51 (0) 1 : 0.999841 0.000039 0.000042 0.000039 0.000039
52 52 (0) 1 : 0.999837 0.000041 0.000040 0.000041 0.000041
53 53 (0) 1 : 0.892283 0.000066 0.107519 0.000066 0.000066
54 54 (0) 1 : 0.697190 0.000046 0.302674 0.000045 0.000045
55 55 (0) 1 : 0.855777 0.000071 0.144011 0.000071 0.000071
56 56 (0) 1 : 0.711174 0.000044 0.288693 0.000044 0.000044
57 57 (0) 1 : 0.757348 0.000042 0.242526 0.000042 0.000042
58 58 (0) 1 : 0.815246 0.000057 0.184583 0.000057 0.000057
59 59 (0) 1 : 0.999778 0.000056 0.000055 0.000055 0.000055
60 60 (0) 1 : 0.999771 0.000057 0.000057 0.000057 0.000058
61 61 (0) 1 : 0.999841 0.000040 0.000040 0.000040 0.000039
62 62 (0) 1 : 0.999799 0.000049 0.000051 0.000051 0.000051
63 63 (0) 1 : 0.999759 0.000082 0.000053 0.000053 0.000053
64 64 (0) 1 : 0.999763 0.000059 0.000059 0.000059 0.000059
65 65 (0) 1 : 0.999767 0.000058 0.000058 0.000058 0.000059
66 66 (0) 1 : 0.999742 0.000065 0.000064 0.000065 0.000065
67 67 (0) 1 : 0.999772 0.000057 0.000057 0.000057 0.000057
68 68 (0) 1 : 0.999737 0.000066 0.000066 0.000066 0.000066
69 69 (0) 1 : 0.999719 0.000070 0.000070 0.000070 0.000070
70 70 (0) 1 : 0.999785 0.000054 0.000054 0.000054 0.000054
71 71 (0) 1 : 0.999749 0.000063 0.000063 0.000063 0.000063
72 72 (0) 1 : 0.999754 0.000061 0.000061 0.000061 0.000062
73 73 (0) 1 : 0.999771 0.000057 0.000057 0.000057 0.000057
74 74 (0) 1 : 0.999838 0.000041 0.000040 0.000040 0.000040
75 75 (0) 1 : 0.999838 0.000040 0.000040 0.000040 0.000042
76 76 (0) 1 : 0.999683 0.000079 0.000080 0.000079 0.000079
77 77 (0) 1 : 0.999753 0.000062 0.000062 0.000062 0.000062
78 78 (0) 1 : 0.999757 0.000061 0.000061 0.000061 0.000061
79 79 (0) 1 : 0.831497 0.000051 0.168350 0.000051 0.000052
80 80 (0) 1 : 0.999841 0.000040 0.000040 0.000040 0.000040
81 81 (0) 1 : 0.999842 0.000040 0.000039 0.000040 0.000040
82 82 (0) 1 : 0.999821 0.000045 0.000045 0.000045 0.000045
83 83 (0) 1 : 0.898945 0.000059 0.000058 0.000058 0.100880
84 84 (0) 1 : 0.999681 0.000079 0.000081 0.000079 0.000080
85 85 (0) 1 : 0.999838 0.000041 0.000040 0.000041 0.000040
86 86 (0) 1 : 0.999840 0.000040 0.000040 0.000040 0.000040
87 87 (0) 5 : 0.518506 0.481309 0.000062 0.000062 0.000062
88 88 (0) 5 : 0.291194 0.708646 0.000053 0.000053 0.000053
89 89 (0) 5 : 0.436613 0.563262 0.000042 0.000042 0.000041
90 90 (0) 5 : 0.000062 0.999753 0.000061 0.000062 0.000062
91 91 (0) 5 : 0.066313 0.933511 0.000058 0.000059 0.000059
92 92 (0) 5 : 0.352287 0.647564 0.000047 0.000047 0.000054
93 93 (0) 5 : 0.230879 0.768922 0.000068 0.000066 0.000066
94 94 (0) 5 : 0.000049 0.999804 0.000049 0.000049 0.000049
95 95 (0) 5 : 0.099725 0.900085 0.000063 0.000063 0.000063
96 96 (0) 5 : 0.128422 0.871409 0.000056 0.000056 0.000056
97 97 (0) 6 : 0.000056 0.000056 0.000056 0.000056 0.999777
98 98 (0) 6 : 0.000054 0.000054 0.000054 0.000054 0.999785
99 99 (0) 6 : 0.000054 0.000054 0.000054 0.000054 0.999784
100 100 (0) 6 : 0.985286 0.000044 0.000044 0.000044 0.014583
101 101 (0) 6 : 0.999825 0.000044 0.000044 0.000044 0.000044
102 102 (0) 6 : 0.999835 0.000041 0.000041 0.000041 0.000041
103 103 (0) 6 : 0.000055 0.000055 0.000055 0.000055 0.999780
104 104 (0) 6 : 0.000058 0.000058 0.000058 0.000058 0.999767
105 105 (0) 6 : 0.000057 0.000057 0.000057 0.000057 0.999771
106 106 (0) 6 : 0.000064 0.000064 0.000064 0.000064 0.999743
107 107 (0) 6 : 0.000058 0.000057 0.000057 0.000057 0.999770
108 108 (0) 6 : 0.000061 0.000061 0.000060 0.000060 0.999758
109 109 (0) 6 : 0.000059 0.000059 0.000059 0.000059 0.999763
110 110 (0) 2 : 0.000046 0.000046 0.000045 0.999818 0.000045
111 111 (0) 2 : 0.000059 0.000059 0.000059 0.999766 0.000058
112 112 (0) 2 : 0.000060 0.000060 0.000059 0.999762 0.000060
113 113 (0) 2 : 0.000055 0.000055 0.000053 0.999783 0.000055
114 114 (0) 2 : 0.000057 0.000057 0.000057 0.999772 0.000057
115 115 (0) 3 : 0.999838 0.000041 0.000041 0.000041 0.000040
