1 1 (0) 1 : 0.999634 0.000366
2 2 (0) 1 : 0.999659 0.000341
3 3 (0) 1 : 0.999561 0.000439
4 4 (0) 1 : 0.999559 0.000441
5 5 (0) 1 : 0.999630 0.000370
6 6 (0) 1 : 0.999627 0.000373
7 7 (0) 1 : 0.999648 0.000352
8 8 (0) 1 : 0.999758 0.000242
9 9 (0) 1 : 0.999776 0.000224
10 10 (0) 1 : 0.999715 0.000285
11 11 (0) 1 : 0.999652 0.000348
12 12 (0) 1 : 0.999753 0.000247
13 13 (0) 1 : 0.999661 0.000339
14 14 (0) 1 : 0.999674 0.000326
15 15 (0) 1 : 0.999643 0.000357
16 16 (0) 1 : 0.999634 0.000366
17 17 (0) 1 : 0.999614 0.000386
18 18 (0) 2 : 0.411534 0.588466
19 19 (0) 2 : 0.373623 0.626377
20 20 (0) 3 : 0.999630 0.000370
21 21 (0) 3 : 0.999649 0.000351
22 22 (0) 2 : 0.355725 0.644275
23 23 (0) 2 : 0.389293 0.610707
24 24 (0) 2 : 0.362723 0.637277
25 25 (0) 4 : 0.044566 0.955434
26 26 (0) 4 : 0.000269 0.999731
27 27 (0) 4 : 0.000473 0.999527
28 28 (0) 4 : 0.000380 0.999620
29 29 (0) 4 : 0.000559 0.999441
30 30 (0) 4 : 0.069243 0.930757
31 31 (0) 4 : 0.000411 0.999589
32 32 (0) 4 : 0.000613 0.999387
33 33 (0) 4 : 0.000397 0.999603
34 34 (0) 4 : 0.013866 0.986134
35 35 (0) 4 : 0.091046 0.908954
36 36 (0) 4 : 0.000266 0.999734
37 37 (0) 4 : 0.000268 0.999732
38 38 (0) 4 : 0.000344 0.999656
39 39 (0) 4 : 0.000279 0.999721
40 40 (0) 4 : 0.000279 0.999721
41 41 (0) 4 : 0.000396 0.999604
42 42 (0) 4 : 0.000401 0.999599
43 43 (0) 4 : 0.000458 0.999542
44 44 (0) 4 : 0.000500 0.999500
45 45 (0) 4 : 0.000372 0.999628
46 46 (0) 4 : 0.000602 0.999398
47 47 (0) 4 : 0.000402 0.999598
48 48 (0) 4 : 0.111717 0.888283
49 49 (0) 4 : 0.000367 0.999633
50 50 (0) 4 : 0.000350 0.999650
51 51 (0) 1 : 0.999742 0.000258
52 52 (0) 1 : 0.999729 0.000271
53 53 (0) 1 : 0.779749 0.220251
54 54 (0) 1 : 0.393252 0.606748
55 55 (0) 1 : 0.538331 0.461669
56 56 (0) 1 : 0.394343 0.605657
57 57 (0) 1 : 0.457219 0.542781
58 58 (0) 1 : 0.533689 0.466311
59 59 (0) 1 : 0.954446 0.045554
60 60 (0) 1 : 0.999599 0.000401
61 61 (0) 1 : 0.999779 0.000221
62 62 (0) 1 : 0.780905 0.219095
63 63 (0) 1 : 0.864344 0.135656
64 64 (0) 1 : 0.999658 0.000342
65 65 (0) 1 : 0.999661 0.000339
66 66 (0) 1 : 0.999650 0.000350
67 67 (0) 1 : 0.999666 0.000334
68 68 (0) 1 : 0.999563 0.000437
69 69 (0) 1 : 0.999565 0.000435
70 70 (0) 1 : 0.999673 0.000327
71 71 (0) 1 : 0.999619 0.000381
72 72 (0) 1 : 0.999623 0.000377
73 73 (0) 1 : 0.999643 0.000357
74 74 (0) 1 : 0.999786 0.000214
75 75 (0) 1 : 0.999788 0.000212
76 76 (0) 1 : 0.999548 0.000452
77 77 (0) 1 : 0.999636 0.000364
78 78 (0) 1 : 0.999629 0.000371
79 79 (0) 1 : 0.684270 0.315730
80 80 (0) 1 : 0.999759 0.000241
81 81 (0) 1 : 0.999690 0.000310
82 82 (0) 1 : 0.999727 0.000273
83 83 (0) 1 : 0.979045 0.020955
84 84 (0) 1 : 0.987061 0.012939
85 85 (0) 1 : 0.999778 0.000222
86 86 (0) 1 : 0.999761 0.000239
87 87 (0) 5 : 0.393177 0.606823
88 88 (0) 5 : 0.292925 0.707075
89 89 (0) 5 : 0.439603 0.560397
90 90 (0) 5 : 0.071841 0.928159
91 91 (0) 5 : 0.000807 0.999193
92 92 (0) 5 : 0.314427 0.685573
93 93 (0) 5 : 0.226892 0.773108
94 94 (0) 5 : 0.179036 0.820964
95 95 (0) 5 : 0.001760 0.998240
96 96 (0) 5 : 0.157170 0.842830
97 97 (0) 6 : 0.999686 0.000314
98 98 (0) 6 : 0.999681 0.000319
99 99 (0) 6 : 0.999701 0.000299
100 100 (0) 6 : 0.999869 0.000131
101 101 (0) 6 : 0.999775 0.000225
102 102 (0) 6 : 0.999776 0.000224
103 103 (0) 6 : 0.999690 0.000310
104 104 (0) 6 : 0.999663 0.000337
105 105 (0) 6 : 0.999624 0.000376
106 106 (0) 6 : 0.999599 0.000401
107 107 (0) 6 : 0.999655 0.000345
108 108 (0) 6 : 0.999645 0.000355
109 109 (0) 6 : 0.999573 0.000427
110 110 (0) 2 : 0.431147 0.568853
111 111 (0) 2 : 0.356624 0.643376
112 112 (0) 2 : 0.395964 0.604036
113 113 (0) 2 : 0.339065 0.660935
114 114 (0) 2 : 0.323174 0.676826
115 115 (0) 3 : 0.999541 0.000459
1 1 (0) 1 : 0.000366 0.999634
2 2 (0) 1 : 0.000341 0.999659
3 3 (0) 1 : 0.000439 0.999561
4 4 (0) 1 : 0.000441 0.999559
5 5 (0) 1 : 0.000370 0.999630
6 6 (0) 1 : 0.000373 0.999627
7 7 (0) 1 : 0.000352 0.999648
8 8 (0) 1 : 0.000242 0.999758
9 9 (0) 1 : 0.000159 0.999841
10 10 (0) 1 : 0.000285 0.999715
11 11 (0) 1 : 0.000348 0.999652
12 12 (0) 1 : 0.000247 0.999753
13 13 (0) 1 : 0.000339 0.999661
14 14 (0) 1 : 0.000326 0.999674
15 15 (0) 1 : 0.000357 0.999643
16 16 (0) 1 : 0.000366 0.999634
17 17 (0) 1 : 0.000386 0.999614
18 18 (0) 2 : 0.588270 0.411730
19 19 (0) 2 : 0.626079 0.373921
20 20 (0) 3 : 0.000370 0.999630
21 21 (0) 3 : 0.000351 0.999649
22 22 (0) 2 : 0.643973 0.356027
23 23 (0) 2 : 0.610467 0.389533
24 24 (0) 2 : 0.637083 0.362917
25 25 (0) 4 : 0.957640 0.042360
26 26 (0) 4 : 0.999731 0.000269
27 27 (0) 4 : 0.999527 0.000473
28 28 (0) 4 : 0.999620 0.000380
29 29 (0) 4 : 0.999441 0.000559
30 30 (0) 4 : 0.930561 0.069439
31 31 (0) 4 : 0.999589 0.000411
32 32 (0) 4 : 0.999386 0.000614
33 33 (0) 4 : 0.999603 0.000397
34 34 (0) 4 : 0.989134 0.010866
35 35 (0) 4 : 0.908712 0.091288
36 36 (0) 4 : 0.999734 0.000266
37 37 (0) 4 : 0.999732 0.000268
38 38 (0) 4 : 0.999656 0.000344
39 39 (0) 4 : 0.999721 0.000279
40 40 (0) 4 : 0.999722 0.000278
41 41 (0) 4 : 0.999604 0.000396
42 42 (0) 4 : 0.999599 0.000401
43 43 (0) 4 : 0.999542 0.000458
44 44 (0) 4 : 0.999500 0.000500
45 45 (0) 4 : 0.999628 0.000372
46 46 (0) 4 : 0.999401 0.000599
47 47 (0) 4 : 0.999598 0.000402
48 48 (0) 4 : 0.888226 0.111774
49 49 (0) 4 : 0.999633 0.000367
50 50 (0) 4 : 0.999650 0.000350
51 51 (0) 1 : 0.000258 0.999742
52 52 (0) 1 : 0.000271 0.999729
53 53 (0) 1 : 0.220083 0.779917
54 54 (0) 1 : 0.606631 0.393369
55 55 (0) 1 : 0.461527 0.538473
56 56 (0) 1 : 0.605592 0.394408
57 57 (0) 1 : 0.542707 0.457293
58 58 (0) 1 : 0.466199 0.533801
59 59 (0) 1 : 0.045528 0.954472
60 60 (0) 1 : 0.000401 0.999599
61 61 (0) 1 : 0.000221 0.999779
62 62 (0) 1 : 0.218994 0.781006
63 63 (0) 1 : 0.135558 0.864442
64 64 (0) 1 : 0.000342 0.999658
65 65 (0) 1 : 0.000339 0.999661
66 66 (0) 1 : 0.000350 0.999650
67 67 (0) 1 : 0.000334 0.999666
68 68 (0) 1 : 0.000436 0.999564
69 69 (0) 1 : 0.000435 0.999565
70 70 (0) 1 : 0.000327 0.999673
71 71 (0) 1 : 0.000381 0.999619
72 72 (0) 1 : 0.000377 0.999623
73 73 (0) 1 : 0.000357 0.999643
74 74 (0) 1 : 0.000214 0.999786
75 75 (0) 1 : 0.000213 0.999787
76 76 (0) 1 : 0.000452 0.999548
77 77 (0) 1 : 0.000364 0.999636
78 78 (0) 1 : 0.000371 0.999629
79 79 (0) 1 : 0.315622 0.684378
80 80 (0) 1 : 0.000241 0.999759
81 81 (0) 1 : 0.000310 0.999690
82 82 (0) 1 : 0.000273 0.999727
83 83 (0) 1 : 0.020928 0.979072
84 84 (0) 1 : 0.012590 0.987410
85 85 (0) 1 : 0.000222 0.999778
86 86 (0) 1 : 0.000239 0.999761
87 87 (0) 5 : 0.606793 0.393207
88 88 (0) 5 : 0.707031 0.292969
89 89 (0) 5 : 0.560392 0.439608
90 90 (0) 5 : 0.927493 0.072507
91 91 (0) 5 : 0.999185 0.000815
92 92 (0) 5 : 0.685526 0.314474
93 93 (0) 5 : 0.772881 0.227119
94 94 (0) 5 : 0.820929 0.179071
95 95 (0) 5 : 0.998044 0.001956
96 96 (0) 5 : 0.842608 0.157392
97 97 (0) 6 : 0.000314 0.999686
98 98 (0) 6 : 0.000319 0.999681
99 99 (0) 6 : 0.000299 0.999701
100 100 (0) 6 : 0.000228 0.999772
101 101 (0) 6 : 0.000225 0.999775
102 102 (0) 6 : 0.000224 0.999776
103 103 (0) 6 : 0.000310 0.999690
104 104 (0) 6 : 0.000337 0.999663
105 105 (0) 6 : 0.000376 0.999624
106 106 (0) 6 : 0.000401 0.999599
107 107 (0) 6 : 0.000345 0.999655
108 108 (0) 6 : 0.000355 0.999645
109 109 (0) 6 : 0.000427 0.999573
110 110 (0) 2 : 0.568611 0.431389
111 111 (0) 2 : 0.643048 0.356952
112 112 (0) 2 : 0.603631 0.396369
113 113 (0) 2 : 0.660649 0.339351
114 114 (0) 2 : 0.676448 0.323552
115 115 (0) 3 : 0.000457 0.999543
