1 1 (0) 1 : 0.000118 0.999763 0.000120
2 2 (0) 1 : 0.000112 0.999774 0.000114
3 3 (0) 1 : 0.000119 0.999759 0.000122
4 4 (0) 1 : 0.000120 0.999757 0.000123
5 5 (0) 1 : 0.000125 0.999747 0.000127
6 6 (0) 1 : 0.000121 0.999757 0.000123
7 7 (0) 1 : 0.000136 0.999734 0.000130
8 8 (0) 1 : 0.000097 0.999812 0.000091
9 9 (0) 1 : 0.000089 0.999825 0.000086
10 10 (0) 1 : 0.000100 0.999799 0.000101
11 11 (0) 1 : 0.000117 0.999765 0.000118
12 12 (0) 1 : 0.000106 0.999799 0.000096
13 13 (0) 1 : 0.000116 0.999769 0.000116
14 14 (0) 1 : 0.000120 0.999764 0.000116
15 15 (0) 1 : 0.000119 0.999764 0.000117
16 16 (0) 1 : 0.000125 0.999752 0.000123
17 17 (0) 1 : 0.000133 0.999734 0.000133
18 18 (0) 2 : 0.999816 0.000093 0.000091
19 19 (0) 2 : 0.999759 0.000122 0.000120
20 20 (0) 3 : 0.047674 0.952232 0.000094
21 21 (0) 3 : 0.044502 0.955400 0.000098
22 22 (0) 2 : 0.999757 0.000123 0.000121
23 23 (0) 2 : 0.999813 0.000095 0.000093
24 24 (0) 2 : 0.999819 0.000092 0.000090
25 25 (0) 4 : 0.000105 0.105279 0.894615
26 26 (0) 4 : 0.000092 0.000094 0.999814
27 27 (0) 4 : 0.000135 0.000138 0.999726
28 28 (0) 4 : 0.000129 0.000122 0.999750
29 29 (0) 4 : 0.000140 0.000144 0.999716
30 30 (0) 4 : 0.000160 0.113847 0.885993
31 31 (0) 4 : 0.000131 0.000130 0.999739
32 32 (0) 4 : 0.000145 0.000138 0.999717
33 33 (0) 4 : 0.000116 0.000117 0.999767
34 34 (0) 4 : 0.000088 0.000092 0.999820
35 35 (0) 4 : 0.000085 0.095347 0.904567
36 36 (0) 4 : 0.000085 0.000087 0.999828
37 37 (0) 4 : 0.000087 0.000088 0.999824
38 38 (0) 4 : 0.000163 0.000110 0.999726
39 39 (0) 4 : 0.000098 0.000092 0.999810
40 40 (0) 4 : 0.000087 0.000086 0.999827
41 41 (0) 4 : 0.000131 0.000124 0.999745
42 42 (0) 4 : 0.000128 0.000120 0.999752
43 43 (0) 4 : 0.000122 0.000125 0.999753
44 44 (0) 4 : 0.000117 0.000122 0.999761
45 45 (0) 4 : 0.000119 0.000122 0.999760
46 46 (0) 4 : 0.000120 0.000123 0.999757
47 47 (0) 4 : 0.000122 0.000125 0.999752
48 48 (0) 4 : 0.000117 0.093909 0.905974
49 49 (0) 4 : 0.000160 0.000115 0.999725
50 50 (0) 4 : 0.000117 0.000119 0.999765
51 51 (0) 1 : 0.000077 0.999844 0.000078
52 52 (0) 1 : 0.000081 0.999836 0.000083
53 53 (0) 1 : 0.000135 0.683693 0.316172
54 54 (0) 1 : 0.000074 0.403033 0.596893
55 55 (0) 1 : 0.000115 0.668798 0.331087
56 56 (0) 1 : 0.000089 0.465008 0.534903
57 57 (0) 1 : 0.000085 0.487242 0.512673
58 58 (0) 1 : 0.000115 0.586041 0.413844
59 59 (0) 1 : 0.000113 0.981014 0.018873
60 60 (0) 1 : 0.000114 0.999772 0.000114
61 61 (0) 1 : 0.000082 0.999838 0.000080
62 62 (0) 1 : 0.000101 0.842532 0.157367
63 63 (0) 1 : 0.000106 0.877680 0.122214
64 64 (0) 1 : 0.000118 0.999764 0.000119
65 65 (0) 1 : 0.000118 0.999766 0.000116
66 66 (0) 1 : 0.000129 0.999742 0.000129
67 67 (0) 1 : 0.000114 0.999772 0.000114
68 68 (0) 1 : 0.000131 0.999737 0.000132
69 69 (0) 1 : 0.000139 0.999720 0.000141
70 70 (0) 1 : 0.000107 0.999786 0.000107
71 71 (0) 1 : 0.000125 0.999749 0.000126
72 72 (0) 1 : 0.000123 0.999754 0.000123
73 73 (0) 1 : 0.000115 0.999770 0.000115
74 74 (0) 1 : 0.000081 0.999839 0.000080
75 75 (0) 1 : 0.000085 0.999835 0.000079
76 76 (0) 1 : 0.000156 0.999685 0.000159
77 77 (0) 1 : 0.000123 0.999753 0.000124
78 78 (0) 1 : 0.000122 0.999756 0.000122
79 79 (0) 1 : 0.000103 0.703555 0.296342
80 80 (0) 1 : 0.000080 0.999840 0.000080
81 81 (0) 1 : 0.000080 0.999840 0.000081
82 82 (0) 1 : 0.000090 0.999820 0.000090
83 83 (0) 1 : 0.000118 0.999763 0.000120
84 84 (0) 1 : 0.000160 0.954203 0.045638
85 85 (0) 1 : 0.000086 0.999834 0.000081
86 86 (0) 1 : 0.000080 0.999840 0.000080
87 87 (0) 5 : 0.000127 0.340445 0.659428
88 88 (0) 5 : 0.000108 0.310635 0.689258
89 89 (0) 5 : 0.000085 0.453323 0.546592
90 90 (0) 5 : 0.000124 0.140569 0.859307
91 91 (0) 5 : 0.000118 0.000121 0.999761
92 92 (0) 5 : 0.000095 0.314145 0.685760
93 93 (0) 5 : 0.000131 0.200161 0.799708
94 94 (0) 5 : 0.000099 0.216937 0.782964
95 95 (0) 5 : 0.000127 0.043208 0.956666
96 96 (0) 5 : 0.000112 0.186398 0.813489
97 97 (0) 6 : 0.000107 0.999780 0.000112
98 98 (0) 6 : 0.000107 0.999785 0.000108
99 99 (0) 6 : 0.000106 0.999786 0.000109
100 100 (0) 6 : 0.000095 0.999818 0.000087
101 101 (0) 6 : 0.000087 0.999826 0.000087
102 102 (0) 6 : 0.000087 0.999831 0.000082
103 103 (0) 6 : 0.000109 0.999780 0.000111
104 104 (0) 6 : 0.000115 0.999767 0.000117
105 105 (0) 6 : 0.000119 0.999765 0.000117
106 106 (0) 6 : 0.000128 0.999742 0.000130
107 107 (0) 6 : 0.000114 0.999770 0.000116
108 108 (0) 6 : 0.000120 0.999758 0.000122
109 109 (0) 6 : 0.000120 0.999759 0.000122
110 110 (0) 2 : 0.837358 0.162549 0.000093
111 111 (0) 2 : 0.999761 0.000120 0.000119
112 112 (0) 2 : 0.908043 0.091835 0.000122
113 113 (0) 2 : 0.999776 0.000113 0.000111
114 114 (0) 2 : 0.999767 0.000117 0.000116
115 115 (0) 3 : 0.070338 0.929581 0.000082
1 1 (0) 1 : 0.999763 0.000120 0.000117
2 2 (0) 1 : 0.999774 0.000114 0.000112
3 3 (0) 1 : 0.999759 0.000122 0.000119
4 4 (0) 1 : 0.999757 0.000123 0.000120
5 5 (0) 1 : 0.999747 0.000127 0.000125
6 6 (0) 1 : 0.999757 0.000123 0.000120
7 7 (0) 1 : 0.999742 0.000130 0.000128
8 8 (0) 1 : 0.999819 0.000091 0.000090
9 9 (0) 1 : 0.999829 0.000086 0.000085
10 10 (0) 1 : 0.999799 0.000101 0.000100
11 11 (0) 1 : 0.999765 0.000118 0.000117
12 12 (0) 1 : 0.999809 0.000096 0.000096
13 13 (0) 1 : 0.999771 0.000116 0.000114
14 14 (0) 1 : 0.999769 0.000116 0.000115
15 15 (0) 1 : 0.999768 0.000117 0.000115
16 16 (0) 1 : 0.999755 0.000123 0.000122
17 17 (0) 1 : 0.999735 0.000133 0.000132
18 18 (0) 2 : 0.000093 0.000091 0.999816
19 19 (0) 2 : 0.000121 0.000119 0.999759
20 20 (0) 3 : 0.951529 0.000094 0.048377
21 21 (0) 3 : 0.954622 0.000098 0.045280
22 22 (0) 2 : 0.000122 0.000121 0.999757
23 23 (0) 2 : 0.000095 0.000093 0.999813
24 24 (0) 2 : 0.000092 0.000090 0.999819
25 25 (0) 4 : 0.100868 0.899026 0.000105
26 26 (0) 4 : 0.000094 0.999814 0.000092
27 27 (0) 4 : 0.000138 0.999726 0.000135
28 28 (0) 4 : 0.000122 0.999760 0.000119
29 29 (0) 4 : 0.000144 0.999716 0.000140
30 30 (0) 4 : 0.113079 0.886761 0.000160
31 31 (0) 4 : 0.000130 0.999743 0.000127
32 32 (0) 4 : 0.000138 0.999728 0.000133
33 33 (0) 4 : 0.000117 0.999769 0.000114
34 34 (0) 4 : 0.000092 0.999820 0.000088
35 35 (0) 4 : 0.090221 0.909694 0.000085
36 36 (0) 4 : 0.000087 0.999829 0.000085
37 37 (0) 4 : 0.000088 0.999826 0.000086
38 38 (0) 4 : 0.000110 0.999777 0.000112
39 39 (0) 4 : 0.000092 0.999817 0.000090
40 40 (0) 4 : 0.000086 0.999830 0.000084
41 41 (0) 4 : 0.000124 0.999756 0.000120
42 42 (0) 4 : 0.000120 0.999764 0.000116
43 43 (0) 4 : 0.000125 0.999753 0.000121
44 44 (0) 4 : 0.000122 0.999761 0.000117
45 45 (0) 4 : 0.000122 0.999760 0.000118
46 46 (0) 4 : 0.000123 0.999757 0.000120
47 47 (0) 4 : 0.000125 0.999753 0.000122
48 48 (0) 4 : 0.092468 0.907414 0.000118
49 49 (0) 4 : 0.000115 0.999770 0.000115
50 50 (0) 4 : 0.000119 0.999766 0.000116
51 51 (0) 1 : 0.999845 0.000078 0.000077
52 52 (0) 1 : 0.999836 0.000083 0.000081
53 53 (0) 1 : 0.682440 0.317425 0.000135
54 54 (0) 1 : 0.401745 0.598174 0.000081
55 55 (0) 1 : 0.667935 0.331923 0.000142
56 56 (0) 1 : 0.463850 0.536061 0.000089
57 57 (0) 1 : 0.485987 0.513937 0.000076
58 58 (0) 1 : 0.585009 0.414876 0.000115
59 59 (0) 1 : 0.980914 0.018972 0.000113
60 60 (0) 1 : 0.999773 0.000114 0.000113
61 61 (0) 1 : 0.999841 0.000080 0.000079
62 62 (0) 1 : 0.842007 0.157892 0.000101
63 63 (0) 1 : 0.877473 0.122421 0.000106
64 64 (0) 1 : 0.999765 0.000119 0.000117
65 65 (0) 1 : 0.999769 0.000116 0.000115
66 66 (0) 1 : 0.999744 0.000129 0.000127
67 67 (0) 1 : 0.999774 0.000114 0.000112
68 68 (0) 1 : 0.999737 0.000133 0.000131
69 69 (0) 1 : 0.999720 0.000141 0.000139
70 70 (0) 1 : 0.999787 0.000107 0.000106
71 71 (0) 1 : 0.999750 0.000126 0.000124
72 72 (0) 1 : 0.999756 0.000123 0.000121
73 73 (0) 1 : 0.999771 0.000115 0.000113
74 74 (0) 1 : 0.999840 0.000080 0.000080
75 75 (0) 1 : 0.999842 0.000079 0.000079
76 76 (0) 1 : 0.999685 0.000159 0.000156
77 77 (0) 1 : 0.999754 0.000124 0.000122
78 78 (0) 1 : 0.999758 0.000122 0.000120
79 79 (0) 1 : 0.702559 0.297338 0.000103
80 80 (0) 1 : 0.999840 0.000080 0.000080
81 81 (0) 1 : 0.999839 0.000081 0.000080
82 82 (0) 1 : 0.999820 0.000090 0.000090
83 83 (0) 1 : 0.999763 0.000120 0.000118
84 84 (0) 1 : 0.953792 0.046048 0.000160
85 85 (0) 1 : 0.999839 0.000081 0.000080
86 86 (0) 1 : 0.999840 0.000080 0.000080
87 87 (0) 5 : 0.338600 0.661272 0.000128
88 88 (0) 5 : 0.308403 0.691490 0.000108
89 89 (0) 5 : 0.451210 0.548705 0.000085
90 90 (0) 5 : 0.139817 0.860058 0.000125
91 91 (0) 5 : 0.003268 0.996615 0.000118
92 92 (0) 5 : 0.311883 0.688022 0.000095
93 93 (0) 5 : 0.199832 0.800037 0.000131
94 94 (0) 5 : 0.214776 0.785125 0.000099
95 95 (0) 5 : 0.042063 0.957809 0.000128
96 96 (0) 5 : 0.185259 0.814628 0.000112
97 97 (0) 6 : 0.999777 0.000112 0.000111
98 98 (0) 6 : 0.999784 0.000108 0.000107
99 99 (0) 6 : 0.999785 0.000109 0.000107
100 100 (0) 6 : 0.999826 0.000087 0.000087
101 101 (0) 6 : 0.999826 0.000087 0.000086
102 102 (0) 6 : 0.999837 0.000082 0.000081
103 103 (0) 6 : 0.999780 0.000111 0.000109
104 104 (0) 6 : 0.999767 0.000117 0.000115
105 105 (0) 6 : 0.999771 0.000117 0.000113
106 106 (0) 6 : 0.999742 0.000130 0.000127
107 107 (0) 6 : 0.999771 0.000116 0.000114
108 108 (0) 6 : 0.999759 0.000122 0.000119
109 109 (0) 6 : 0.999762 0.000122 0.000117
110 110 (0) 2 : 0.000096 0.000094 0.999810
111 111 (0) 2 : 0.000120 0.000119 0.999761
112 112 (0) 2 : 0.000124 0.000122 0.999754
113 113 (0) 2 : 0.000113 0.000111 0.999776
114 114 (0) 2 : 0.000117 0.000116 0.999767
115 115 (0) 3 : 0.928326 0.000082 0.071593
1 1 (0) 1 : 0.999763 0.000117 0.000120
2 2 (0) 1 : 0.999774 0.000112 0.000114
3 3 (0) 1 : 0.999759 0.000119 0.000122
4 4 (0) 1 : 0.999757 0.000120 0.000123
5 5 (0) 1 : 0.999747 0.000125 0.000127
6 6 (0) 1 : 0.999757 0.000120 0.000123
7 7 (0) 1 : 0.999742 0.000128 0.000130
8 8 (0) 1 : 0.999819 0.000090 0.000091
9 9 (0) 1 : 0.999829 0.000085 0.000086
10 10 (0) 1 : 0.999799 0.000100 0.000101
11 11 (0) 1 : 0.999765 0.000117 0.000118
12 12 (0) 1 : 0.999809 0.000096 0.000096
13 13 (0) 1 : 0.999771 0.000114 0.000116
14 14 (0) 1 : 0.999769 0.000115 0.000116
15 15 (0) 1 : 0.999768 0.000115 0.000117
16 16 (0) 1 : 0.999755 0.000121 0.000123
17 17 (0) 1 : 0.999735 0.000132 0.000134
18 18 (0) 2 : 0.000093 0.999816 0.000091
19 19 (0) 2 : 0.000121 0.999759 0.000120
20 20 (0) 3 : 0.952830 0.047075 0.000094
21 21 (0) 3 : 0.956769 0.043133 0.000098
22 22 (0) 2 : 0.000122 0.999757 0.000121
23 23 (0) 2 : 0.000095 0.999813 0.000093
24 24 (0) 2 : 0.000092 0.999819 0.000090
25 25 (0) 4 : 0.069391 0.000105 0.930504
26 26 (0) 4 : 0.000094 0.000092 0.999814
27 27 (0) 4 : 0.000138 0.000135 0.999727
28 28 (0) 4 : 0.000121 0.000119 0.999760
29 29 (0) 4 : 0.000144 0.000140 0.999716
30 30 (0) 4 : 0.104985 0.000160 0.894856
31 31 (0) 4 : 0.000130 0.000127 0.999743
32 32 (0) 4 : 0.000138 0.000133 0.999729
33 33 (0) 4 : 0.000117 0.000114 0.999769
34 34 (0) 4 : 0.000091 0.000088 0.999820
35 35 (0) 4 : 0.000089 0.000086 0.999825
36 36 (0) 4 : 0.000087 0.000084 0.999829
37 37 (0) 4 : 0.000088 0.000086 0.999826
38 38 (0) 4 : 0.000110 0.000113 0.999776
39 39 (0) 4 : 0.000092 0.000090 0.999818
40 40 (0) 4 : 0.000086 0.000084 0.999830
41 41 (0) 4 : 0.000124 0.000119 0.999757
42 42 (0) 4 : 0.000120 0.000116 0.999764
43 43 (0) 4 : 0.000125 0.000121 0.999754
44 44 (0) 4 : 0.000121 0.000117 0.999761
45 45 (0) 4 : 0.000121 0.000118 0.999760
46 46 (0) 4 : 0.000123 0.000120 0.999757
47 47 (0) 4 : 0.000125 0.000122 0.999753
48 48 (0) 4 : 0.000123 0.000119 0.999759
49 49 (0) 4 : 0.000115 0.000115 0.999770
50 50 (0) 4 : 0.000119 0.000116 0.999766
51 51 (0) 1 : 0.999845 0.000077 0.000078
52 52 (0) 1 : 0.999835 0.000081 0.000083
53 53 (0) 1 : 0.677159 0.000135 0.322706
54 54 (0) 1 : 0.393785 0.000092 0.606123
55 55 (0) 1 : 0.662032 0.000142 0.337826
56 56 (0) 1 : 0.455612 0.000089 0.544299
57 57 (0) 1 : 0.476755 0.000085 0.523159
58 58 (0) 1 : 0.577416 0.000115 0.422469
59 59 (0) 1 : 0.999769 0.000115 0.000116
60 60 (0) 1 : 0.999773 0.000113 0.000114
61 61 (0) 1 : 0.999842 0.000079 0.000080
62 62 (0) 1 : 0.840757 0.000101 0.159142
63 63 (0) 1 : 0.876978 0.000106 0.122916
64 64 (0) 1 : 0.999765 0.000117 0.000119
65 65 (0) 1 : 0.999769 0.000114 0.000116
66 66 (0) 1 : 0.999744 0.000127 0.000129
67 67 (0) 1 : 0.999774 0.000112 0.000114
68 68 (0) 1 : 0.999737 0.000130 0.000133
69 69 (0) 1 : 0.999720 0.000139 0.000141
70 70 (0) 1 : 0.999787 0.000106 0.000107
71 71 (0) 1 : 0.999750 0.000124 0.000126
72 72 (0) 1 : 0.999756 0.000121 0.000123
73 73 (0) 1 : 0.999771 0.000113 0.000115
74 74 (0) 1 : 0.999840 0.000080 0.000080
75 75 (0) 1 : 0.999842 0.000078 0.000079
76 76 (0) 1 : 0.999685 0.000156 0.000159
77 77 (0) 1 : 0.999754 0.000122 0.000124
78 78 (0) 1 : 0.999758 0.000120 0.000122
79 79 (0) 1 : 0.694873 0.000093 0.305034
80 80 (0) 1 : 0.999840 0.000080 0.000080
81 81 (0) 1 : 0.999839 0.000080 0.000081
82 82 (0) 1 : 0.999820 0.000090 0.000090
83 83 (0) 1 : 0.999763 0.000118 0.000120
84 84 (0) 1 : 0.950732 0.000160 0.049108
85 85 (0) 1 : 0.999839 0.000080 0.000081
86 86 (0) 1 : 0.999840 0.000080 0.000080
87 87 (0) 5 : 0.320400 0.000127 0.679472
88 88 (0) 5 : 0.287085 0.000108 0.712807
89 89 (0) 5 : 0.431026 0.000085 0.568889
90 90 (0) 5 : 0.126419 0.000125 0.873456
91 91 (0) 5 : 0.000121 0.000117 0.999762
92 92 (0) 5 : 0.289232 0.000095 0.710673
93 93 (0) 5 : 0.175370 0.000131 0.824500
94 94 (0) 5 : 0.194560 0.000099 0.805341
95 95 (0) 5 : 0.000132 0.000128 0.999740
96 96 (0) 5 : 0.166122 0.000112 0.833766
97 97 (0) 6 : 0.999777 0.000111 0.000113
98 98 (0) 6 : 0.999784 0.000107 0.000108
99 99 (0) 6 : 0.999784 0.000107 0.000109
100 100 (0) 6 : 0.999826 0.000086 0.000087
101 101 (0) 6 : 0.999826 0.000086 0.000087
102 102 (0) 6 : 0.999836 0.000081 0.000082
103 103 (0) 6 : 0.999780 0.000109 0.000111
104 104 (0) 6 : 0.999767 0.000115 0.000118
105 105 (0) 6 : 0.999771 0.000113 0.000117
106 106 (0) 6 : 0.999742 0.000127 0.000130
107 107 (0) 6 : 0.999770 0.000114 0.000116
108 108 (0) 6 : 0.999759 0.000119 0.000122
109 109 (0) 6 : 0.999762 0.000117 0.000121
110 110 (0) 2 : 0.000096 0.999810 0.000094
111 111 (0) 2 : 0.000120 0.999761 0.000119
112 112 (0) 2 : 0.000124 0.999754 0.000122
113 113 (0) 2 : 0.000113 0.999776 0.000111
114 114 (0) 2 : 0.000117 0.999767 0.000116
115 115 (0) 3 : 0.929674 0.070244 0.000082
1 1 (0) 1 : 0.000120 0.999775 0.000105
2 2 (0) 1 : 0.000114 0.999786 0.000100
3 3 (0) 1 : 0.000122 0.999770 0.000108
4 4 (0) 1 : 0.000123 0.999769 0.000108
5 5 (0) 1 : 0.000127 0.999760 0.000113
6 6 (0) 1 : 0.000123 0.999769 0.000108
7 7 (0) 1 : 0.000130 0.999757 0.000113
8 8 (0) 1 : 0.000091 0.999828 0.000081
9 9 (0) 1 : 0.000086 0.999839 0.000075
10 10 (0) 1 : 0.000101 0.999811 0.000088
11 11 (0) 1 : 0.000118 0.999778 0.000104
12 12 (0) 1 : 0.000096 0.999819 0.000085
13 13 (0) 1 : 0.000115 0.999783 0.000101
14 14 (0) 1 : 0.000116 0.999781 0.000102
15 15 (0) 1 : 0.000117 0.999782 0.000101
16 16 (0) 1 : 0.000123 0.999769 0.000108
17 17 (0) 1 : 0.000134 0.999750 0.000116
18 18 (0) 2 : 0.741785 0.258133 0.000082
19 19 (0) 2 : 0.638152 0.361741 0.000106
20 20 (0) 3 : 0.000095 0.999821 0.000084
21 21 (0) 3 : 0.000099 0.999811 0.000089
22 22 (0) 2 : 0.756291 0.243601 0.000108
23 23 (0) 2 : 0.782015 0.217902 0.000082
24 24 (0) 2 : 0.731630 0.268290 0.000080
25 25 (0) 4 : 0.999798 0.000110 0.000092
26 26 (0) 4 : 0.999821 0.000094 0.000085
27 27 (0) 4 : 0.999742 0.000138 0.000120
28 28 (0) 4 : 0.999774 0.000122 0.000105
29 29 (0) 4 : 0.999730 0.000144 0.000126
30 30 (0) 4 : 0.913932 0.085925 0.000143
31 31 (0) 4 : 0.999758 0.000130 0.000112
32 32 (0) 4 : 0.999743 0.000139 0.000119
33 33 (0) 4 : 0.999783 0.000117 0.000100
34 34 (0) 4 : 0.999831 0.000091 0.000078
35 35 (0) 4 : 0.999837 0.000089 0.000075
36 36 (0) 4 : 0.999837 0.000087 0.000075
37 37 (0) 4 : 0.999835 0.000089 0.000076
38 38 (0) 4 : 0.999793 0.000111 0.000096
39 39 (0) 4 : 0.999828 0.000093 0.000080
40 40 (0) 4 : 0.999839 0.000087 0.000074
41 41 (0) 4 : 0.999771 0.000124 0.000106
42 42 (0) 4 : 0.999778 0.000120 0.000102
43 43 (0) 4 : 0.999767 0.000125 0.000108
44 44 (0) 4 : 0.999774 0.000122 0.000104
45 45 (0) 4 : 0.999774 0.000121 0.000105
46 46 (0) 4 : 0.999770 0.000122 0.000108
47 47 (0) 4 : 0.999768 0.000125 0.000107
48 48 (0) 4 : 0.922947 0.076947 0.000106
49 49 (0) 4 : 0.999785 0.000115 0.000100
50 50 (0) 4 : 0.999779 0.000119 0.000102
51 51 (0) 1 : 0.000078 0.999852 0.000069
52 52 (0) 1 : 0.000083 0.999843 0.000075
53 53 (0) 1 : 0.000139 0.999735 0.000126
54 54 (0) 1 : 0.000100 0.999814 0.000086
55 55 (0) 1 : 0.000153 0.999717 0.000129
56 56 (0) 1 : 0.000098 0.999820 0.000082
57 57 (0) 1 : 0.000090 0.999832 0.000078
58 58 (0) 1 : 0.000121 0.999774 0.000105
59 59 (0) 1 : 0.000115 0.999782 0.000104
60 60 (0) 1 : 0.000114 0.999785 0.000100
61 61 (0) 1 : 0.000080 0.999850 0.000071
62 62 (0) 1 : 0.000103 0.999806 0.000091
63 63 (0) 1 : 0.000109 0.999796 0.000095
64 64 (0) 1 : 0.000118 0.999779 0.000102
65 65 (0) 1 : 0.000116 0.999783 0.000101
66 66 (0) 1 : 0.000129 0.999758 0.000113
67 67 (0) 1 : 0.000114 0.999786 0.000100
68 68 (0) 1 : 0.000132 0.999753 0.000114
69 69 (0) 1 : 0.000141 0.999735 0.000124
70 70 (0) 1 : 0.000107 0.999798 0.000094
71 71 (0) 1 : 0.000126 0.999763 0.000111
72 72 (0) 1 : 0.000123 0.999769 0.000108
73 73 (0) 1 : 0.000115 0.999784 0.000100
74 74 (0) 1 : 0.000081 0.999848 0.000072
75 75 (0) 1 : 0.000079 0.999851 0.000069
76 76 (0) 1 : 0.000158 0.999703 0.000139
77 77 (0) 1 : 0.000124 0.999768 0.000109
78 78 (0) 1 : 0.000122 0.999772 0.000106
79 79 (0) 1 : 0.000108 0.999799 0.000093
80 80 (0) 1 : 0.000080 0.999849 0.000071
81 81 (0) 1 : 0.000081 0.999848 0.000072
82 82 (0) 1 : 0.000090 0.999830 0.000080
83 83 (0) 1 : 0.000118 0.999777 0.000105
84 84 (0) 1 : 0.000164 0.999694 0.000142
85 85 (0) 1 : 0.000081 0.999848 0.000071
86 86 (0) 1 : 0.000080 0.999848 0.000071
87 87 (0) 5 : 0.726990 0.272899 0.000111
88 88 (0) 5 : 0.792573 0.207332 0.000095
89 89 (0) 5 : 0.641982 0.357943 0.000075
90 90 (0) 5 : 0.999761 0.000128 0.000110
91 91 (0) 5 : 0.999776 0.000120 0.000104
92 92 (0) 5 : 0.723925 0.275989 0.000086
93 93 (0) 5 : 0.815021 0.184861 0.000118
94 94 (0) 5 : 0.930704 0.069208 0.000088
95 95 (0) 5 : 0.999755 0.000131 0.000114
96 96 (0) 5 : 0.853924 0.145977 0.000100
97 97 (0) 6 : 0.000113 0.999790 0.000097
98 98 (0) 6 : 0.000108 0.999796 0.000096
99 99 (0) 6 : 0.000109 0.999796 0.000096
100 100 (0) 6 : 0.000087 0.999836 0.000076
101 101 (0) 6 : 0.000088 0.999835 0.000077
102 102 (0) 6 : 0.000082 0.999846 0.000071
103 103 (0) 6 : 0.000111 0.999792 0.000097
104 104 (0) 6 : 0.000118 0.999781 0.000102
105 105 (0) 6 : 0.000116 0.999783 0.000101
106 106 (0) 6 : 0.000130 0.999757 0.000113
107 107 (0) 6 : 0.000116 0.999784 0.000101
108 108 (0) 6 : 0.000122 0.999772 0.000106
109 109 (0) 6 : 0.000121 0.999774 0.000105
110 110 (0) 2 : 0.651234 0.348683 0.000083
111 111 (0) 2 : 0.764280 0.235612 0.000107
112 112 (0) 2 : 0.653018 0.346874 0.000108
113 113 (0) 2 : 0.671248 0.328653 0.000100
114 114 (0) 2 : 0.640132 0.359766 0.000103
115 115 (0) 3 : 0.000083 0.999842 0.000075
