1 1 (0) 1 : 0.000364 0.999636
2 2 (0) 1 : 0.000321 0.999679
3 3 (0) 1 : 0.000428 0.999572
4 4 (0) 1 : 0.000416 0.999584
5 5 (0) 1 : 0.000358 0.999642
6 6 (0) 1 : 0.000363 0.999637
7 7 (0) 1 : 0.000353 0.999647
8 8 (0) 1 : 0.000112 0.999888
9 9 (0) 1 : 0.000222 0.999778
10 10 (0) 1 : 0.000284 0.999716
11 11 (0) 1 : 0.000356 0.999644
12 12 (0) 1 : 0.000243 0.999757
13 13 (0) 1 : 0.000333 0.999667
14 14 (0) 1 : 0.000325 0.999675
15 15 (0) 1 : 0.000331 0.999669
16 16 (0) 1 : 0.000358 0.999642
17 17 (0) 1 : 0.000375 0.999625
18 18 (0) 2 : 0.000345 0.999655
19 19 (0) 2 : 0.000665 0.999335
20 20 (0) 3 : 0.000266 0.999734
21 21 (0) 3 : 0.000264 0.999736
22 22 (0) 2 : 0.000568 0.999432
23 23 (0) 2 : 0.000352 0.999648
24 24 (0) 2 : 0.000396 0.999604
25 25 (0) 4 : 0.897905 0.102095
26 26 (0) 4 : 0.999714 0.000286
27 27 (0) 4 : 0.999512 0.000488
28 28 (0) 4 : 0.999617 0.000383
29 29 (0) 4 : 0.999308 0.000692
30 30 (0) 4 : 0.874437 0.125563
31 31 (0) 4 : 0.999575 0.000425
32 32 (0) 4 : 0.999305 0.000695
33 33 (0) 4 : 0.999586 0.000414
34 34 (0) 4 : 0.871521 0.128479
35 35 (0) 4 : 0.772179 0.227821
36 36 (0) 4 : 0.999721 0.000279
37 37 (0) 4 : 0.999721 0.000279
38 38 (0) 4 : 0.999656 0.000344
39 39 (0) 4 : 0.999716 0.000284
40 40 (0) 4 : 0.999724 0.000276
41 41 (0) 4 : 0.999598 0.000402
42 42 (0) 4 : 0.999593 0.000407
43 43 (0) 4 : 0.999516 0.000484
44 44 (0) 4 : 0.999346 0.000654
45 45 (0) 4 : 0.999622 0.000378
46 46 (0) 4 : 0.979582 0.020418
47 47 (0) 4 : 0.999590 0.000410
48 48 (0) 4 : 0.826364 0.173636
49 49 (0) 4 : 0.999635 0.000365
50 50 (0) 4 : 0.999645 0.000355
51 51 (0) 1 : 0.000232 0.999768
52 52 (0) 1 : 0.000249 0.999751
53 53 (0) 1 : 0.111617 0.888383
54 54 (0) 1 : 0.513912 0.486088
55 55 (0) 1 : 0.377962 0.622038
56 56 (0) 1 : 0.543999 0.456001
57 57 (0) 1 : 0.496024 0.503976
58 58 (0) 1 : 0.406356 0.593644
59 59 (0) 1 : 0.001699 0.998301
60 60 (0) 1 : 0.000377 0.999623
61 61 (0) 1 : 0.000211 0.999789
62 62 (0) 1 : 0.166304 0.833696
63 63 (0) 1 : 0.103278 0.896722
64 64 (0) 1 : 0.000338 0.999662
65 65 (0) 1 : 0.000332 0.999668
66 66 (0) 1 : 0.000350 0.999650
67 67 (0) 1 : 0.000332 0.999668
68 68 (0) 1 : 0.000424 0.999576
69 69 (0) 1 : 0.000430 0.999570
70 70 (0) 1 : 0.000316 0.999684
71 71 (0) 1 : 0.000369 0.999631
72 72 (0) 1 : 0.000375 0.999625
73 73 (0) 1 : 0.000340 0.999660
74 74 (0) 1 : 0.000208 0.999792
75 75 (0) 1 : 0.000207 0.999793
76 76 (0) 1 : 0.000453 0.999547
77 77 (0) 1 : 0.000358 0.999642
78 78 (0) 1 : 0.000372 0.999628
79 79 (0) 1 : 0.213017 0.786983
80 80 (0) 1 : 0.000216 0.999784
81 81 (0) 1 : 0.000236 0.999764
82 82 (0) 1 : 0.000252 0.999748
83 83 (0) 1 : 0.000614 0.999386
84 84 (0) 1 : 0.000660 0.999340
85 85 (0) 1 : 0.000211 0.999789
86 86 (0) 1 : 0.000221 0.999779
87 87 (0) 5 : 0.500235 0.499765
88 88 (0) 5 : 0.592901 0.407099
89 89 (0) 5 : 0.431148 0.568852
90 90 (0) 5 : 0.834938 0.165062
91 91 (0) 5 : 0.909709 0.090291
92 92 (0) 5 : 0.591093 0.408907
93 93 (0) 5 : 0.709863 0.290137
94 94 (0) 5 : 0.690380 0.309620
95 95 (0) 5 : 0.918281 0.081719
96 96 (0) 5 : 0.768192 0.231808
97 97 (0) 6 : 0.000314 0.999686
98 98 (0) 6 : 0.000311 0.999689
99 99 (0) 6 : 0.000295 0.999705
100 100 (0) 6 : 0.000227 0.999773
101 101 (0) 6 : 0.000222 0.999778
102 102 (0) 6 : 0.000229 0.999771
103 103 (0) 6 : 0.000309 0.999691
104 104 (0) 6 : 0.000334 0.999666
105 105 (0) 6 : 0.000522 0.999478
106 106 (0) 6 : 0.000420 0.999580
107 107 (0) 6 : 0.000356 0.999644
108 108 (0) 6 : 0.000364 0.999636
109 109 (0) 6 : 0.002597 0.997403
110 110 (0) 2 : 0.000658 0.999342
111 111 (0) 2 : 0.000470 0.999530
112 112 (0) 2 : 0.001205 0.998795
113 113 (0) 2 : 0.030653 0.969347
114 114 (0) 2 : 0.035222 0.964778
115 115 (0) 3 : 0.000235 0.999765
1 1 (0) 1 : 0.999634 0.000366
2 2 (0) 1 : 0.999659 0.000341
3 3 (0) 1 : 0.999561 0.000439
4 4 (0) 1 : 0.999559 0.000441
5 5 (0) 1 : 0.999630 0.000370
6 6 (0) 1 : 0.999627 0.000373
7 7 (0) 1 : 0.999648 0.000352
8 8 (0) 1 : 0.999758 0.000242
9 9 (0) 1 : 0.999776 0.000224
10 10 (0) 1 : 0.999715 0.000285
11 11 (0) 1 : 0.999652 0.000348
12 12 (0) 1 : 0.999753 0.000247
13 13 (0) 1 : 0.999661 0.000339
14 14 (0) 1 : 0.999674 0.000326
15 15 (0) 1 : 0.999643 0.000357
16 16 (0) 1 : 0.999634 0.000366
17 17 (0) 1 : 0.999614 0.000386
18 18 (0) 2 : 0.411534 0.588466
19 19 (0) 2 : 0.373623 0.626377
20 20 (0) 3 : 0.999630 0.000370
21 21 (0) 3 : 0.999649 0.000351
22 22 (0) 2 : 0.355725 0.644275
23 23 (0) 2 : 0.389293 0.610707
24 24 (0) 2 : 0.362723 0.637277
25 25 (0) 4 : 0.044566 0.955434
26 26 (0) 4 : 0.000269 0.999731
27 27 (0) 4 : 0.000473 0.999527
28 28 (0) 4 : 0.000380 0.999620
29 29 (0) 4 : 0.000559 0.999441
30 30 (0) 4 : 0.069243 0.930757
31 31 (0) 4 : 0.000411 0.999589
32 32 (0) 4 : 0.000613 0.999387
33 33 (0) 4 : 0.000397 0.999603
34 34 (0) 4 : 0.013866 0.986134
35 35 (0) 4 : 0.091046 0.908954
36 36 (0) 4 : 0.000266 0.999734
37 37 (0) 4 : 0.000268 0.999732
38 38 (0) 4 : 0.000344 0.999656
39 39 (0) 4 : 0.000279 0.999721
40 40 (0) 4 : 0.000279 0.999721
41 41 (0) 4 : 0.000396 0.999604
42 42 (0) 4 : 0.000401 0.999599
43 43 (0) 4 : 0.000458 0.999542
44 44 (0) 4 : 0.000500 0.999500
45 45 (0) 4 : 0.000372 0.999628
46 46 (0) 4 : 0.000602 0.999398
47 47 (0) 4 : 0.000402 0.999598
48 48 (0) 4 : 0.111717 0.888283
49 49 (0) 4 : 0.000367 0.999633
50 50 (0) 4 : 0.000350 0.999650
51 51 (0) 1 : 0.999742 0.000258
52 52 (0) 1 : 0.999729 0.000271
53 53 (0) 1 : 0.779749 0.220251
54 54 (0) 1 : 0.393252 0.606748
55 55 (0) 1 : 0.538331 0.461669
56 56 (0) 1 : 0.394343 0.605657
57 57 (0) 1 : 0.457219 0.542781
58 58 (0) 1 : 0.533689 0.466311
59 59 (0) 1 : 0.954446 0.045554
60 60 (0) 1 : 0.999599 0.000401
61 61 (0) 1 : 0.999779 0.000221
62 62 (0) 1 : 0.780905 0.219095
63 63 (0) 1 : 0.864344 0.135656
64 64 (0) 1 : 0.999658 0.000342
65 65 (0) 1 : 0.999661 0.000339
66 66 (0) 1 : 0.999650 0.000350
67 67 (0) 1 : 0.999666 0.000334
68 68 (0) 1 : 0.999563 0.000437
69 69 (0) 1 : 0.999565 0.000435
70 70 (0) 1 : 0.999673 0.000327
71 71 (0) 1 : 0.999619 0.000381
72 72 (0) 1 : 0.999623 0.000377
73 73 (0) 1 : 0.999643 0.000357
74 74 (0) 1 : 0.999786 0.000214
75 75 (0) 1 : 0.999788 0.000212
76 76 (0) 1 : 0.999548 0.000452
77 77 (0) 1 : 0.999636 0.000364
78 78 (0) 1 : 0.999629 0.000371
79 79 (0) 1 : 0.684270 0.315730
80 80 (0) 1 : 0.999759 0.000241
81 81 (0) 1 : 0.999690 0.000310
82 82 (0) 1 : 0.999727 0.000273
83 83 (0) 1 : 0.979045 0.020955
84 84 (0) 1 : 0.987061 0.012939
85 85 (0) 1 : 0.999778 0.000222
86 86 (0) 1 : 0.999761 0.000239
87 87 (0) 5 : 0.393177 0.606823
88 88 (0) 5 : 0.292925 0.707075
89 89 (0) 5 : 0.439603 0.560397
90 90 (0) 5 : 0.071841 0.928159
91 91 (0) 5 : 0.000807 0.999193
92 92 (0) 5 : 0.314427 0.685573
93 93 (0) 5 : 0.226892 0.773108
94 94 (0) 5 : 0.179036 0.820964
95 95 (0) 5 : 0.001760 0.998240
96 96 (0) 5 : 0.157170 0.842830
97 97 (0) 6 : 0.999686 0.000314
98 98 (0) 6 : 0.999681 0.000319
99 99 (0) 6 : 0.999701 0.000299
100 100 (0) 6 : 0.999869 0.000131
101 101 (0) 6 : 0.999775 0.000225
102 102 (0) 6 : 0.999776 0.000224
103 103 (0) 6 : 0.999690 0.000310
104 104 (0) 6 : 0.999663 0.000337
105 105 (0) 6 : 0.999624 0.000376
106 106 (0) 6 : 0.999599 0.000401
107 107 (0) 6 : 0.999655 0.000345
108 108 (0) 6 : 0.999645 0.000355
109 109 (0) 6 : 0.999573 0.000427
110 110 (0) 2 : 0.431147 0.568853
111 111 (0) 2 : 0.356624 0.643376
112 112 (0) 2 : 0.395964 0.604036
113 113 (0) 2 : 0.339065 0.660935
114 114 (0) 2 : 0.323174 0.676826
115 115 (0) 3 : 0.999541 0.000459
1 1 (0) 1 : 0.000366 0.999634
2 2 (0) 1 : 0.000341 0.999659
3 3 (0) 1 : 0.000439 0.999561
4 4 (0) 1 : 0.000441 0.999559
5 5 (0) 1 : 0.000370 0.999630
6 6 (0) 1 : 0.000373 0.999627
7 7 (0) 1 : 0.000352 0.999648
8 8 (0) 1 : 0.000242 0.999758
9 9 (0) 1 : 0.000159 0.999841
10 10 (0) 1 : 0.000285 0.999715
11 11 (0) 1 : 0.000348 0.999652
12 12 (0) 1 : 0.000247 0.999753
13 13 (0) 1 : 0.000339 0.999661
14 14 (0) 1 : 0.000326 0.999674
15 15 (0) 1 : 0.000357 0.999643
16 16 (0) 1 : 0.000366 0.999634
17 17 (0) 1 : 0.000386 0.999614
18 18 (0) 2 : 0.588270 0.411730
19 19 (0) 2 : 0.626079 0.373921
20 20 (0) 3 : 0.000370 0.999630
21 21 (0) 3 : 0.000351 0.999649
22 22 (0) 2 : 0.643973 0.356027
23 23 (0) 2 : 0.610467 0.389533
24 24 (0) 2 : 0.637083 0.362917
25 25 (0) 4 : 0.957640 0.042360
26 26 (0) 4 : 0.999731 0.000269
27 27 (0) 4 : 0.999527 0.000473
28 28 (0) 4 : 0.999620 0.000380
29 29 (0) 4 : 0.999441 0.000559
30 30 (0) 4 : 0.930561 0.069439
31 31 (0) 4 : 0.999589 0.000411
32 32 (0) 4 : 0.999386 0.000614
33 33 (0) 4 : 0.999603 0.000397
34 34 (0) 4 : 0.989134 0.010866
35 35 (0) 4 : 0.908712 0.091288
36 36 (0) 4 : 0.999734 0.000266
37 37 (0) 4 : 0.999732 0.000268
38 38 (0) 4 : 0.999656 0.000344
39 39 (0) 4 : 0.999721 0.000279
40 40 (0) 4 : 0.999722 0.000278
41 41 (0) 4 : 0.999604 0.000396
42 42 (0) 4 : 0.999599 0.000401
43 43 (0) 4 : 0.999542 0.000458
44 44 (0) 4 : 0.999500 0.000500
45 45 (0) 4 : 0.999628 0.000372
46 46 (0) 4 : 0.999401 0.000599
47 47 (0) 4 : 0.999598 0.000402
48 48 (0) 4 : 0.888226 0.111774
49 49 (0) 4 : 0.999633 0.000367
50 50 (0) 4 : 0.999650 0.000350
51 51 (0) 1 : 0.000258 0.999742
52 52 (0) 1 : 0.000271 0.999729
53 53 (0) 1 : 0.220083 0.779917
54 54 (0) 1 : 0.606631 0.393369
55 55 (0) 1 : 0.461527 0.538473
56 56 (0) 1 : 0.605592 0.394408
57 57 (0) 1 : 0.542707 0.457293
58 58 (0) 1 : 0.466199 0.533801
59 59 (0) 1 : 0.045528 0.954472
60 60 (0) 1 : 0.000401 0.999599
61 61 (0) 1 : 0.000221 0.999779
62 62 (0) 1 : 0.218994 0.781006
63 63 (0) 1 : 0.135558 0.864442
64 64 (0) 1 : 0.000342 0.999658
65 65 (0) 1 : 0.000339 0.999661
66 66 (0) 1 : 0.000350 0.999650
67 67 (0) 1 : 0.000334 0.999666
68 68 (0) 1 : 0.000436 0.999564
69 69 (0) 1 : 0.000435 0.999565
70 70 (0) 1 : 0.000327 0.999673
71 71 (0) 1 : 0.000381 0.999619
72 72 (0) 1 : 0.000377 0.999623
73 73 (0) 1 : 0.000357 0.999643
74 74 (0) 1 : 0.000214 0.999786
75 75 (0) 1 : 0.000213 0.999787
76 76 (0) 1 : 0.000452 0.999548
77 77 (0) 1 : 0.000364 0.999636
78 78 (0) 1 : 0.000371 0.999629
79 79 (0) 1 : 0.315622 0.684378
80 80 (0) 1 : 0.000241 0.999759
81 81 (0) 1 : 0.000310 0.999690
82 82 (0) 1 : 0.000273 0.999727
83 83 (0) 1 : 0.020928 0.979072
84 84 (0) 1 : 0.012590 0.987410
85 85 (0) 1 : 0.000222 0.999778
86 86 (0) 1 : 0.000239 0.999761
87 87 (0) 5 : 0.606793 0.393207
88 88 (0) 5 : 0.707031 0.292969
89 89 (0) 5 : 0.560392 0.439608
90 90 (0) 5 : 0.927493 0.072507
91 91 (0) 5 : 0.999185 0.000815
92 92 (0) 5 : 0.685526 0.314474
93 93 (0) 5 : 0.772881 0.227119
94 94 (0) 5 : 0.820929 0.179071
95 95 (0) 5 : 0.998044 0.001956
96 96 (0) 5 : 0.842608 0.157392
97 97 (0) 6 : 0.000314 0.999686
98 98 (0) 6 : 0.000319 0.999681
99 99 (0) 6 : 0.000299 0.999701
100 100 (0) 6 : 0.000228 0.999772
101 101 (0) 6 : 0.000225 0.999775
102 102 (0) 6 : 0.000224 0.999776
103 103 (0) 6 : 0.000310 0.999690
104 104 (0) 6 : 0.000337 0.999663
105 105 (0) 6 : 0.000376 0.999624
106 106 (0) 6 : 0.000401 0.999599
107 107 (0) 6 : 0.000345 0.999655
108 108 (0) 6 : 0.000355 0.999645
109 109 (0) 6 : 0.000427 0.999573
110 110 (0) 2 : 0.568611 0.431389
111 111 (0) 2 : 0.643048 0.356952
112 112 (0) 2 : 0.603631 0.396369
113 113 (0) 2 : 0.660649 0.339351
114 114 (0) 2 : 0.676448 0.323552
115 115 (0) 3 : 0.000457 0.999543
1 1 (0) 1 : 0.000364 0.999636
2 2 (0) 1 : 0.000321 0.999679
3 3 (0) 1 : 0.000428 0.999572
4 4 (0) 1 : 0.000416 0.999584
5 5 (0) 1 : 0.000358 0.999642
6 6 (0) 1 : 0.000363 0.999637
7 7 (0) 1 : 0.000353 0.999647
8 8 (0) 1 : 0.000234 0.999766
9 9 (0) 1 : 0.000222 0.999778
10 10 (0) 1 : 0.000284 0.999716
11 11 (0) 1 : 0.000356 0.999644
12 12 (0) 1 : 0.000243 0.999757
13 13 (0) 1 : 0.000333 0.999667
14 14 (0) 1 : 0.000325 0.999675
15 15 (0) 1 : 0.000331 0.999669
16 16 (0) 1 : 0.000358 0.999642
17 17 (0) 1 : 0.000374 0.999626
18 18 (0) 2 : 0.000345 0.999655
19 19 (0) 2 : 0.000667 0.999333
20 20 (0) 3 : 0.000266 0.999734
21 21 (0) 3 : 0.000264 0.999736
22 22 (0) 2 : 0.000569 0.999431
23 23 (0) 2 : 0.000352 0.999648
24 24 (0) 2 : 0.000397 0.999603
25 25 (0) 4 : 0.897901 0.102099
26 26 (0) 4 : 0.999714 0.000286
27 27 (0) 4 : 0.999512 0.000488
28 28 (0) 4 : 0.999617 0.000383
29 29 (0) 4 : 0.999308 0.000692
30 30 (0) 4 : 0.874465 0.125535
31 31 (0) 4 : 0.999575 0.000425
32 32 (0) 4 : 0.999305 0.000695
33 33 (0) 4 : 0.999586 0.000414
34 34 (0) 4 : 0.871528 0.128472
35 35 (0) 4 : 0.772244 0.227756
36 36 (0) 4 : 0.999721 0.000279
37 37 (0) 4 : 0.999721 0.000279
38 38 (0) 4 : 0.999656 0.000344
39 39 (0) 4 : 0.999716 0.000284
40 40 (0) 4 : 0.999724 0.000276
41 41 (0) 4 : 0.999598 0.000402
42 42 (0) 4 : 0.999593 0.000407
43 43 (0) 4 : 0.999516 0.000484
44 44 (0) 4 : 0.999346 0.000654
45 45 (0) 4 : 0.999622 0.000378
46 46 (0) 4 : 0.979679 0.020321
47 47 (0) 4 : 0.999590 0.000410
48 48 (0) 4 : 0.826367 0.173633
49 49 (0) 4 : 0.999635 0.000365
50 50 (0) 4 : 0.999645 0.000355
51 51 (0) 1 : 0.000232 0.999768
52 52 (0) 1 : 0.000249 0.999751
53 53 (0) 1 : 0.111620 0.888380
54 54 (0) 1 : 0.513940 0.486060
55 55 (0) 1 : 0.378077 0.621923
56 56 (0) 1 : 0.544077 0.455923
57 57 (0) 1 : 0.496092 0.503908
58 58 (0) 1 : 0.406415 0.593585
59 59 (0) 1 : 0.001589 0.998411
60 60 (0) 1 : 0.000377 0.999623
61 61 (0) 1 : 0.000211 0.999789
62 62 (0) 1 : 0.166320 0.833680
63 63 (0) 1 : 0.103290 0.896710
64 64 (0) 1 : 0.000338 0.999662
65 65 (0) 1 : 0.000332 0.999668
66 66 (0) 1 : 0.000350 0.999650
67 67 (0) 1 : 0.000332 0.999668
68 68 (0) 1 : 0.000424 0.999576
69 69 (0) 1 : 0.000430 0.999570
70 70 (0) 1 : 0.000316 0.999684
71 71 (0) 1 : 0.000369 0.999631
72 72 (0) 1 : 0.000375 0.999625
73 73 (0) 1 : 0.000340 0.999660
74 74 (0) 1 : 0.000207 0.999793
75 75 (0) 1 : 0.000207 0.999793
76 76 (0) 1 : 0.000453 0.999547
77 77 (0) 1 : 0.000358 0.999642
78 78 (0) 1 : 0.000372 0.999628
79 79 (0) 1 : 0.213039 0.786961
80 80 (0) 1 : 0.000216 0.999784
81 81 (0) 1 : 0.000236 0.999764
82 82 (0) 1 : 0.000252 0.999748
83 83 (0) 1 : 0.000615 0.999385
84 84 (0) 1 : 0.000660 0.999340
85 85 (0) 1 : 0.000211 0.999789
86 86 (0) 1 : 0.000221 0.999779
87 87 (0) 5 : 0.500297 0.499703
88 88 (0) 5 : 0.593000 0.407000
89 89 (0) 5 : 0.431214 0.568786
90 90 (0) 5 : 0.835005 0.164995
91 91 (0) 5 : 0.909791 0.090209
92 92 (0) 5 : 0.591124 0.408876
93 93 (0) 5 : 0.709848 0.290152
94 94 (0) 5 : 0.690442 0.309558
95 95 (0) 5 : 0.918325 0.081675
96 96 (0) 5 : 0.768251 0.231749
97 97 (0) 6 : 0.000314 0.999686
98 98 (0) 6 : 0.000311 0.999689
99 99 (0) 6 : 0.000295 0.999705
100 100 (0) 6 : 0.000194 0.999806
101 101 (0) 6 : 0.000222 0.999778
102 102 (0) 6 : 0.000229 0.999771
103 103 (0) 6 : 0.000309 0.999691
104 104 (0) 6 : 0.000334 0.999666
105 105 (0) 6 : 0.000521 0.999479
106 106 (0) 6 : 0.000420 0.999580
107 107 (0) 6 : 0.000356 0.999644
108 108 (0) 6 : 0.000364 0.999636
109 109 (0) 6 : 0.002234 0.997766
110 110 (0) 2 : 0.000666 0.999334
111 111 (0) 2 : 0.000470 0.999530
112 112 (0) 2 : 0.001364 0.998636
113 113 (0) 2 : 0.031195 0.968805
114 114 (0) 2 : 0.036767 0.963233
115 115 (0) 3 : 0.000235 0.999765
1 1 (0) 1 : 0.000364 0.999636
2 2 (0) 1 : 0.000321 0.999679
3 3 (0) 1 : 0.000428 0.999572
4 4 (0) 1 : 0.000416 0.999584
5 5 (0) 1 : 0.000358 0.999642
6 6 (0) 1 : 0.000362 0.999638
7 7 (0) 1 : 0.000353 0.999647
8 8 (0) 1 : 0.000234 0.999766
9 9 (0) 1 : 0.000222 0.999778
10 10 (0) 1 : 0.000284 0.999716
11 11 (0) 1 : 0.000356 0.999644
12 12 (0) 1 : 0.000243 0.999757
13 13 (0) 1 : 0.000332 0.999668
14 14 (0) 1 : 0.000325 0.999675
15 15 (0) 1 : 0.000331 0.999669
16 16 (0) 1 : 0.000358 0.999642
17 17 (0) 1 : 0.000374 0.999626
18 18 (0) 2 : 0.000344 0.999656
19 19 (0) 2 : 0.000663 0.999337
20 20 (0) 3 : 0.000266 0.999734
21 21 (0) 3 : 0.000264 0.999736
22 22 (0) 2 : 0.000567 0.999433
23 23 (0) 2 : 0.000351 0.999649
24 24 (0) 2 : 0.000396 0.999604
25 25 (0) 4 : 0.897263 0.102737
26 26 (0) 4 : 0.999714 0.000286
27 27 (0) 4 : 0.999512 0.000488
28 28 (0) 4 : 0.999617 0.000383
29 29 (0) 4 : 0.999307 0.000693
30 30 (0) 4 : 0.874272 0.125728
31 31 (0) 4 : 0.999575 0.000425
32 32 (0) 4 : 0.999305 0.000695
33 33 (0) 4 : 0.999586 0.000414
34 34 (0) 4 : 0.870712 0.129288
35 35 (0) 4 : 0.771501 0.228499
36 36 (0) 4 : 0.999721 0.000279
37 37 (0) 4 : 0.999721 0.000279
38 38 (0) 4 : 0.999656 0.000344
39 39 (0) 4 : 0.999715 0.000285
40 40 (0) 4 : 0.999724 0.000276
41 41 (0) 4 : 0.999598 0.000402
42 42 (0) 4 : 0.999593 0.000407
43 43 (0) 4 : 0.999515 0.000485
44 44 (0) 4 : 0.999345 0.000655
45 45 (0) 4 : 0.999622 0.000378
46 46 (0) 4 : 0.979225 0.020775
47 47 (0) 4 : 0.999590 0.000410
48 48 (0) 4 : 0.825976 0.174024
49 49 (0) 4 : 0.999635 0.000365
50 50 (0) 4 : 0.999645 0.000355
51 51 (0) 1 : 0.000232 0.999768
52 52 (0) 1 : 0.000248 0.999752
53 53 (0) 1 : 0.111535 0.888465
54 54 (0) 1 : 0.513760 0.486240
55 55 (0) 1 : 0.377666 0.622334
56 56 (0) 1 : 0.543763 0.456237
57 57 (0) 1 : 0.495789 0.504211
58 58 (0) 1 : 0.406146 0.593854
59 59 (0) 1 : 0.001617 0.998383
60 60 (0) 1 : 0.000377 0.999623
61 61 (0) 1 : 0.000210 0.999790
62 62 (0) 1 : 0.166263 0.833737
63 63 (0) 1 : 0.103266 0.896734
64 64 (0) 1 : 0.000338 0.999662
65 65 (0) 1 : 0.000332 0.999668
66 66 (0) 1 : 0.000350 0.999650
67 67 (0) 1 : 0.000332 0.999668
68 68 (0) 1 : 0.000424 0.999576
69 69 (0) 1 : 0.000430 0.999570
70 70 (0) 1 : 0.000316 0.999684
71 71 (0) 1 : 0.000369 0.999631
72 72 (0) 1 : 0.000375 0.999625
73 73 (0) 1 : 0.000340 0.999660
74 74 (0) 1 : 0.000207 0.999793
75 75 (0) 1 : 0.000207 0.999793
76 76 (0) 1 : 0.000453 0.999547
77 77 (0) 1 : 0.000358 0.999642
78 78 (0) 1 : 0.000372 0.999628
79 79 (0) 1 : 0.212902 0.787098
80 80 (0) 1 : 0.000216 0.999784
81 81 (0) 1 : 0.000236 0.999764
82 82 (0) 1 : 0.000252 0.999748
83 83 (0) 1 : 0.000614 0.999386
84 84 (0) 1 : 0.000659 0.999341
85 85 (0) 1 : 0.000211 0.999789
86 86 (0) 1 : 0.000221 0.999779
87 87 (0) 5 : 0.499830 0.500170
88 88 (0) 5 : 0.592450 0.407550
89 89 (0) 5 : 0.430737 0.569263
90 90 (0) 5 : 0.834644 0.165356
91 91 (0) 5 : 0.909402 0.090598
92 92 (0) 5 : 0.590751 0.409249
93 93 (0) 5 : 0.709569 0.290431
94 94 (0) 5 : 0.689883 0.310117
95 95 (0) 5 : 0.917991 0.082009
96 96 (0) 5 : 0.767841 0.232159
97 97 (0) 6 : 0.000314 0.999686
98 98 (0) 6 : 0.000311 0.999689
99 99 (0) 6 : 0.000295 0.999705
100 100 (0) 6 : 0.000200 0.999800
101 101 (0) 6 : 0.000222 0.999778
102 102 (0) 6 : 0.000229 0.999771
103 103 (0) 6 : 0.000309 0.999691
104 104 (0) 6 : 0.000334 0.999666
105 105 (0) 6 : 0.000522 0.999478
106 106 (0) 6 : 0.000420 0.999580
107 107 (0) 6 : 0.000356 0.999644
108 108 (0) 6 : 0.000364 0.999636
109 109 (0) 6 : 0.002818 0.997182
110 110 (0) 2 : 0.000650 0.999350
111 111 (0) 2 : 0.000469 0.999531
112 112 (0) 2 : 0.001115 0.998885
113 113 (0) 2 : 0.029933 0.970067
114 114 (0) 2 : 0.033296 0.966704
115 115 (0) 3 : 0.000235 0.999765
