1 1 (0) 1 : 0.999752 0.000041 0.000041 0.000041 0.000041 0.000041 0.000041
2 2 (0) 1 : 0.999763 0.000039 0.000039 0.000039 0.000039 0.000039 0.000039
3 3 (0) 1 : 0.999749 0.000042 0.000042 0.000042 0.000042 0.000042 0.000042
4 4 (0) 1 : 0.999747 0.000042 0.000042 0.000042 0.000042 0.000042 0.000042
5 5 (0) 1 : 0.999736 0.000044 0.000044 0.000044 0.000044 0.000044 0.000044
6 6 (0) 1 : 0.999746 0.000042 0.000042 0.000042 0.000042 0.000042 0.000042
7 7 (0) 1 : 0.000046 0.000046 0.000046 0.000046 0.000046 0.000046 0.999726
8 8 (0) 1 : 0.000032 0.000032 0.000032 0.000032 0.000032 0.000032 0.999807
9 9 (0) 1 : 0.000030 0.000030 0.000030 0.000030 0.000030 0.000030 0.999819
10 10 (0) 1 : 0.000035 0.000035 0.000035 0.000035 0.000035 0.000035 0.999789
11 11 (0) 1 : 0.000041 0.000041 0.000041 0.000041 0.000041 0.000041 0.999753
12 12 (0) 1 : 0.000034 0.000034 0.000034 0.000034 0.000034 0.000034 0.999797
13 13 (0) 1 : 0.000040 0.000040 0.000040 0.000040 0.000040 0.000040 0.999758
14 14 (0) 1 : 0.000041 0.000041 0.000041 0.000041 0.000041 0.000041 0.999755
15 15 (0) 1 : 0.000041 0.000041 0.000041 0.000041 0.000041 0.000041 0.999755
16 16 (0) 1 : 0.000043 0.000043 0.000043 0.000043 0.000043 0.000043 0.999741
17 17 (0) 1 : 0.000047 0.000047 0.000047 0.000047 0.000047 0.000047 0.999719
18 18 (0) 2 : 0.000033 0.000032 0.000032 0.000032 0.000032 0.000032 0.999809
19 19 (0) 2 : 0.000042 0.000041 0.000041 0.000041 0.000041 0.000041 0.999753
20 20 (0) 3 : 0.000032 0.000032 0.000032 0.000032 0.000032 0.000032 0.999806
21 21 (0) 3 : 0.000034 0.000034 0.000034 0.000034 0.000034 0.000034 0.999798
22 22 (0) 2 : 0.000043 0.000042 0.000042 0.000042 0.000042 0.000042 0.999748
23 23 (0) 2 : 0.000034 0.000032 0.000032 0.000032 0.000032 0.000032 0.999805
24 24 (0) 2 : 0.000032 0.000031 0.000031 0.000031 0.000031 0.000031 0.999812
25 25 (0) 4 : 0.000037 0.000037 0.000037 0.000037 0.928921 0.000037 0.070893
26 26 (0) 4 : 0.000033 0.000033 0.000033 0.000033 0.999804 0.000033 0.000033
27 27 (0) 4 : 0.000050 0.000048 0.000048 0.000048 0.999710 0.000048 0.000048
28 28 (0) 4 : 0.000043 0.000042 0.000042 0.000042 0.999746 0.000042 0.000042
29 29 (0) 4 : 0.000052 0.000049 0.000049 0.000049 0.999701 0.000049 0.000050
30 30 (0) 4 : 0.109892 0.000055 0.000055 0.000055 0.889828 0.000055 0.000059
31 31 (0) 4 : 0.000048 0.000045 0.000045 0.000045 0.999726 0.000045 0.000045
32 32 (0) 4 : 0.000071 0.000047 0.000047 0.000047 0.999689 0.000047 0.000051
33 33 (0) 4 : 0.000041 0.000040 0.000040 0.000040 0.999757 0.000040 0.000040
34 34 (0) 4 : 0.000031 0.000031 0.000031 0.000031 0.888094 0.000031 0.111751
35 35 (0) 4 : 0.000030 0.000030 0.000030 0.000030 0.821542 0.000030 0.178309
36 36 (0) 4 : 0.000037 0.000030 0.000030 0.000030 0.999813 0.000030 0.000030
37 37 (0) 4 : 0.000042 0.000030 0.000030 0.000030 0.999806 0.000030 0.000031
38 38 (0) 4 : 0.000039 0.000038 0.000038 0.000038 0.999769 0.000038 0.000039
39 39 (0) 4 : 0.000037 0.000032 0.000032 0.000032 0.999803 0.000032 0.000032
40 40 (0) 4 : 0.000043 0.000030 0.000030 0.000030 0.999807 0.000030 0.000030
41 41 (0) 4 : 0.000043 0.000042 0.000042 0.000042 0.999745 0.000042 0.000042
42 42 (0) 4 : 0.000042 0.000041 0.000041 0.000041 0.999752 0.000041 0.000041
43 43 (0) 4 : 0.000045 0.000043 0.000043 0.000043 0.999740 0.000043 0.000043
44 44 (0) 4 : 0.000047 0.000041 0.000041 0.000041 0.999745 0.000041 0.000043
45 45 (0) 4 : 0.000043 0.000042 0.000042 0.000042 0.999748 0.000042 0.000042
46 46 (0) 4 : 0.000044 0.000042 0.000042 0.000042 0.896056 0.000042 0.103734
47 47 (0) 4 : 0.000044 0.000043 0.000043 0.000043 0.999740 0.000043 0.000044
48 48 (0) 4 : 0.127420 0.000041 0.000041 0.000041 0.872376 0.000041 0.000041
49 49 (0) 4 : 0.000040 0.000040 0.000040 0.000040 0.999761 0.000040 0.000040
50 50 (0) 4 : 0.000041 0.000041 0.000041 0.000041 0.999754 0.000041 0.000041
51 51 (0) 1 : 0.000027 0.000027 0.000027 0.000027 0.000027 0.000027 0.999837
52 52 (0) 1 : 0.113949 0.000029 0.000029 0.000029 0.000029 0.000029 0.885907
53 53 (0) 1 : 0.909020 0.000046 0.000046 0.000046 0.090751 0.000046 0.000046
54 54 (0) 1 : 0.515635 0.000032 0.000032 0.000032 0.484205 0.000032 0.000033
55 55 (0) 1 : 0.920170 0.000049 0.000049 0.000049 0.079584 0.000049 0.000049
56 56 (0) 1 : 0.584029 0.000031 0.000031 0.000031 0.415817 0.000031 0.000031
57 57 (0) 1 : 0.624571 0.000029 0.000029 0.000029 0.375282 0.000029 0.000029
58 58 (0) 1 : 0.784499 0.000040 0.000040 0.000040 0.215302 0.000040 0.000040
59 59 (0) 1 : 0.000039 0.000039 0.000039 0.000039 0.000039 0.000039 0.999767
60 60 (0) 1 : 0.000040 0.000040 0.000040 0.000040 0.000040 0.000040 0.999761
61 61 (0) 1 : 0.000028 0.000028 0.000028 0.000028 0.000028 0.000028 0.999833
62 62 (0) 1 : 0.000087 0.000035 0.000035 0.000035 0.114649 0.000035 0.885121
63 63 (0) 1 : 0.000037 0.000037 0.000037 0.000037 0.074997 0.000037 0.924817
64 64 (0) 1 : 0.000041 0.000041 0.000041 0.000041 0.000041 0.000041 0.999752
65 65 (0) 1 : 0.000041 0.000041 0.000041 0.000041 0.000041 0.000041 0.999757
66 66 (0) 1 : 0.000045 0.000045 0.000045 0.000045 0.000045 0.000045 0.999730
67 67 (0) 1 : 0.000040 0.000040 0.000040 0.000040 0.000040 0.000040 0.999762
68 68 (0) 1 : 0.000046 0.000046 0.000046 0.000046 0.000046 0.000046 0.999724
69 69 (0) 1 : 0.000049 0.000049 0.000049 0.000049 0.000049 0.000049 0.999705
70 70 (0) 1 : 0.000038 0.000037 0.000037 0.000037 0.000037 0.000037 0.999775
71 71 (0) 1 : 0.000044 0.000044 0.000044 0.000044 0.000044 0.000044 0.999737
72 72 (0) 1 : 0.000043 0.000043 0.000043 0.000043 0.000043 0.000043 0.999743
73 73 (0) 1 : 0.000040 0.000040 0.000040 0.000040 0.000040 0.000040 0.999761
74 74 (0) 1 : 0.000028 0.000028 0.000028 0.000028 0.000028 0.000028 0.999830
75 75 (0) 1 : 0.000028 0.000028 0.000028 0.000028 0.000028 0.000028 0.999832
76 76 (0) 1 : 0.000055 0.000055 0.000055 0.000055 0.000055 0.000055 0.999670
77 77 (0) 1 : 0.000043 0.000043 0.000043 0.000043 0.000043 0.000043 0.999742
78 78 (0) 1 : 0.000043 0.000042 0.000042 0.000042 0.000042 0.000042 0.999745
79 79 (0) 1 : 0.999789 0.000035 0.000035 0.000035 0.000035 0.000035 0.000035
80 80 (0) 1 : 0.000028 0.000028 0.000028 0.000028 0.000028 0.000028 0.999833
81 81 (0) 1 : 0.077514 0.000028 0.000028 0.000028 0.000028 0.000028 0.922347
82 82 (0) 1 : 0.000031 0.000031 0.000031 0.000031 0.000031 0.000031 0.999813
83 83 (0) 1 : 0.640498 0.000040 0.000040 0.000040 0.000040 0.000040 0.359300
84 84 (0) 1 : 0.999670 0.000055 0.000055 0.000055 0.000055 0.000055 0.000055
85 85 (0) 1 : 0.000028 0.000028 0.000028 0.000028 0.000028 0.000028 0.999830
86 86 (0) 1 : 0.000028 0.000028 0.000028 0.000028 0.000028 0.000028 0.999833
87 87 (0) 5 : 0.698600 0.000043 0.000043 0.000043 0.000043 0.000043 0.301183
88 88 (0) 5 : 0.000038 0.000037 0.000037 0.000037 0.665715 0.000037 0.334097
89 89 (0) 5 : 0.999824 0.000029 0.000029 0.000029 0.000029 0.000029 0.000029
90 90 (0) 5 : 0.075425 0.000043 0.000043 0.000043 0.924353 0.000043 0.000051
91 91 (0) 5 : 0.000043 0.000041 0.000041 0.000041 0.999750 0.000041 0.000044
92 92 (0) 5 : 0.000036 0.000033 0.000033 0.000033 0.657509 0.000033 0.342323
93 93 (0) 5 : 0.265589 0.000046 0.000046 0.000046 0.734180 0.000046 0.000047
94 94 (0) 5 : 0.000034 0.000034 0.000034 0.000034 0.713760 0.000034 0.286069
95 95 (0) 5 : 0.000050 0.000044 0.000044 0.000044 0.999726 0.000044 0.000046
96 96 (0) 5 : 0.156361 0.000039 0.000039 0.000039 0.843439 0.000039 0.000043
97 97 (0) 6 : 0.999765 0.000039 0.000039 0.000039 0.000039 0.000039 0.000039
98 98 (0) 6 : 0.999775 0.000038 0.000038 0.000038 0.000037 0.000038 0.000038
99 99 (0) 6 : 0.999773 0.000038 0.000038 0.000038 0.000038 0.000038 0.000038
100 100 (0) 6 : 0.999815 0.000031 0.000031 0.000031 0.000031 0.000031 0.000032
101 101 (0) 6 : 0.999815 0.000031 0.000031 0.000031 0.000031 0.000031 0.000032
102 102 (0) 6 : 0.999825 0.000029 0.000029 0.000029 0.000029 0.000029 0.000031
103 103 (0) 6 : 0.999769 0.000038 0.000038 0.000038 0.000038 0.000038 0.000039
104 104 (0) 6 : 0.999756 0.000041 0.000041 0.000041 0.000041 0.000041 0.000041
105 105 (0) 6 : 0.999760 0.000040 0.000040 0.000040 0.000040 0.000040 0.000040
106 106 (0) 6 : 0.999731 0.000045 0.000045 0.000045 0.000045 0.000045 0.000045
107 107 (0) 6 : 0.999760 0.000040 0.000040 0.000040 0.000040 0.000040 0.000040
108 108 (0) 6 : 0.999747 0.000042 0.000042 0.000042 0.000042 0.000042 0.000042
109 109 (0) 6 : 0.999751 0.000041 0.000041 0.000041 0.000042 0.000041 0.000041
110 110 (0) 2 : 0.000034 0.000032 0.000032 0.000032 0.000032 0.000032 0.999807
111 111 (0) 2 : 0.000042 0.000041 0.000041 0.000041 0.000041 0.000041 0.999753
112 112 (0) 2 : 0.000042 0.000042 0.000042 0.000042 0.000042 0.000042 0.999750
113 113 (0) 2 : 0.000039 0.000038 0.000038 0.000038 0.000038 0.000038 0.999771
114 114 (0) 2 : 0.000041 0.000040 0.000040 0.000040 0.000040 0.000040 0.999761
115 115 (0) 3 : 0.000028 0.000028 0.000028 0.000028 0.000028 0.000028 0.999830
