1 1 (0) 1 : 0.000384 0.999616
2 2 (0) 1 : 0.000351 0.999649
3 3 (0) 1 : 0.000438 0.999562
4 4 (0) 1 : 0.000467 0.999533
5 5 (0) 1 : 0.000387 0.999613
6 6 (0) 1 : 0.000394 0.999606
7 7 (0) 1 : 0.000365 0.999635
8 8 (0) 1 : 0.000239 0.999761
9 9 (0) 1 : 0.000229 0.999771
10 10 (0) 1 : 0.000278 0.999722
11 11 (0) 1 : 0.000371 0.999629
12 12 (0) 1 : 0.000246 0.999754
13 13 (0) 1 : 0.000335 0.999665
14 14 (0) 1 : 0.000332 0.999668
15 15 (0) 1 : 0.000327 0.999673
16 16 (0) 1 : 0.000349 0.999651
17 17 (0) 1 : 0.000376 0.999624
18 18 (0) 2 : 0.000365 0.999635
19 19 (0) 2 : 0.000621 0.999379
20 20 (0) 3 : 0.000290 0.999710
21 21 (0) 3 : 0.000291 0.999709
22 22 (0) 2 : 0.000717 0.999283
23 23 (0) 2 : 0.000444 0.999556
24 24 (0) 2 : 0.000431 0.999569
25 25 (0) 4 : 0.905451 0.094549
26 26 (0) 4 : 0.999685 0.000315
27 27 (0) 4 : 0.999546 0.000454
28 28 (0) 4 : 0.999609 0.000391
29 29 (0) 4 : 0.999492 0.000508
30 30 (0) 4 : 0.879692 0.120308
31 31 (0) 4 : 0.999562 0.000438
32 32 (0) 4 : 0.999465 0.000535
33 33 (0) 4 : 0.999583 0.000417
34 34 (0) 4 : 0.999256 0.000744
35 35 (0) 4 : 0.885121 0.114879
36 36 (0) 4 : 0.999700 0.000300
37 37 (0) 4 : 0.999686 0.000314
38 38 (0) 4 : 0.999685 0.000315
39 39 (0) 4 : 0.999699 0.000301
40 40 (0) 4 : 0.999725 0.000275
41 41 (0) 4 : 0.999579 0.000421
42 42 (0) 4 : 0.999582 0.000418
43 43 (0) 4 : 0.999549 0.000451
44 44 (0) 4 : 0.999383 0.000617
45 45 (0) 4 : 0.999574 0.000426
46 46 (0) 4 : 0.994998 0.005002
47 47 (0) 4 : 0.999543 0.000457
48 48 (0) 4 : 0.901263 0.098737
49 49 (0) 4 : 0.999663 0.000337
50 50 (0) 4 : 0.999603 0.000397
51 51 (0) 1 : 0.000236 0.999764
52 52 (0) 1 : 0.000282 0.999718
53 53 (0) 1 : 0.269959 0.730041
54 54 (0) 1 : 0.561793 0.438207
55 55 (0) 1 : 0.281078 0.718922
56 56 (0) 1 : 0.503262 0.496738
57 57 (0) 1 : 0.477212 0.522788
58 58 (0) 1 : 0.368322 0.631678
59 59 (0) 1 : 0.000482 0.999518
60 60 (0) 1 : 0.000338 0.999662
61 61 (0) 1 : 0.000217 0.999783
62 62 (0) 1 : 0.133441 0.866559
63 63 (0) 1 : 0.095026 0.904974
64 64 (0) 1 : 0.000343 0.999657
65 65 (0) 1 : 0.000335 0.999665
66 66 (0) 1 : 0.000367 0.999633
67 67 (0) 1 : 0.000332 0.999668
68 68 (0) 1 : 0.000398 0.999602
69 69 (0) 1 : 0.000414 0.999586
70 70 (0) 1 : 0.000301 0.999699
71 71 (0) 1 : 0.000372 0.999628
72 72 (0) 1 : 0.000362 0.999638
73 73 (0) 1 : 0.000342 0.999658
74 74 (0) 1 : 0.000209 0.999791
75 75 (0) 1 : 0.000112 0.999888
76 76 (0) 1 : 0.000475 0.999525
77 77 (0) 1 : 0.000358 0.999642
78 78 (0) 1 : 0.000358 0.999642
79 79 (0) 1 : 0.210906 0.789094
80 80 (0) 1 : 0.000222 0.999778
81 81 (0) 1 : 0.000258 0.999742
82 82 (0) 1 : 0.000274 0.999726
83 83 (0) 1 : 0.000518 0.999482
84 84 (0) 1 : 0.023345 0.976655
85 85 (0) 1 : 0.000216 0.999784
86 86 (0) 1 : 0.000223 0.999777
87 87 (0) 5 : 0.631980 0.368020
88 88 (0) 5 : 0.669433 0.330567
89 89 (0) 5 : 0.514528 0.485472
90 90 (0) 5 : 0.850106 0.149894
91 91 (0) 5 : 0.984633 0.015367
92 92 (0) 5 : 0.678310 0.321690
93 93 (0) 5 : 0.845950 0.154050
94 94 (0) 5 : 0.764631 0.235369
95 95 (0) 5 : 0.937195 0.062805
96 96 (0) 5 : 0.823555 0.176445
97 97 (0) 6 : 0.000344 0.999656
98 98 (0) 6 : 0.000314 0.999686
99 99 (0) 6 : 0.000317 0.999683
100 100 (0) 6 : 0.000239 0.999761
101 101 (0) 6 : 0.000252 0.999748
102 102 (0) 6 : 0.000227 0.999773
103 103 (0) 6 : 0.000362 0.999638
104 104 (0) 6 : 0.000370 0.999630
105 105 (0) 6 : 0.000595 0.999405
106 106 (0) 6 : 0.000444 0.999556
107 107 (0) 6 : 0.000387 0.999613
108 108 (0) 6 : 0.000392 0.999608
109 109 (0) 6 : 0.007489 0.992511
110 110 (0) 2 : 0.005624 0.994376
111 111 (0) 2 : 0.000601 0.999399
112 112 (0) 2 : 0.000807 0.999193
113 113 (0) 2 : 0.000605 0.999395
114 114 (0) 2 : 0.001249 0.998751
115 115 (0) 3 : 0.000235 0.999765
1 1 (0) 1 : 0.999625 0.000375
2 2 (0) 1 : 0.999645 0.000355
3 3 (0) 1 : 0.999580 0.000420
4 4 (0) 1 : 0.999532 0.000468
5 5 (0) 1 : 0.999600 0.000400
6 6 (0) 1 : 0.999603 0.000397
7 7 (0) 1 : 0.999643 0.000357
8 8 (0) 1 : 0.999758 0.000242
9 9 (0) 1 : 0.999768 0.000232
10 10 (0) 1 : 0.999711 0.000289
11 11 (0) 1 : 0.999637 0.000363
12 12 (0) 1 : 0.999751 0.000249
13 13 (0) 1 : 0.999659 0.000341
14 14 (0) 1 : 0.999666 0.000334
15 15 (0) 1 : 0.999665 0.000335
16 16 (0) 1 : 0.999647 0.000353
17 17 (0) 1 : 0.999619 0.000381
18 18 (0) 2 : 0.279875 0.720125
19 19 (0) 2 : 0.357270 0.642730
20 20 (0) 3 : 0.999450 0.000550
21 21 (0) 3 : 0.997671 0.002329
22 22 (0) 2 : 0.251545 0.748455
23 23 (0) 2 : 0.247066 0.752934
24 24 (0) 2 : 0.288989 0.711011
25 25 (0) 4 : 0.058782 0.941218
26 26 (0) 4 : 0.000288 0.999712
27 27 (0) 4 : 0.000439 0.999561
28 28 (0) 4 : 0.000390 0.999610
29 29 (0) 4 : 0.000484 0.999516
30 30 (0) 4 : 0.067437 0.932563
31 31 (0) 4 : 0.000427 0.999573
32 32 (0) 4 : 0.000618 0.999382
33 33 (0) 4 : 0.000392 0.999608
34 34 (0) 4 : 0.000539 0.999461
35 35 (0) 4 : 0.078808 0.921192
36 36 (0) 4 : 0.000297 0.999703
37 37 (0) 4 : 0.000300 0.999700
38 38 (0) 4 : 0.000323 0.999677
39 39 (0) 4 : 0.000297 0.999703
40 40 (0) 4 : 0.000271 0.999729
41 41 (0) 4 : 0.000419 0.999581
42 42 (0) 4 : 0.000415 0.999585
43 43 (0) 4 : 0.000463 0.999537
44 44 (0) 4 : 0.000561 0.999439
45 45 (0) 4 : 0.000406 0.999594
46 46 (0) 4 : 0.000510 0.999490
47 47 (0) 4 : 0.000437 0.999563
48 48 (0) 4 : 0.080541 0.919459
49 49 (0) 4 : 0.000347 0.999653
50 50 (0) 4 : 0.000385 0.999615
51 51 (0) 1 : 0.999754 0.000246
52 52 (0) 1 : 0.999713 0.000287
53 53 (0) 1 : 0.676927 0.323073
54 54 (0) 1 : 0.371402 0.628598
55 55 (0) 1 : 0.659748 0.340252
56 56 (0) 1 : 0.439203 0.560797
57 57 (0) 1 : 0.456929 0.543071
58 58 (0) 1 : 0.575209 0.424791
59 59 (0) 1 : 0.979154 0.020846
60 60 (0) 1 : 0.999659 0.000341
61 61 (0) 1 : 0.999778 0.000222
62 62 (0) 1 : 0.855037 0.144963
63 63 (0) 1 : 0.879133 0.120867
64 64 (0) 1 : 0.999655 0.000345
65 65 (0) 1 : 0.999660 0.000340
66 66 (0) 1 : 0.999629 0.000371
67 67 (0) 1 : 0.999666 0.000334
68 68 (0) 1 : 0.999595 0.000405
69 69 (0) 1 : 0.999584 0.000416
70 70 (0) 1 : 0.999695 0.000305
71 71 (0) 1 : 0.999630 0.000370
72 72 (0) 1 : 0.999636 0.000364
73 73 (0) 1 : 0.999645 0.000355
74 74 (0) 1 : 0.999851 0.000149
75 75 (0) 1 : 0.999790 0.000210
76 76 (0) 1 : 0.999475 0.000525
77 77 (0) 1 : 0.999640 0.000360
78 78 (0) 1 : 0.999638 0.000362
79 79 (0) 1 : 0.696608 0.303392
80 80 (0) 1 : 0.999757 0.000243
81 81 (0) 1 : 0.999720 0.000280
82 82 (0) 1 : 0.999685 0.000315
83 83 (0) 1 : 0.997292 0.002708
84 84 (0) 1 : 0.943286 0.056714
85 85 (0) 1 : 0.999780 0.000220
86 86 (0) 1 : 0.999751 0.000249
87 87 (0) 5 : 0.260861 0.739139
88 88 (0) 5 : 0.251501 0.748499
89 89 (0) 5 : 0.396998 0.603002
90 90 (0) 5 : 0.061176 0.938824
91 91 (0) 5 : 0.000835 0.999165
92 92 (0) 5 : 0.279653 0.720347
93 93 (0) 5 : 0.178388 0.821612
94 94 (0) 5 : 0.158968 0.841032
95 95 (0) 5 : 0.001137 0.998863
96 96 (0) 5 : 0.139740 0.860260
97 97 (0) 6 : 0.999650 0.000350
98 98 (0) 6 : 0.999679 0.000321
99 99 (0) 6 : 0.999675 0.000325
100 100 (0) 6 : 0.999761 0.000239
101 101 (0) 6 : 0.999749 0.000251
102 102 (0) 6 : 0.999773 0.000227
103 103 (0) 6 : 0.999651 0.000349
104 104 (0) 6 : 0.999620 0.000380
105 105 (0) 6 : 0.999590 0.000410
106 106 (0) 6 : 0.999564 0.000436
107 107 (0) 6 : 0.999621 0.000379
108 108 (0) 6 : 0.999609 0.000391
109 109 (0) 6 : 0.999521 0.000479
110 110 (0) 2 : 0.333729 0.666271
111 111 (0) 2 : 0.231470 0.768530
112 112 (0) 2 : 0.337527 0.662473
113 113 (0) 2 : 0.313528 0.686472
114 114 (0) 2 : 0.350570 0.649430
115 115 (0) 3 : 0.999649 0.000351
1 1 (0) 1 : 0.000375 0.999625
2 2 (0) 1 : 0.000356 0.999644
3 3 (0) 1 : 0.000420 0.999580
4 4 (0) 1 : 0.000469 0.999531
5 5 (0) 1 : 0.000401 0.999599
6 6 (0) 1 : 0.000397 0.999603
7 7 (0) 1 : 0.000357 0.999643
8 8 (0) 1 : 0.000242 0.999758
9 9 (0) 1 : 0.000232 0.999768
10 10 (0) 1 : 0.000290 0.999710
11 11 (0) 1 : 0.000363 0.999637
12 12 (0) 1 : 0.000249 0.999751
13 13 (0) 1 : 0.000341 0.999659
14 14 (0) 1 : 0.000334 0.999666
15 15 (0) 1 : 0.000335 0.999665
16 16 (0) 1 : 0.000353 0.999647
17 17 (0) 1 : 0.000381 0.999619
18 18 (0) 2 : 0.721971 0.278029
19 19 (0) 2 : 0.644085 0.355915
20 20 (0) 3 : 0.000556 0.999444
21 21 (0) 3 : 0.002514 0.997486
22 22 (0) 2 : 0.749958 0.250042
23 23 (0) 2 : 0.754962 0.245038
24 24 (0) 2 : 0.712792 0.287208
25 25 (0) 4 : 0.948114 0.051886
26 26 (0) 4 : 0.999712 0.000288
27 27 (0) 4 : 0.999561 0.000439
28 28 (0) 4 : 0.999610 0.000390
29 29 (0) 4 : 0.999516 0.000484
30 30 (0) 4 : 0.933443 0.066557
31 31 (0) 4 : 0.999574 0.000426
32 32 (0) 4 : 0.999384 0.000616
33 33 (0) 4 : 0.999608 0.000392
34 34 (0) 4 : 0.999470 0.000530
35 35 (0) 4 : 0.925233 0.074767
36 36 (0) 4 : 0.999703 0.000297
37 37 (0) 4 : 0.999701 0.000299
38 38 (0) 4 : 0.999677 0.000323
39 39 (0) 4 : 0.999704 0.000296
40 40 (0) 4 : 0.999729 0.000271
41 41 (0) 4 : 0.999581 0.000419
42 42 (0) 4 : 0.999585 0.000415
43 43 (0) 4 : 0.999537 0.000463
44 44 (0) 4 : 0.999440 0.000560
45 45 (0) 4 : 0.999595 0.000405
46 46 (0) 4 : 0.999491 0.000509
47 47 (0) 4 : 0.999563 0.000437
48 48 (0) 4 : 0.920747 0.079253
49 49 (0) 4 : 0.999653 0.000347
50 50 (0) 4 : 0.999615 0.000385
51 51 (0) 1 : 0.000246 0.999754
52 52 (0) 1 : 0.000287 0.999713
53 53 (0) 1 : 0.323616 0.676384
54 54 (0) 1 : 0.629384 0.370616
55 55 (0) 1 : 0.340808 0.659192
56 56 (0) 1 : 0.561588 0.438412
57 57 (0) 1 : 0.543915 0.456085
58 58 (0) 1 : 0.425377 0.574623
59 59 (0) 1 : 0.021001 0.978999
60 60 (0) 1 : 0.000341 0.999659
61 61 (0) 1 : 0.000222 0.999778
62 62 (0) 1 : 0.144880 0.855120
63 63 (0) 1 : 0.120828 0.879172
64 64 (0) 1 : 0.000345 0.999655
65 65 (0) 1 : 0.000340 0.999660
66 66 (0) 1 : 0.000372 0.999628
67 67 (0) 1 : 0.000334 0.999666
68 68 (0) 1 : 0.000405 0.999595
69 69 (0) 1 : 0.000417 0.999583
70 70 (0) 1 : 0.000305 0.999695
71 71 (0) 1 : 0.000370 0.999630
72 72 (0) 1 : 0.000364 0.999636
73 73 (0) 1 : 0.000355 0.999645
74 74 (0) 1 : 0.000214 0.999786
75 75 (0) 1 : 0.000111 0.999889
76 76 (0) 1 : 0.000526 0.999474
77 77 (0) 1 : 0.000361 0.999639
78 78 (0) 1 : 0.000362 0.999638
79 79 (0) 1 : 0.303934 0.696066
80 80 (0) 1 : 0.000244 0.999756
81 81 (0) 1 : 0.000280 0.999720
82 82 (0) 1 : 0.000315 0.999685
83 83 (0) 1 : 0.002729 0.997271
84 84 (0) 1 : 0.057078 0.942922
85 85 (0) 1 : 0.000220 0.999780
86 86 (0) 1 : 0.000249 0.999751
87 87 (0) 5 : 0.740960 0.259040
88 88 (0) 5 : 0.750787 0.249213
89 89 (0) 5 : 0.604873 0.395127
90 90 (0) 5 : 0.941082 0.058918
91 91 (0) 5 : 0.999181 0.000819
92 92 (0) 5 : 0.722344 0.277656
93 93 (0) 5 : 0.823438 0.176562
94 94 (0) 5 : 0.843471 0.156529
95 95 (0) 5 : 0.998904 0.001096
96 96 (0) 5 : 0.862502 0.137498
97 97 (0) 6 : 0.000350 0.999650
98 98 (0) 6 : 0.000321 0.999679
99 99 (0) 6 : 0.000325 0.999675
100 100 (0) 6 : 0.000239 0.999761
101 101 (0) 6 : 0.000251 0.999749
102 102 (0) 6 : 0.000227 0.999773
103 103 (0) 6 : 0.000350 0.999650
104 104 (0) 6 : 0.000381 0.999619
105 105 (0) 6 : 0.000410 0.999590
106 106 (0) 6 : 0.000436 0.999564
107 107 (0) 6 : 0.000379 0.999621
108 108 (0) 6 : 0.000391 0.999609
109 109 (0) 6 : 0.000478 0.999522
110 110 (0) 2 : 0.667734 0.332266
111 111 (0) 2 : 0.770127 0.229873
112 112 (0) 2 : 0.663938 0.336062
113 113 (0) 2 : 0.687896 0.312104
114 114 (0) 2 : 0.650862 0.349138
115 115 (0) 3 : 0.000353 0.999647
1 1 (0) 1 : 0.000374 0.999626
2 2 (0) 1 : 0.000355 0.999645
3 3 (0) 1 : 0.000420 0.999580
4 4 (0) 1 : 0.000468 0.999532
5 5 (0) 1 : 0.000400 0.999600
6 6 (0) 1 : 0.000397 0.999603
7 7 (0) 1 : 0.000357 0.999643
8 8 (0) 1 : 0.000242 0.999758
9 9 (0) 1 : 0.000232 0.999768
10 10 (0) 1 : 0.000289 0.999711
11 11 (0) 1 : 0.000363 0.999637
12 12 (0) 1 : 0.000176 0.999824
13 13 (0) 1 : 0.000340 0.999660
14 14 (0) 1 : 0.000334 0.999666
15 15 (0) 1 : 0.000334 0.999666
16 16 (0) 1 : 0.000352 0.999648
17 17 (0) 1 : 0.000381 0.999619
18 18 (0) 2 : 0.715029 0.284971
19 19 (0) 2 : 0.638726 0.361274
20 20 (0) 3 : 0.000534 0.999466
21 21 (0) 3 : 0.001569 0.998431
22 22 (0) 2 : 0.744185 0.255815
23 23 (0) 2 : 0.747336 0.252664
24 24 (0) 2 : 0.706050 0.293950
25 25 (0) 4 : 0.931769 0.068231
26 26 (0) 4 : 0.999711 0.000289
27 27 (0) 4 : 0.999560 0.000440
28 28 (0) 4 : 0.999609 0.000391
29 29 (0) 4 : 0.999514 0.000486
30 30 (0) 4 : 0.929834 0.070166
31 31 (0) 4 : 0.999572 0.000428
32 32 (0) 4 : 0.999375 0.000625
33 33 (0) 4 : 0.999607 0.000393
34 34 (0) 4 : 0.999422 0.000578
35 35 (0) 4 : 0.914540 0.085460
36 36 (0) 4 : 0.999702 0.000298
37 37 (0) 4 : 0.999699 0.000301
38 38 (0) 4 : 0.999677 0.000323
39 39 (0) 4 : 0.999703 0.000297
40 40 (0) 4 : 0.999729 0.000271
41 41 (0) 4 : 0.999580 0.000420
42 42 (0) 4 : 0.999584 0.000416
43 43 (0) 4 : 0.999536 0.000464
44 44 (0) 4 : 0.999435 0.000565
45 45 (0) 4 : 0.999593 0.000407
46 46 (0) 4 : 0.999486 0.000514
47 47 (0) 4 : 0.999562 0.000438
48 48 (0) 4 : 0.915775 0.084225
49 49 (0) 4 : 0.999652 0.000348
50 50 (0) 4 : 0.999614 0.000386
51 51 (0) 1 : 0.000245 0.999755
52 52 (0) 1 : 0.000286 0.999714
53 53 (0) 1 : 0.321316 0.678684
54 54 (0) 1 : 0.626351 0.373649
55 55 (0) 1 : 0.338682 0.661318
56 56 (0) 1 : 0.558715 0.441285
57 57 (0) 1 : 0.540803 0.459197
58 58 (0) 1 : 0.422992 0.577008
59 59 (0) 1 : 0.020370 0.979630
60 60 (0) 1 : 0.000341 0.999659
61 61 (0) 1 : 0.000222 0.999778
62 62 (0) 1 : 0.144755 0.855245
63 63 (0) 1 : 0.120690 0.879310
64 64 (0) 1 : 0.000345 0.999655
65 65 (0) 1 : 0.000339 0.999661
66 66 (0) 1 : 0.000371 0.999629
67 67 (0) 1 : 0.000334 0.999666
68 68 (0) 1 : 0.000404 0.999596
69 69 (0) 1 : 0.000416 0.999584
70 70 (0) 1 : 0.000305 0.999695
71 71 (0) 1 : 0.000370 0.999630
72 72 (0) 1 : 0.000363 0.999637
73 73 (0) 1 : 0.000354 0.999646
74 74 (0) 1 : 0.000214 0.999786
75 75 (0) 1 : 0.000209 0.999791
76 76 (0) 1 : 0.000523 0.999477
77 77 (0) 1 : 0.000360 0.999640
78 78 (0) 1 : 0.000362 0.999638
79 79 (0) 1 : 0.301795 0.698205
80 80 (0) 1 : 0.000243 0.999757
81 81 (0) 1 : 0.000279 0.999721
82 82 (0) 1 : 0.000314 0.999686
83 83 (0) 1 : 0.003009 0.996991
84 84 (0) 1 : 0.055741 0.944259
85 85 (0) 1 : 0.000220 0.999780
86 86 (0) 1 : 0.000248 0.999752
87 87 (0) 5 : 0.734394 0.265606
88 88 (0) 5 : 0.743242 0.256758
89 89 (0) 5 : 0.598730 0.401270
90 90 (0) 5 : 0.930745 0.069255
91 91 (0) 5 : 0.998723 0.001277
92 92 (0) 5 : 0.715698 0.284302
93 93 (0) 5 : 0.816915 0.183085
94 94 (0) 5 : 0.835543 0.164457
95 95 (0) 5 : 0.996612 0.003388
96 96 (0) 5 : 0.854348 0.145652
97 97 (0) 6 : 0.000350 0.999650
98 98 (0) 6 : 0.000320 0.999680
99 99 (0) 6 : 0.000325 0.999675
100 100 (0) 6 : 0.000238 0.999762
101 101 (0) 6 : 0.000251 0.999749
102 102 (0) 6 : 0.000227 0.999773
103 103 (0) 6 : 0.000349 0.999651
104 104 (0) 6 : 0.000380 0.999620
105 105 (0) 6 : 0.000411 0.999589
106 106 (0) 6 : 0.000436 0.999564
107 107 (0) 6 : 0.000379 0.999621
108 108 (0) 6 : 0.000391 0.999609
109 109 (0) 6 : 0.000480 0.999520
110 110 (0) 2 : 0.661993 0.338007
111 111 (0) 2 : 0.763741 0.236259
112 112 (0) 2 : 0.658030 0.341970
113 113 (0) 2 : 0.682110 0.317890
114 114 (0) 2 : 0.645105 0.354895
115 115 (0) 3 : 0.000347 0.999653
1 1 (0) 1 : 0.999626 0.000374
2 2 (0) 1 : 0.999645 0.000355
3 3 (0) 1 : 0.999580 0.000420
4 4 (0) 1 : 0.999532 0.000468
5 5 (0) 1 : 0.999600 0.000400
6 6 (0) 1 : 0.999604 0.000396
7 7 (0) 1 : 0.999643 0.000357
8 8 (0) 1 : 0.999758 0.000242
9 9 (0) 1 : 0.999768 0.000232
10 10 (0) 1 : 0.999711 0.000289
11 11 (0) 1 : 0.999637 0.000363
12 12 (0) 1 : 0.999752 0.000248
13 13 (0) 1 : 0.999660 0.000340
14 14 (0) 1 : 0.999666 0.000334
15 15 (0) 1 : 0.999666 0.000334
16 16 (0) 1 : 0.999648 0.000352
17 17 (0) 1 : 0.999619 0.000381
18 18 (0) 2 : 0.285043 0.714957
19 19 (0) 2 : 0.361319 0.638681
20 20 (0) 3 : 0.999469 0.000531
21 21 (0) 3 : 0.998840 0.001160
22 22 (0) 2 : 0.255872 0.744128
23 23 (0) 2 : 0.252740 0.747260
24 24 (0) 2 : 0.294011 0.705989
25 25 (0) 4 : 0.068383 0.931617
26 26 (0) 4 : 0.000289 0.999711
27 27 (0) 4 : 0.000440 0.999560
28 28 (0) 4 : 0.000391 0.999609
29 29 (0) 4 : 0.000486 0.999514
30 30 (0) 4 : 0.070180 0.929820
31 31 (0) 4 : 0.000428 0.999572
32 32 (0) 4 : 0.000624 0.999376
33 33 (0) 4 : 0.000393 0.999607
34 34 (0) 4 : 0.000563 0.999437
35 35 (0) 4 : 0.085608 0.914392
36 36 (0) 4 : 0.000298 0.999702
37 37 (0) 4 : 0.000301 0.999699
38 38 (0) 4 : 0.000323 0.999677
39 39 (0) 4 : 0.000297 0.999703
40 40 (0) 4 : 0.000271 0.999729
41 41 (0) 4 : 0.000420 0.999580
42 42 (0) 4 : 0.000416 0.999584
43 43 (0) 4 : 0.000464 0.999536
44 44 (0) 4 : 0.000565 0.999435
45 45 (0) 4 : 0.000406 0.999594
46 46 (0) 4 : 0.000514 0.999486
47 47 (0) 4 : 0.000438 0.999562
48 48 (0) 4 : 0.084444 0.915556
49 49 (0) 4 : 0.000348 0.999652
50 50 (0) 4 : 0.000386 0.999614
51 51 (0) 1 : 0.999755 0.000245
52 52 (0) 1 : 0.999714 0.000286
53 53 (0) 1 : 0.678796 0.321204
54 54 (0) 1 : 0.373687 0.626313
55 55 (0) 1 : 0.661370 0.338630
56 56 (0) 1 : 0.441328 0.558672
57 57 (0) 1 : 0.459248 0.540752
58 58 (0) 1 : 0.577075 0.422925
59 59 (0) 1 : 0.979770 0.020230
60 60 (0) 1 : 0.999659 0.000341
61 61 (0) 1 : 0.999778 0.000222
62 62 (0) 1 : 0.855251 0.144749
63 63 (0) 1 : 0.879311 0.120689
64 64 (0) 1 : 0.999655 0.000345
65 65 (0) 1 : 0.999661 0.000339
66 66 (0) 1 : 0.999629 0.000371
67 67 (0) 1 : 0.999666 0.000334
68 68 (0) 1 : 0.999596 0.000404
69 69 (0) 1 : 0.999584 0.000416
70 70 (0) 1 : 0.999695 0.000305
71 71 (0) 1 : 0.999630 0.000370
72 72 (0) 1 : 0.999637 0.000363
73 73 (0) 1 : 0.999646 0.000354
74 74 (0) 1 : 0.999852 0.000148
75 75 (0) 1 : 0.999791 0.000209
76 76 (0) 1 : 0.999477 0.000523
77 77 (0) 1 : 0.999640 0.000360
78 78 (0) 1 : 0.999638 0.000362
79 79 (0) 1 : 0.698268 0.301732
80 80 (0) 1 : 0.999757 0.000243
81 81 (0) 1 : 0.999721 0.000279
82 82 (0) 1 : 0.999686 0.000314
83 83 (0) 1 : 0.997979 0.002021
84 84 (0) 1 : 0.944300 0.055700
85 85 (0) 1 : 0.999780 0.000220
86 86 (0) 1 : 0.999752 0.000248
87 87 (0) 5 : 0.265705 0.734295
88 88 (0) 5 : 0.256893 0.743107
89 89 (0) 5 : 0.401361 0.598639
90 90 (0) 5 : 0.069325 0.930675
91 91 (0) 5 : 0.000911 0.999089
92 92 (0) 5 : 0.284430 0.715570
93 93 (0) 5 : 0.183277 0.816723
94 94 (0) 5 : 0.164472 0.835528
95 95 (0) 5 : 0.002865 0.997135
96 96 (0) 5 : 0.145851 0.854149
97 97 (0) 6 : 0.999650 0.000350
98 98 (0) 6 : 0.999680 0.000320
99 99 (0) 6 : 0.999675 0.000325
100 100 (0) 6 : 0.999762 0.000238
101 101 (0) 6 : 0.999749 0.000251
102 102 (0) 6 : 0.999773 0.000227
103 103 (0) 6 : 0.999651 0.000349
104 104 (0) 6 : 0.999620 0.000380
105 105 (0) 6 : 0.999589 0.000411
106 106 (0) 6 : 0.999565 0.000435
107 107 (0) 6 : 0.999621 0.000379
108 108 (0) 6 : 0.999609 0.000391
109 109 (0) 6 : 0.999520 0.000480
110 110 (0) 2 : 0.338055 0.661945
111 111 (0) 2 : 0.236305 0.763695
112 112 (0) 2 : 0.342014 0.657986
113 113 (0) 2 : 0.317926 0.682074
114 114 (0) 2 : 0.354940 0.645060
115 115 (0) 3 : 0.999653 0.000347
