1 1 (0) 1 : 0.999741 0.000029 0.000029 0.000029 0.000029 0.000029 0.000029 0.000029 0.000029 0.000029
2 2 (0) 1 : 0.999753 0.000027 0.000027 0.000027 0.000027 0.000027 0.000027 0.000027 0.000027 0.000027
3 3 (0) 1 : 0.999736 0.000029 0.000029 0.000029 0.000029 0.000029 0.000029 0.000029 0.000029 0.000029
4 4 (0) 1 : 0.999736 0.000029 0.000029 0.000029 0.000029 0.000029 0.000029 0.000029 0.000029 0.000029
5 5 (0) 1 : 0.999723 0.000031 0.000031 0.000031 0.000031 0.000031 0.000031 0.000031 0.000031 0.000031
6 6 (0) 1 : 0.999734 0.000030 0.000030 0.000030 0.000030 0.000030 0.000030 0.000030 0.000030 0.000030
7 7 (0) 1 : 0.999714 0.000032 0.000032 0.000032 0.000032 0.000032 0.000032 0.000032 0.000032 0.000032
8 8 (0) 1 : 0.999799 0.000022 0.000022 0.000022 0.000022 0.000022 0.000022 0.000022 0.000022 0.000022
9 9 (0) 1 : 0.999811 0.000021 0.000021 0.000021 0.000021 0.000021 0.000021 0.000021 0.000021 0.000021
10 10 (0) 1 : 0.999779 0.000025 0.000025 0.000025 0.000025 0.000025 0.000025 0.000025 0.000025 0.000025
11 11 (0) 1 : 0.999741 0.000029 0.000029 0.000029 0.000029 0.000029 0.000029 0.000029 0.000029 0.000029
12 12 (0) 1 : 0.999788 0.000024 0.000024 0.000024 0.000024 0.000024 0.000024 0.000024 0.000024 0.000024
13 13 (0) 1 : 0.999746 0.000028 0.000028 0.000028 0.000028 0.000028 0.000028 0.000028 0.000028 0.000028
14 14 (0) 1 : 0.999744 0.000028 0.000028 0.000028 0.000028 0.000028 0.000028 0.000028 0.000028 0.000028
15 15 (0) 1 : 0.999744 0.000028 0.000028 0.000028 0.000028 0.000028 0.000028 0.000028 0.000028 0.000028
16 16 (0) 1 : 0.999730 0.000030 0.000030 0.000030 0.000030 0.000030 0.000030 0.000030 0.000030 0.000030
17 17 (0) 1 : 0.999706 0.000033 0.000033 0.000033 0.000033 0.000033 0.000033 0.000033 0.000033 0.000033
18 18 (0) 2 : 0.000022 0.000022 0.999801 0.000022 0.000022 0.000022 0.000022 0.000022 0.000022 0.000022
19 19 (0) 2 : 0.000028 0.000028 0.999744 0.000028 0.000028 0.000028 0.000028 0.000028 0.000028 0.000028
20 20 (0) 3 : 0.999798 0.000022 0.000022 0.000022 0.000022 0.000022 0.000022 0.000022 0.000022 0.000022
21 21 (0) 3 : 0.999789 0.000023 0.000023 0.000023 0.000023 0.000023 0.000023 0.000023 0.000023 0.000023
22 22 (0) 2 : 0.000029 0.000029 0.999740 0.000029 0.000029 0.000029 0.000029 0.000029 0.000029 0.000029
23 23 (0) 2 : 0.000022 0.000022 0.999798 0.000022 0.000022 0.000022 0.000022 0.000022 0.000022 0.000022
24 24 (0) 2 : 0.000022 0.000022 0.999805 0.000022 0.000022 0.000022 0.000022 0.000022 0.000022 0.000022
25 25 (0) 4 : 0.000026 0.000026 0.000026 0.000026 0.000026 0.000026 0.000026 0.999767 0.000026 0.000026
26 26 (0) 4 : 0.000023 0.000023 0.000023 0.000023 0.000023 0.000023 0.000023 0.999796 0.000023 0.000023
27 27 (0) 4 : 0.000033 0.000033 0.000033 0.000033 0.000033 0.000033 0.000033 0.999699 0.000033 0.000033
28 28 (0) 4 : 0.000029 0.000029 0.000029 0.000029 0.000029 0.000029 0.000029 0.999736 0.000029 0.000029
29 29 (0) 4 : 0.000035 0.000035 0.000035 0.000035 0.000035 0.000035 0.000035 0.999689 0.000035 0.000035
30 30 (0) 4 : 0.000039 0.000039 0.000039 0.000039 0.000039 0.000039 0.000039 0.999653 0.000039 0.000039
31 31 (0) 4 : 0.000031 0.000031 0.000031 0.000031 0.000031 0.000031 0.000031 0.999717 0.000031 0.000031
32 32 (0) 4 : 0.000033 0.000033 0.000033 0.000033 0.000033 0.000033 0.000033 0.999704 0.000033 0.000033
33 33 (0) 4 : 0.000028 0.000028 0.000028 0.000028 0.000028 0.000028 0.000028 0.999747 0.000028 0.000028
34 34 (0) 4 : 0.000022 0.000022 0.000022 0.000022 0.000022 0.000022 0.000022 0.999806 0.000022 0.000022
35 35 (0) 4 : 0.005209 0.000021 0.000021 0.000021 0.000021 0.000021 0.000021 0.994624 0.000021 0.000021
36 36 (0) 4 : 0.000021 0.000021 0.000021 0.000021 0.000021 0.000021 0.000021 0.999812 0.000021 0.000021
37 37 (0) 4 : 0.000021 0.000021 0.000021 0.000021 0.000021 0.000021 0.000021 0.999809 0.000021 0.000021
38 38 (0) 4 : 0.000027 0.000027 0.000027 0.000027 0.000027 0.000027 0.000027 0.999759 0.000027 0.000027
39 39 (0) 4 : 0.000022 0.000022 0.000022 0.000022 0.000022 0.000022 0.000022 0.999800 0.000022 0.000022
40 40 (0) 4 : 0.000021 0.000021 0.000021 0.000021 0.000021 0.000021 0.000021 0.999813 0.000021 0.000021
41 41 (0) 4 : 0.000030 0.000030 0.000030 0.000030 0.000030 0.000030 0.000030 0.999733 0.000030 0.000030
42 42 (0) 4 : 0.000029 0.000029 0.000029 0.000029 0.000029 0.000029 0.000029 0.999742 0.000029 0.000029
43 43 (0) 4 : 0.000030 0.000030 0.000030 0.000030 0.000030 0.000030 0.000030 0.999730 0.000030 0.000030
44 44 (0) 4 : 0.000029 0.000029 0.000029 0.000029 0.000029 0.000029 0.000029 0.999740 0.000029 0.000029
45 45 (0) 4 : 0.000029 0.000029 0.000029 0.000029 0.000029 0.000029 0.000029 0.999737 0.000029 0.000029
46 46 (0) 4 : 0.000029 0.000029 0.000029 0.000029 0.000029 0.000029 0.000029 0.999741 0.000029 0.000029
47 47 (0) 4 : 0.000030 0.000030 0.000030 0.000030 0.000030 0.000030 0.000030 0.999730 0.000030 0.000030
48 48 (0) 4 : 0.000029 0.000029 0.000029 0.000029 0.000029 0.000029 0.000029 0.999743 0.000029 0.000029
49 49 (0) 4 : 0.000028 0.000028 0.000028 0.000028 0.000028 0.000028 0.000028 0.999750 0.000028 0.000028
50 50 (0) 4 : 0.000029 0.000029 0.000029 0.000029 0.000029 0.000029 0.000029 0.999743 0.000029 0.000029
51 51 (0) 1 : 0.999829 0.000019 0.000019 0.000019 0.000019 0.000019 0.000019 0.000019 0.000019 0.000019
52 52 (0) 1 : 0.999820 0.000020 0.000020 0.000020 0.000020 0.000020 0.000020 0.000020 0.000020 0.000020
53 53 (0) 1 : 0.999712 0.000032 0.000032 0.000032 0.000032 0.000032 0.000032 0.000032 0.000032 0.000032
54 54 (0) 1 : 0.409954 0.000022 0.000022 0.000022 0.000022 0.000022 0.000022 0.589869 0.000022 0.000022
55 55 (0) 1 : 0.638388 0.000034 0.000034 0.000034 0.000034 0.000034 0.000034 0.361338 0.000034 0.000034
56 56 (0) 1 : 0.394433 0.000022 0.000022 0.000022 0.000022 0.000022 0.000022 0.605395 0.000022 0.000022
57 57 (0) 1 : 0.440026 0.000021 0.000021 0.000021 0.000021 0.000021 0.000021 0.559810 0.000021 0.000021
58 58 (0) 1 : 0.533382 0.000028 0.000028 0.000028 0.000028 0.000028 0.000028 0.466396 0.000028 0.000028
59 59 (0) 1 : 0.999757 0.000027 0.000027 0.000027 0.000027 0.000027 0.000027 0.000027 0.000027 0.000027
60 60 (0) 1 : 0.999750 0.000028 0.000028 0.000028 0.000028 0.000028 0.000028 0.000028 0.000028 0.000028
61 61 (0) 1 : 0.999825 0.000019 0.000019 0.000019 0.000019 0.000019 0.000019 0.000019 0.000019 0.000019
62 62 (0) 1 : 0.817586 0.000025 0.000025 0.000025 0.000025 0.000025 0.000025 0.182216 0.000025 0.000025
63 63 (0) 1 : 0.883116 0.000026 0.000026 0.000026 0.000026 0.000026 0.000026 0.116677 0.000026 0.000026
64 64 (0) 1 : 0.999740 0.000029 0.000029 0.000029 0.000029 0.000029 0.000029 0.000029 0.000029 0.000029
65 65 (0) 1 : 0.999745 0.000028 0.000028 0.000028 0.000028 0.000028 0.000028 0.000028 0.000028 0.000028
66 66 (0) 1 : 0.999717 0.000031 0.000031 0.000031 0.000031 0.000031 0.000031 0.000031 0.000031 0.000031
67 67 (0) 1 : 0.999750 0.000028 0.000028 0.000028 0.000028 0.000028 0.000028 0.000028 0.000028 0.000028
68 68 (0) 1 : 0.999711 0.000032 0.000032 0.000032 0.000032 0.000032 0.000032 0.000032 0.000032 0.000032
69 69 (0) 1 : 0.999692 0.000034 0.000034 0.000034 0.000034 0.000034 0.000034 0.000034 0.000034 0.000034
70 70 (0) 1 : 0.999764 0.000026 0.000026 0.000026 0.000026 0.000026 0.000026 0.000026 0.000026 0.000026
71 71 (0) 1 : 0.999725 0.000031 0.000031 0.000031 0.000031 0.000031 0.000031 0.000031 0.000031 0.000031
72 72 (0) 1 : 0.999731 0.000030 0.000030 0.000030 0.000030 0.000030 0.000030 0.000030 0.000030 0.000030
73 73 (0) 1 : 0.999749 0.000028 0.000028 0.000028 0.000028 0.000028 0.000028 0.000028 0.000028 0.000028
74 74 (0) 1 : 0.999822 0.000020 0.000020 0.000020 0.000020 0.000020 0.000020 0.000020 0.000020 0.000020
75 75 (0) 1 : 0.999825 0.000019 0.000019 0.000019 0.000019 0.000019 0.000019 0.000019 0.000019 0.000019
76 76 (0) 1 : 0.999655 0.000038 0.000038 0.000038 0.000038 0.000038 0.000038 0.000038 0.000038 0.000038
77 77 (0) 1 : 0.999729 0.000030 0.000030 0.000030 0.000030 0.000030 0.000030 0.000030 0.000030 0.000030
78 78 (0) 1 : 0.999733 0.000030 0.000030 0.000030 0.000030 0.000030 0.000030 0.000030 0.000030 0.000030
79 79 (0) 1 : 0.640465 0.000025 0.000025 0.000025 0.000025 0.000025 0.000025 0.359337 0.000025 0.000025
80 80 (0) 1 : 0.999825 0.000019 0.000019 0.000019 0.000019 0.000019 0.000019 0.000019 0.000019 0.000019
81 81 (0) 1 : 0.999825 0.000019 0.000019 0.000019 0.000019 0.000019 0.000019 0.000019 0.000019 0.000019
82 82 (0) 1 : 0.999804 0.000022 0.000022 0.000022 0.000022 0.000022 0.000022 0.000022 0.000022 0.000022
83 83 (0) 1 : 0.918873 0.000028 0.000028 0.080901 0.000028 0.000028 0.000028 0.000028 0.000028 0.000028
84 84 (0) 1 : 0.999654 0.000038 0.000038 0.000038 0.000038 0.000038 0.000038 0.000038 0.000038 0.000038
85 85 (0) 1 : 0.999822 0.000020 0.000020 0.000020 0.000020 0.000020 0.000020 0.000020 0.000020 0.000020
86 86 (0) 1 : 0.999825 0.000019 0.000019 0.000019 0.000019 0.000019 0.000019 0.000019 0.000019 0.000019
87 87 (0) 5 : 0.467335 0.000030 0.000030 0.000030 0.000030 0.000030 0.000030 0.532424 0.000030 0.000030
88 88 (0) 5 : 0.000047 0.000026 0.000026 0.000026 0.000026 0.000026 0.000026 0.999744 0.000026 0.000026
89 89 (0) 5 : 0.425867 0.000020 0.000020 0.000020 0.000020 0.000020 0.000020 0.573970 0.000020 0.000020
90 90 (0) 5 : 0.000030 0.000030 0.000030 0.000030 0.000030 0.000030 0.000030 0.999730 0.000030 0.000030
91 91 (0) 5 : 0.000029 0.000029 0.000029 0.000029 0.000029 0.000029 0.000029 0.999743 0.000029 0.000029
92 92 (0) 5 : 0.327084 0.000023 0.000023 0.000023 0.000023 0.000023 0.000023 0.672731 0.000023 0.000023
93 93 (0) 5 : 0.000032 0.000032 0.000032 0.000032 0.000032 0.000032 0.000032 0.999711 0.000032 0.000032
94 94 (0) 5 : 0.000024 0.000024 0.000024 0.000024 0.000024 0.000024 0.000024 0.999785 0.000024 0.000024
95 95 (0) 5 : 0.000031 0.000031 0.000031 0.000031 0.000031 0.000031 0.000031 0.999722 0.000031 0.000031
96 96 (0) 5 : 0.000027 0.000027 0.000027 0.000027 0.000027 0.000027 0.000027 0.999753 0.000027 0.000027
97 97 (0) 6 : 0.000027 0.000027 0.000027 0.999755 0.000027 0.000027 0.000027 0.000027 0.000027 0.000027
98 98 (0) 6 : 0.687563 0.000026 0.000026 0.312227 0.000026 0.000026 0.000026 0.000026 0.000026 0.000026
99 99 (0) 6 : 0.000026 0.000026 0.000026 0.999763 0.000026 0.000026 0.000026 0.000026 0.000026 0.000026
100 100 (0) 6 : 0.999808 0.000021 0.000021 0.000021 0.000021 0.000021 0.000021 0.000021 0.000021 0.000021
101 101 (0) 6 : 0.999809 0.000021 0.000021 0.000021 0.000021 0.000021 0.000021 0.000021 0.000021 0.000021
102 102 (0) 6 : 0.999820 0.000020 0.000020 0.000020 0.000020 0.000020 0.000020 0.000020 0.000020 0.000020
103 103 (0) 6 : 0.000027 0.000027 0.000027 0.999759 0.000027 0.000027 0.000027 0.000027 0.000027 0.000027
104 104 (0) 6 : 0.000028 0.000028 0.000028 0.999745 0.000028 0.000028 0.000028 0.000028 0.000028 0.000028
105 105 (0) 6 : 0.000028 0.000028 0.000028 0.999749 0.000028 0.000028 0.000028 0.000028 0.000028 0.000028
106 106 (0) 6 : 0.000031 0.000031 0.000031 0.999718 0.000031 0.000031 0.000031 0.000031 0.000031 0.000031
107 107 (0) 6 : 0.000028 0.000028 0.000028 0.999748 0.000028 0.000028 0.000028 0.000028 0.000028 0.000028
108 108 (0) 6 : 0.000029 0.000029 0.000029 0.999735 0.000029 0.000029 0.000029 0.000029 0.000029 0.000029
109 109 (0) 6 : 0.000029 0.000029 0.000029 0.999740 0.000029 0.000029 0.000029 0.000029 0.000029 0.000029
110 110 (0) 2 : 0.000022 0.000022 0.999801 0.000022 0.000022 0.000022 0.000022 0.000022 0.000022 0.000022
111 111 (0) 2 : 0.000029 0.000029 0.999743 0.000029 0.000029 0.000029 0.000029 0.000029 0.000029 0.000029
112 112 (0) 2 : 0.000029 0.000029 0.999739 0.000029 0.000029 0.000029 0.000029 0.000029 0.000029 0.000029
113 113 (0) 2 : 0.000027 0.000027 0.999761 0.000027 0.000027 0.000027 0.000027 0.000027 0.000027 0.000027
114 114 (0) 2 : 0.000028 0.000028 0.999751 0.000028 0.000028 0.000028 0.000028 0.000028 0.000028 0.000028
115 115 (0) 3 : 0.999822 0.000020 0.000020 0.000020 0.000020 0.000020 0.000020 0.000020 0.000020 0.000020
1 1 (0) 1 : 0.000029 0.000029 0.000029 0.000029 0.000029 0.000029 0.999741 0.000029 0.000029 0.000029
2 2 (0) 1 : 0.000027 0.000027 0.000027 0.000027 0.000027 0.000027 0.999753 0.000027 0.000027 0.000027
3 3 (0) 1 : 0.000029 0.000029 0.000029 0.000029 0.000029 0.000029 0.999736 0.000029 0.000029 0.000029
4 4 (0) 1 : 0.000029 0.000029 0.000029 0.000029 0.000029 0.000029 0.999736 0.000029 0.000029 0.000029
5 5 (0) 1 : 0.000031 0.000031 0.000031 0.000031 0.000031 0.000031 0.999723 0.000031 0.000031 0.000031
6 6 (0) 1 : 0.000030 0.000030 0.000030 0.000030 0.000030 0.000030 0.999734 0.000030 0.000030 0.000030
7 7 (0) 1 : 0.000032 0.000032 0.000032 0.000032 0.000032 0.000032 0.999714 0.000032 0.000032 0.000032
8 8 (0) 1 : 0.000022 0.000022 0.000022 0.000022 0.000022 0.000022 0.999799 0.000022 0.000022 0.000022
9 9 (0) 1 : 0.000021 0.000021 0.000021 0.000021 0.000021 0.000021 0.999811 0.000021 0.000021 0.000021
10 10 (0) 1 : 0.000025 0.000025 0.000025 0.000025 0.000025 0.000025 0.999779 0.000025 0.000025 0.000025
11 11 (0) 1 : 0.000029 0.000029 0.000029 0.000029 0.000029 0.000029 0.999741 0.000029 0.000029 0.000029
12 12 (0) 1 : 0.000024 0.000024 0.000024 0.000024 0.000024 0.000024 0.999788 0.000024 0.000024 0.000024
13 13 (0) 1 : 0.000028 0.000028 0.000028 0.000028 0.000028 0.000028 0.999746 0.000028 0.000028 0.000028
14 14 (0) 1 : 0.000028 0.000028 0.000028 0.000028 0.000028 0.000028 0.999744 0.000028 0.000028 0.000028
15 15 (0) 1 : 0.000028 0.000028 0.000028 0.000028 0.000028 0.000028 0.999744 0.000028 0.000028 0.000028
16 16 (0) 1 : 0.000030 0.000030 0.000030 0.000030 0.000030 0.000030 0.999730 0.000030 0.000030 0.000030
17 17 (0) 1 : 0.000033 0.000033 0.000033 0.000033 0.000033 0.000033 0.999706 0.000033 0.000033 0.000033
18 18 (0) 2 : 0.999801 0.000022 0.000022 0.000022 0.000022 0.000022 0.000022 0.000022 0.000022 0.000022
19 19 (0) 2 : 0.999744 0.000028 0.000028 0.000028 0.000028 0.000028 0.000028 0.000028 0.000028 0.000028
20 20 (0) 3 : 0.000022 0.000022 0.000022 0.000022 0.000022 0.000022 0.999798 0.000022 0.000022 0.000022
21 21 (0) 3 : 0.000023 0.000023 0.000023 0.000023 0.000023 0.000023 0.999789 0.000023 0.000023 0.000023
22 22 (0) 2 : 0.999740 0.000029 0.000029 0.000029 0.000029 0.000029 0.000029 0.000029 0.000029 0.000029
23 23 (0) 2 : 0.999798 0.000022 0.000022 0.000022 0.000022 0.000022 0.000022 0.000022 0.000022 0.000022
24 24 (0) 2 : 0.999805 0.000022 0.000022 0.000022 0.000022 0.000022 0.000022 0.000022 0.000022 0.000022
25 25 (0) 4 : 0.000026 0.000026 0.000026 0.000026 0.000026 0.000026 0.000026 0.999767 0.000026 0.000026
26 26 (0) 4 : 0.000023 0.000023 0.000023 0.000023 0.000023 0.000023 0.000023 0.999796 0.000023 0.000023
27 27 (0) 4 : 0.000033 0.000033 0.000033 0.000033 0.000033 0.000033 0.000033 0.999699 0.000033 0.000033
28 28 (0) 4 : 0.000029 0.000029 0.000029 0.000029 0.000029 0.000029 0.000029 0.999736 0.000029 0.000029
29 29 (0) 4 : 0.000035 0.000035 0.000035 0.000035 0.000035 0.000035 0.000035 0.999689 0.000035 0.000035
30 30 (0) 4 : 0.000039 0.000039 0.000039 0.000039 0.000039 0.000039 0.000039 0.999653 0.000039 0.000039
31 31 (0) 4 : 0.000031 0.000031 0.000031 0.000031 0.000031 0.000031 0.000031 0.999717 0.000031 0.000031
32 32 (0) 4 : 0.000033 0.000033 0.000033 0.000033 0.000033 0.000033 0.000033 0.999704 0.000033 0.000033
33 33 (0) 4 : 0.000028 0.000028 0.000028 0.000028 0.000028 0.000028 0.000028 0.999747 0.000028 0.000028
34 34 (0) 4 : 0.000022 0.000022 0.000022 0.000022 0.000022 0.000022 0.000022 0.999806 0.000022 0.000022
35 35 (0) 4 : 0.000021 0.000021 0.000021 0.000021 0.000021 0.000021 0.000021 0.999813 0.000021 0.000021
36 36 (0) 4 : 0.000021 0.000021 0.000021 0.000021 0.000021 0.000021 0.000021 0.999812 0.000021 0.000021
37 37 (0) 4 : 0.000021 0.000021 0.000021 0.000021 0.000021 0.000021 0.000021 0.999809 0.000021 0.000021
38 38 (0) 4 : 0.000027 0.000027 0.000027 0.000027 0.000027 0.000027 0.000027 0.999759 0.000027 0.000027
39 39 (0) 4 : 0.000022 0.000022 0.000022 0.000022 0.000022 0.000022 0.000022 0.999800 0.000022 0.000022
40 40 (0) 4 : 0.000021 0.000021 0.000021 0.000021 0.000021 0.000021 0.000021 0.999813 0.000021 0.000021
41 41 (0) 4 : 0.000030 0.000030 0.000030 0.000030 0.000030 0.000030 0.000030 0.999733 0.000030 0.000030
42 42 (0) 4 : 0.000029 0.000029 0.000029 0.000029 0.000029 0.000029 0.000029 0.999742 0.000029 0.000029
43 43 (0) 4 : 0.000030 0.000030 0.000030 0.000030 0.000030 0.000030 0.000030 0.999730 0.000030 0.000030
44 44 (0) 4 : 0.000029 0.000029 0.000029 0.000029 0.000029 0.000029 0.000029 0.999740 0.000029 0.000029
45 45 (0) 4 : 0.000029 0.000029 0.000029 0.000029 0.000029 0.000029 0.000029 0.999737 0.000029 0.000029
46 46 (0) 4 : 0.000029 0.000029 0.000029 0.000029 0.000029 0.000029 0.000029 0.999741 0.000029 0.000029
47 47 (0) 4 : 0.000030 0.000030 0.000030 0.000030 0.000030 0.000030 0.000030 0.999730 0.000030 0.000030
48 48 (0) 4 : 0.000029 0.000029 0.000029 0.000029 0.000029 0.000029 0.000029 0.999743 0.000029 0.000029
49 49 (0) 4 : 0.000028 0.000028 0.000028 0.000028 0.000028 0.000028 0.000028 0.999750 0.000028 0.000028
50 50 (0) 4 : 0.000029 0.000029 0.000029 0.000029 0.000029 0.000029 0.000029 0.999743 0.000029 0.000029
51 51 (0) 1 : 0.000019 0.000019 0.000019 0.000019 0.000019 0.000019 0.999829 0.000019 0.000019 0.000019
52 52 (0) 1 : 0.000020 0.000020 0.000020 0.000020 0.000020 0.000020 0.999820 0.000020 0.000020 0.000020
53 53 (0) 1 : 0.000032 0.000032 0.000032 0.000032 0.151220 0.000032 0.848524 0.000032 0.000032 0.000032
54 54 (0) 1 : 0.000022 0.000022 0.000022 0.000022 0.999801 0.000022 0.000022 0.000022 0.000022 0.000022
55 55 (0) 1 : 0.000034 0.000034 0.000034 0.000034 0.189753 0.000034 0.809973 0.000034 0.000034 0.000034
56 56 (0) 1 : 0.000022 0.000022 0.000022 0.000022 0.999806 0.000022 0.000022 0.000022 0.000022 0.000022
57 57 (0) 1 : 0.000021 0.000021 0.000021 0.000021 0.270203 0.000021 0.729633 0.000021 0.000021 0.000021
58 58 (0) 1 : 0.000028 0.000028 0.000028 0.000028 0.200902 0.000028 0.798877 0.000028 0.000028 0.000028
59 59 (0) 1 : 0.000027 0.000027 0.000027 0.000027 0.000027 0.000027 0.999757 0.000027 0.000027 0.000027
60 60 (0) 1 : 0.000028 0.000028 0.000028 0.000028 0.000028 0.000028 0.999750 0.000028 0.000028 0.000028
61 61 (0) 1 : 0.000019 0.000019 0.000019 0.000019 0.000019 0.000019 0.999825 0.000019 0.000019 0.000019
62 62 (0) 1 : 0.000025 0.000025 0.000025 0.000025 0.000025 0.000025 0.999778 0.000025 0.000025 0.000025
63 63 (0) 1 : 0.000026 0.000026 0.000026 0.000026 0.000026 0.000026 0.999767 0.000026 0.000026 0.000026
64 64 (0) 1 : 0.000029 0.000029 0.000029 0.000029 0.000029 0.000029 0.999740 0.000029 0.000029 0.000029
65 65 (0) 1 : 0.000028 0.000028 0.000028 0.000028 0.000028 0.000028 0.999745 0.000028 0.000028 0.000028
66 66 (0) 1 : 0.000031 0.000031 0.000031 0.000031 0.000031 0.000031 0.999717 0.000031 0.000031 0.000031
67 67 (0) 1 : 0.000028 0.000028 0.000028 0.000028 0.000028 0.000028 0.999750 0.000028 0.000028 0.000028
68 68 (0) 1 : 0.000032 0.000032 0.000032 0.000032 0.000032 0.000032 0.999711 0.000032 0.000032 0.000032
69 69 (0) 1 : 0.000034 0.000034 0.000034 0.000034 0.000034 0.000034 0.999692 0.000034 0.000034 0.000034
70 70 (0) 1 : 0.000026 0.000026 0.000026 0.000026 0.000026 0.000026 0.999764 0.000026 0.000026 0.000026
71 71 (0) 1 : 0.000031 0.000031 0.000031 0.000031 0.000031 0.000031 0.999725 0.000031 0.000031 0.000031
72 72 (0) 1 : 0.000030 0.000030 0.000030 0.000030 0.000030 0.000030 0.999731 0.000030 0.000030 0.000030
73 73 (0) 1 : 0.000028 0.000028 0.000028 0.000028 0.000028 0.000028 0.999749 0.000028 0.000028 0.000028
74 74 (0) 1 : 0.000020 0.000020 0.000020 0.000020 0.000020 0.000020 0.999822 0.000020 0.000020 0.000020
75 75 (0) 1 : 0.000019 0.000019 0.000019 0.000019 0.000019 0.000019 0.999825 0.000019 0.000019 0.000019
76 76 (0) 1 : 0.000038 0.000038 0.000038 0.000038 0.000038 0.000038 0.999655 0.000038 0.000038 0.000038
77 77 (0) 1 : 0.000030 0.000030 0.000030 0.000030 0.000030 0.000030 0.999729 0.000030 0.000030 0.000030
78 78 (0) 1 : 0.000030 0.000030 0.000030 0.000030 0.000030 0.000030 0.999733 0.000030 0.000030 0.000030
79 79 (0) 1 : 0.000025 0.000025 0.000025 0.000025 0.196727 0.000025 0.803076 0.000025 0.000025 0.000025
80 80 (0) 1 : 0.000019 0.000019 0.000019 0.000019 0.000019 0.000019 0.999825 0.000019 0.000019 0.000019
81 81 (0) 1 : 0.000019 0.000019 0.000019 0.000019 0.000019 0.000019 0.999825 0.000019 0.000019 0.000019
82 82 (0) 1 : 0.000022 0.000022 0.000022 0.000022 0.000022 0.000022 0.999804 0.000022 0.000022 0.000022
83 83 (0) 1 : 0.000028 0.000028 0.000028 0.000028 0.000028 0.000028 0.999746 0.000028 0.000028 0.000028
84 84 (0) 1 : 0.000038 0.000038 0.000038 0.000038 0.000038 0.000038 0.999654 0.000038 0.000038 0.000038
85 85 (0) 1 : 0.000020 0.000020 0.000020 0.000020 0.000020 0.000020 0.999822 0.000020 0.000020 0.000020
86 86 (0) 1 : 0.000019 0.000019 0.000019 0.000019 0.000019 0.000019 0.999825 0.000019 0.000019 0.000019
87 87 (0) 5 : 0.000030 0.000030 0.000030 0.000030 0.000030 0.000030 0.485451 0.514308 0.000030 0.000030
88 88 (0) 5 : 0.000026 0.000026 0.000026 0.000026 0.000026 0.000026 0.275305 0.724487 0.000026 0.000026
89 89 (0) 5 : 0.000020 0.000020 0.000020 0.000020 0.000020 0.000020 0.419514 0.580323 0.000020 0.000020
90 90 (0) 5 : 0.000030 0.000030 0.000030 0.000030 0.000030 0.000030 0.000030 0.999730 0.000030 0.000030
91 91 (0) 5 : 0.000029 0.000029 0.000029 0.000029 0.000029 0.000029 0.000029 0.999743 0.000029 0.000029
92 92 (0) 5 : 0.000023 0.000023 0.000023 0.000023 0.000023 0.000023 0.328456 0.671360 0.000023 0.000023
93 93 (0) 5 : 0.000032 0.000032 0.000032 0.000032 0.000032 0.000032 0.000032 0.999711 0.000032 0.000032
94 94 (0) 5 : 0.000024 0.000024 0.000024 0.000024 0.000024 0.000024 0.000024 0.999785 0.000024 0.000024
95 95 (0) 5 : 0.000031 0.000031 0.000031 0.000031 0.000031 0.000031 0.000031 0.999722 0.000031 0.000031
96 96 (0) 5 : 0.000027 0.000027 0.000027 0.000027 0.000027 0.000027 0.000027 0.999753 0.000027 0.000027
97 97 (0) 6 : 0.000027 0.000027 0.000027 0.000027 0.000027 0.000027 0.999755 0.000027 0.000027 0.000027
98 98 (0) 6 : 0.000026 0.000026 0.000026 0.000026 0.000026 0.000026 0.999764 0.000026 0.000026 0.000026
99 99 (0) 6 : 0.000026 0.000026 0.000026 0.000026 0.000026 0.000026 0.999763 0.000026 0.000026 0.000026
100 100 (0) 6 : 0.000021 0.000021 0.000021 0.000021 0.000021 0.000021 0.999808 0.000021 0.000021 0.000021
101 101 (0) 6 : 0.000021 0.000021 0.000021 0.000021 0.000021 0.000021 0.999809 0.000021 0.000021 0.000021
102 102 (0) 6 : 0.000020 0.000020 0.000020 0.000020 0.000020 0.000020 0.999820 0.000020 0.000020 0.000020
103 103 (0) 6 : 0.000027 0.000027 0.000027 0.000027 0.000027 0.000027 0.999759 0.000027 0.000027 0.000027
104 104 (0) 6 : 0.000028 0.000028 0.000028 0.000028 0.000028 0.000028 0.999745 0.000028 0.000028 0.000028
105 105 (0) 6 : 0.000028 0.000028 0.000028 0.000028 0.000028 0.000028 0.999749 0.000028 0.000028 0.000028
106 106 (0) 6 : 0.000031 0.000031 0.000031 0.000031 0.000031 0.000031 0.999718 0.000031 0.000031 0.000031
107 107 (0) 6 : 0.000028 0.000028 0.000028 0.000028 0.000028 0.000028 0.999748 0.000028 0.000028 0.000028
108 108 (0) 6 : 0.000029 0.000029 0.000029 0.000029 0.000029 0.000029 0.999735 0.000029 0.000029 0.000029
109 109 (0) 6 : 0.000029 0.000029 0.000029 0.000029 0.000029 0.000029 0.999740 0.000029 0.000029 0.000029
110 110 (0) 2 : 0.999801 0.000022 0.000022 0.000022 0.000022 0.000022 0.000022 0.000022 0.000022 0.000022
111 111 (0) 2 : 0.999743 0.000029 0.000029 0.000029 0.000029 0.000029 0.000029 0.000029 0.000029 0.000029
112 112 (0) 2 : 0.999739 0.000029 0.000029 0.000029 0.000029 0.000029 0.000029 0.000029 0.000029 0.000029
113 113 (0) 2 : 0.999761 0.000027 0.000027 0.000027 0.000027 0.000027 0.000027 0.000027 0.000027 0.000027
114 114 (0) 2 : 0.999751 0.000028 0.000028 0.000028 0.000028 0.000028 0.000028 0.000028 0.000028 0.000028
115 115 (0) 3 : 0.000020 0.000020 0.000020 0.000020 0.000020 0.000020 0.999822 0.000020 0.000020 0.000020
1 1 (0) 1 : 0.000029 0.000029 0.000029 0.000029 0.999741 0.000029 0.000029 0.000029 0.000029 0.000029
2 2 (0) 1 : 0.000027 0.000027 0.000027 0.000027 0.999753 0.000027 0.000027 0.000027 0.000027 0.000027
3 3 (0) 1 : 0.000029 0.000029 0.000029 0.000029 0.999736 0.000029 0.000029 0.000029 0.000029 0.000029
4 4 (0) 1 : 0.000029 0.000029 0.000029 0.000029 0.999736 0.000029 0.000029 0.000029 0.000029 0.000029
5 5 (0) 1 : 0.000031 0.000031 0.000031 0.000031 0.999723 0.000031 0.000031 0.000031 0.000031 0.000031
6 6 (0) 1 : 0.000030 0.000030 0.000030 0.000030 0.999734 0.000030 0.000030 0.000030 0.000030 0.000030
7 7 (0) 1 : 0.000032 0.000032 0.000032 0.000032 0.999714 0.000032 0.000032 0.000032 0.000032 0.000032
8 8 (0) 1 : 0.000022 0.000022 0.000022 0.000022 0.999799 0.000022 0.000022 0.000022 0.000022 0.000022
9 9 (0) 1 : 0.000021 0.000021 0.000021 0.000021 0.999811 0.000021 0.000021 0.000021 0.000021 0.000021
10 10 (0) 1 : 0.000025 0.000025 0.000025 0.000025 0.999779 0.000025 0.000025 0.000025 0.000025 0.000025
11 11 (0) 1 : 0.000029 0.000029 0.000029 0.000029 0.999741 0.000029 0.000029 0.000029 0.000029 0.000029
12 12 (0) 1 : 0.000024 0.000024 0.000024 0.000024 0.999788 0.000024 0.000024 0.000024 0.000024 0.000024
13 13 (0) 1 : 0.000028 0.000028 0.000028 0.000028 0.999746 0.000028 0.000028 0.000028 0.000028 0.000028
14 14 (0) 1 : 0.000028 0.000028 0.000028 0.000028 0.999744 0.000028 0.000028 0.000028 0.000028 0.000028
15 15 (0) 1 : 0.000028 0.000028 0.000028 0.000028 0.999744 0.000028 0.000028 0.000028 0.000028 0.000028
16 16 (0) 1 : 0.000030 0.000030 0.000030 0.000030 0.999730 0.000030 0.000030 0.000030 0.000030 0.000030
17 17 (0) 1 : 0.000033 0.000033 0.000033 0.000033 0.999706 0.000033 0.000033 0.000033 0.000033 0.000033
18 18 (0) 2 : 0.000022 0.999801 0.000022 0.000022 0.000022 0.000022 0.000022 0.000022 0.000022 0.000022
19 19 (0) 2 : 0.000028 0.999744 0.000028 0.000028 0.000028 0.000028 0.000028 0.000028 0.000028 0.000028
20 20 (0) 3 : 0.000022 0.000022 0.000022 0.000022 0.999798 0.000022 0.000022 0.000022 0.000022 0.000022
21 21 (0) 3 : 0.000023 0.000023 0.000023 0.000023 0.999789 0.000023 0.000023 0.000023 0.000023 0.000023
22 22 (0) 2 : 0.000029 0.999740 0.000029 0.000029 0.000029 0.000029 0.000029 0.000029 0.000029 0.000029
23 23 (0) 2 : 0.000022 0.999798 0.000022 0.000022 0.000022 0.000022 0.000022 0.000022 0.000022 0.000022
24 24 (0) 2 : 0.000022 0.999805 0.000022 0.000022 0.000022 0.000022 0.000022 0.000022 0.000022 0.000022
25 25 (0) 4 : 0.000026 0.000026 0.000026 0.912113 0.087679 0.000026 0.000026 0.000026 0.000026 0.000026
26 26 (0) 4 : 0.000023 0.000023 0.000023 0.999796 0.000023 0.000023 0.000023 0.000023 0.000023 0.000023
27 27 (0) 4 : 0.000033 0.000033 0.000033 0.999699 0.000033 0.000033 0.000033 0.000033 0.000033 0.000033
28 28 (0) 4 : 0.000029 0.000029 0.000029 0.999736 0.000029 0.000029 0.000029 0.000029 0.000029 0.000029
29 29 (0) 4 : 0.000035 0.000035 0.000035 0.999689 0.000035 0.000035 0.000035 0.000035 0.000035 0.000035
30 30 (0) 4 : 0.000039 0.000039 0.000039 0.891744 0.107948 0.000039 0.000039 0.000039 0.000039 0.000039
31 31 (0) 4 : 0.000031 0.000031 0.000031 0.999717 0.000031 0.000031 0.000031 0.000031 0.000031 0.000031
32 32 (0) 4 : 0.000033 0.000033 0.000033 0.999704 0.000033 0.000033 0.000033 0.000033 0.000033 0.000033
33 33 (0) 4 : 0.000028 0.000028 0.000028 0.999747 0.000028 0.000028 0.000028 0.000028 0.000028 0.000028
34 34 (0) 4 : 0.000022 0.000022 0.000022 0.999806 0.000022 0.000022 0.000022 0.000022 0.000022 0.000022
35 35 (0) 4 : 0.000021 0.000021 0.000021 0.895421 0.104412 0.000021 0.000021 0.000021 0.000021 0.000021
36 36 (0) 4 : 0.000021 0.000021 0.000021 0.999812 0.000021 0.000021 0.000021 0.000021 0.000021 0.000021
37 37 (0) 4 : 0.000021 0.000021 0.000021 0.999809 0.000021 0.000021 0.000021 0.000021 0.000021 0.000021
38 38 (0) 4 : 0.000027 0.000027 0.000027 0.999759 0.000027 0.000027 0.000027 0.000027 0.000027 0.000027
39 39 (0) 4 : 0.000022 0.000022 0.000022 0.999800 0.000022 0.000022 0.000022 0.000022 0.000022 0.000022
40 40 (0) 4 : 0.000021 0.000021 0.000021 0.999813 0.000021 0.000021 0.000021 0.000021 0.000021 0.000021
41 41 (0) 4 : 0.000030 0.000030 0.000030 0.999733 0.000030 0.000030 0.000030 0.000030 0.000030 0.000030
42 42 (0) 4 : 0.000029 0.000029 0.000029 0.999742 0.000029 0.000029 0.000029 0.000029 0.000029 0.000029
43 43 (0) 4 : 0.000030 0.000030 0.000030 0.999730 0.000030 0.000030 0.000030 0.000030 0.000030 0.000030
44 44 (0) 4 : 0.000029 0.000029 0.000029 0.999740 0.000029 0.000029 0.000029 0.000029 0.000029 0.000029
45 45 (0) 4 : 0.000029 0.000029 0.000029 0.999737 0.000029 0.000029 0.000029 0.000029 0.000029 0.000029
46 46 (0) 4 : 0.000029 0.000029 0.000029 0.999741 0.000029 0.000029 0.000029 0.000029 0.000029 0.000029
47 47 (0) 4 : 0.000030 0.000030 0.000030 0.999730 0.000030 0.000030 0.000030 0.000030 0.000030 0.000030
48 48 (0) 4 : 0.000029 0.000029 0.000029 0.841642 0.158130 0.000029 0.000029 0.000029 0.000029 0.000029
49 49 (0) 4 : 0.000028 0.000028 0.000028 0.999750 0.000028 0.000028 0.000028 0.000028 0.000028 0.000028
50 50 (0) 4 : 0.000029 0.000029 0.000029 0.999743 0.000029 0.000029 0.000029 0.000029 0.000029 0.000029
51 51 (0) 1 : 0.000019 0.000019 0.000019 0.000019 0.999829 0.000019 0.000019 0.000019 0.000019 0.000019
52 52 (0) 1 : 0.000020 0.000020 0.000020 0.000020 0.999820 0.000020 0.000020 0.000020 0.000020 0.000020
53 53 (0) 1 : 0.000032 0.129630 0.000032 0.091427 0.778719 0.000032 0.000032 0.000032 0.000032 0.000032
54 54 (0) 1 : 0.000022 0.000022 0.000022 0.583517 0.416306 0.000022 0.000022 0.000022 0.000022 0.000022
55 55 (0) 1 : 0.000034 0.000034 0.000034 0.362821 0.636904 0.000034 0.000034 0.000034 0.000034 0.000034
56 56 (0) 1 : 0.000022 0.000022 0.000022 0.592392 0.407436 0.000022 0.000022 0.000022 0.000022 0.000022
57 57 (0) 1 : 0.000021 0.000021 0.000021 0.551228 0.448608 0.000021 0.000021 0.000021 0.000021 0.000021
58 58 (0) 1 : 0.000028 0.000028 0.000028 0.452859 0.546920 0.000028 0.000028 0.000028 0.000028 0.000028
59 59 (0) 1 : 0.000027 0.000027 0.000027 0.000027 0.999757 0.000027 0.000027 0.000027 0.000027 0.000027
60 60 (0) 1 : 0.000028 0.000028 0.000028 0.000028 0.999750 0.000028 0.000028 0.000028 0.000028 0.000028
61 61 (0) 1 : 0.000019 0.000019 0.000019 0.000019 0.999825 0.000019 0.000019 0.000019 0.000019 0.000019
62 62 (0) 1 : 0.000025 0.000025 0.000025 0.178271 0.821532 0.000025 0.000025 0.000025 0.000025 0.000025
63 63 (0) 1 : 0.000026 0.000026 0.000026 0.000026 0.999767 0.000026 0.000026 0.000026 0.000026 0.000026
64 64 (0) 1 : 0.000029 0.000029 0.000029 0.000029 0.999740 0.000029 0.000029 0.000029 0.000029 0.000029
65 65 (0) 1 : 0.000028 0.000028 0.000028 0.000028 0.999745 0.000028 0.000028 0.000028 0.000028 0.000028
66 66 (0) 1 : 0.000031 0.000031 0.000031 0.000031 0.999717 0.000031 0.000031 0.000031 0.000031 0.000031
67 67 (0) 1 : 0.000028 0.000028 0.000028 0.000028 0.999750 0.000028 0.000028 0.000028 0.000028 0.000028
68 68 (0) 1 : 0.000032 0.000032 0.000032 0.000032 0.999711 0.000032 0.000032 0.000032 0.000032 0.000032
69 69 (0) 1 : 0.000034 0.000034 0.000034 0.000034 0.999692 0.000034 0.000034 0.000034 0.000034 0.000034
70 70 (0) 1 : 0.000026 0.000026 0.000026 0.000026 0.999764 0.000026 0.000026 0.000026 0.000026 0.000026
71 71 (0) 1 : 0.000031 0.000031 0.000031 0.000031 0.999725 0.000031 0.000031 0.000031 0.000031 0.000031
72 72 (0) 1 : 0.000030 0.000030 0.000030 0.000030 0.999731 0.000030 0.000030 0.000030 0.000030 0.000030
73 73 (0) 1 : 0.000028 0.000028 0.000028 0.000028 0.999749 0.000028 0.000028 0.000028 0.000028 0.000028
74 74 (0) 1 : 0.000020 0.000020 0.000020 0.000020 0.999822 0.000020 0.000020 0.000020 0.000020 0.000020
75 75 (0) 1 : 0.000019 0.000019 0.000019 0.000019 0.999825 0.000019 0.000019 0.000019 0.000019 0.000019
76 76 (0) 1 : 0.000038 0.000038 0.000038 0.000038 0.999655 0.000038 0.000038 0.000038 0.000038 0.000038
77 77 (0) 1 : 0.000030 0.000030 0.000030 0.000030 0.999729 0.000030 0.000030 0.000030 0.000030 0.000030
78 78 (0) 1 : 0.000030 0.000030 0.000030 0.000030 0.999733 0.000030 0.000030 0.000030 0.000030 0.000030
79 79 (0) 1 : 0.000025 0.000025 0.000025 0.363722 0.636080 0.000025 0.000025 0.000025 0.000025 0.000025
80 80 (0) 1 : 0.000019 0.000019 0.000019 0.000019 0.999825 0.000019 0.000019 0.000019 0.000019 0.000019
81 81 (0) 1 : 0.000019 0.000019 0.000019 0.000019 0.999825 0.000019 0.000019 0.000019 0.000019 0.000019
82 82 (0) 1 : 0.000022 0.000022 0.000022 0.000022 0.999804 0.000022 0.000022 0.000022 0.000022 0.000022
83 83 (0) 1 : 0.000028 0.000028 0.000028 0.000028 0.999746 0.000028 0.000028 0.000028 0.000028 0.000028
84 84 (0) 1 : 0.000038 0.000038 0.000038 0.000038 0.999654 0.000038 0.000038 0.000038 0.000038 0.000038
85 85 (0) 1 : 0.000020 0.000020 0.000020 0.000020 0.999822 0.000020 0.000020 0.000020 0.000020 0.000020
86 86 (0) 1 : 0.000019 0.000019 0.000019 0.000019 0.999825 0.000019 0.000019 0.000019 0.000019 0.000019
87 87 (0) 5 : 0.000030 0.000030 0.000030 0.470839 0.528920 0.000030 0.000030 0.000030 0.000030 0.000030
88 88 (0) 5 : 0.000026 0.000026 0.000026 0.650158 0.349634 0.000026 0.000026 0.000026 0.000026 0.000026
89 89 (0) 5 : 0.000020 0.000020 0.000020 0.510706 0.489131 0.000020 0.000020 0.000020 0.000020 0.000020
90 90 (0) 5 : 0.000030 0.000030 0.000030 0.999730 0.000030 0.000030 0.000030 0.000030 0.000030 0.000030
91 91 (0) 5 : 0.000029 0.000029 0.000029 0.999743 0.000029 0.000029 0.000029 0.000029 0.000029 0.000029
92 92 (0) 5 : 0.000023 0.000023 0.000023 0.609245 0.390571 0.000023 0.000023 0.000023 0.000023 0.000023
93 93 (0) 5 : 0.000032 0.000032 0.000032 0.767641 0.232102 0.000032 0.000032 0.000032 0.000032 0.000032
94 94 (0) 5 : 0.000024 0.000024 0.000024 0.810534 0.189275 0.000024 0.000024 0.000024 0.000024 0.000024
95 95 (0) 5 : 0.000031 0.000031 0.000031 0.999722 0.000031 0.000031 0.000031 0.000031 0.000031 0.000031
96 96 (0) 5 : 0.000027 0.000027 0.000027 0.872800 0.126980 0.000027 0.000027 0.000027 0.000027 0.000027
97 97 (0) 6 : 0.000027 0.000027 0.000027 0.000027 0.999755 0.000027 0.000027 0.000027 0.000027 0.000027
98 98 (0) 6 : 0.000026 0.000026 0.000026 0.000026 0.999764 0.000026 0.000026 0.000026 0.000026 0.000026
99 99 (0) 6 : 0.000026 0.000026 0.000026 0.000026 0.999763 0.000026 0.000026 0.000026 0.000026 0.000026
100 100 (0) 6 : 0.000021 0.000021 0.000021 0.000021 0.999808 0.000021 0.000021 0.000021 0.000021 0.000021
101 101 (0) 6 : 0.000021 0.000021 0.000021 0.000021 0.999809 0.000021 0.000021 0.000021 0.000021 0.000021
102 102 (0) 6 : 0.000020 0.000020 0.000020 0.000020 0.999820 0.000020 0.000020 0.000020 0.000020 0.000020
103 103 (0) 6 : 0.000027 0.000027 0.000027 0.000027 0.999759 0.000027 0.000027 0.000027 0.000027 0.000027
104 104 (0) 6 : 0.000028 0.000028 0.000028 0.000028 0.999745 0.000028 0.000028 0.000028 0.000028 0.000028
105 105 (0) 6 : 0.000028 0.000028 0.000028 0.000028 0.999749 0.000028 0.000028 0.000028 0.000028 0.000028
106 106 (0) 6 : 0.000031 0.000031 0.000031 0.000031 0.999718 0.000031 0.000031 0.000031 0.000031 0.000031
107 107 (0) 6 : 0.000028 0.000028 0.000028 0.000028 0.999748 0.000028 0.000028 0.000028 0.000028 0.000028
108 108 (0) 6 : 0.000029 0.000029 0.000029 0.000029 0.999735 0.000029 0.000029 0.000029 0.000029 0.000029
109 109 (0) 6 : 0.000029 0.000029 0.000029 0.000029 0.999740 0.000029 0.000029 0.000029 0.000029 0.000029
110 110 (0) 2 : 0.000022 0.808044 0.000022 0.000022 0.191778 0.000022 0.000022 0.000022 0.000022 0.000022
111 111 (0) 2 : 0.000029 0.748374 0.000029 0.000029 0.251398 0.000029 0.000029 0.000029 0.000029 0.000029
112 112 (0) 2 : 0.000029 0.787638 0.000029 0.000029 0.212130 0.000029 0.000029 0.000029 0.000029 0.000029
113 113 (0) 2 : 0.000027 0.999761 0.000027 0.000027 0.000027 0.000027 0.000027 0.000027 0.000027 0.000027
114 114 (0) 2 : 0.000028 0.860313 0.000028 0.000028 0.139465 0.000028 0.000028 0.000028 0.000028 0.000028
115 115 (0) 3 : 0.000020 0.000020 0.000020 0.000020 0.999822 0.000020 0.000020 0.000020 0.000020 0.000020
1 1 (0) 1 : 0.000029 0.000029 0.000029 0.000029 0.000029 0.999741 0.000029 0.000029 0.000029 0.000029
2 2 (0) 1 : 0.000027 0.000027 0.000027 0.000027 0.000027 0.999753 0.000027 0.000027 0.000027 0.000027
3 3 (0) 1 : 0.000029 0.000029 0.000029 0.000029 0.000029 0.999736 0.000029 0.000029 0.000029 0.000029
4 4 (0) 1 : 0.000029 0.000029 0.000029 0.000029 0.000029 0.999736 0.000029 0.000029 0.000029 0.000029
5 5 (0) 1 : 0.000031 0.000031 0.000031 0.000031 0.000031 0.999723 0.000031 0.000031 0.000031 0.000031
6 6 (0) 1 : 0.000030 0.000030 0.000030 0.000030 0.000030 0.999734 0.000030 0.000030 0.000030 0.000030
7 7 (0) 1 : 0.000032 0.000032 0.000032 0.000032 0.000032 0.999714 0.000032 0.000032 0.000032 0.000032
8 8 (0) 1 : 0.000022 0.000022 0.000022 0.000022 0.000022 0.999799 0.000022 0.000022 0.000022 0.000022
9 9 (0) 1 : 0.000021 0.000021 0.000021 0.000021 0.000021 0.999811 0.000021 0.000021 0.000021 0.000021
10 10 (0) 1 : 0.000025 0.000025 0.000025 0.000025 0.000025 0.999779 0.000025 0.000025 0.000025 0.000025
11 11 (0) 1 : 0.000029 0.000029 0.000029 0.000029 0.000029 0.999741 0.000029 0.000029 0.000029 0.000029
12 12 (0) 1 : 0.000024 0.000024 0.000024 0.000024 0.000024 0.999788 0.000024 0.000024 0.000024 0.000024
13 13 (0) 1 : 0.000028 0.000028 0.000028 0.000028 0.000028 0.999746 0.000028 0.000028 0.000028 0.000028
14 14 (0) 1 : 0.000028 0.000028 0.000028 0.000028 0.000028 0.999744 0.000028 0.000028 0.000028 0.000028
15 15 (0) 1 : 0.000028 0.000028 0.000028 0.000028 0.000028 0.999744 0.000028 0.000028 0.000028 0.000028
16 16 (0) 1 : 0.000030 0.000030 0.000030 0.000030 0.000030 0.999730 0.000030 0.000030 0.000030 0.000030
17 17 (0) 1 : 0.000033 0.000033 0.000033 0.000033 0.000033 0.999706 0.000033 0.000033 0.000033 0.000033
18 18 (0) 2 : 0.000022 0.000022 0.999801 0.000022 0.000022 0.000022 0.000022 0.000022 0.000022 0.000022
19 19 (0) 2 : 0.000028 0.000028 0.999744 0.000028 0.000028 0.000028 0.000028 0.000028 0.000028 0.000028
20 20 (0) 3 : 0.000022 0.000022 0.000022 0.000022 0.000022 0.999798 0.000022 0.000022 0.000022 0.000022
21 21 (0) 3 : 0.000023 0.000023 0.000023 0.000023 0.000023 0.999789 0.000023 0.000023 0.000023 0.000023
22 22 (0) 2 : 0.000029 0.000029 0.999740 0.000029 0.000029 0.000029 0.000029 0.000029 0.000029 0.000029
23 23 (0) 2 : 0.000022 0.000022 0.999798 0.000022 0.000022 0.000022 0.000022 0.000022 0.000022 0.000022
24 24 (0) 2 : 0.000022 0.000022 0.999805 0.000022 0.000022 0.000022 0.000022 0.000022 0.000022 0.000022
25 25 (0) 4 : 0.000026 0.000026 0.000026 0.000026 0.000026 0.000026 0.000026 0.999767 0.000026 0.000026
26 26 (0) 4 : 0.000023 0.000023 0.000023 0.000023 0.000023 0.000023 0.000023 0.999796 0.000023 0.000023
27 27 (0) 4 : 0.000033 0.000033 0.000033 0.000033 0.000033 0.000033 0.000033 0.999699 0.000033 0.000033
28 28 (0) 4 : 0.000029 0.000029 0.000029 0.000029 0.000029 0.000029 0.000029 0.999736 0.000029 0.000029
29 29 (0) 4 : 0.000035 0.000035 0.000035 0.000035 0.000035 0.000035 0.000035 0.999689 0.000035 0.000035
30 30 (0) 4 : 0.000039 0.000039 0.000039 0.000039 0.000039 0.000039 0.000039 0.999653 0.000039 0.000039
31 31 (0) 4 : 0.000031 0.000031 0.000031 0.000031 0.000031 0.000031 0.000031 0.999717 0.000031 0.000031
32 32 (0) 4 : 0.000033 0.000033 0.000033 0.000033 0.000033 0.000033 0.000033 0.999704 0.000033 0.000033
33 33 (0) 4 : 0.000028 0.000028 0.000028 0.000028 0.000028 0.000028 0.000028 0.999747 0.000028 0.000028
34 34 (0) 4 : 0.000022 0.000022 0.000022 0.000022 0.000022 0.000022 0.000022 0.999806 0.000022 0.000022
35 35 (0) 4 : 0.000021 0.000021 0.000021 0.000021 0.000021 0.000021 0.000021 0.999813 0.000021 0.000021
36 36 (0) 4 : 0.000021 0.000021 0.000021 0.000021 0.000021 0.000021 0.000021 0.999812 0.000021 0.000021
37 37 (0) 4 : 0.000021 0.000021 0.000021 0.000021 0.000021 0.000021 0.000021 0.999809 0.000021 0.000021
38 38 (0) 4 : 0.000027 0.000027 0.000027 0.000027 0.000027 0.000027 0.000027 0.999759 0.000027 0.000027
39 39 (0) 4 : 0.000022 0.000022 0.000022 0.000022 0.000022 0.000022 0.000022 0.999800 0.000022 0.000022
40 40 (0) 4 : 0.000021 0.000021 0.000021 0.000021 0.000021 0.000021 0.000021 0.999813 0.000021 0.000021
41 41 (0) 4 : 0.000030 0.000030 0.000030 0.000030 0.000030 0.000030 0.000030 0.999733 0.000030 0.000030
42 42 (0) 4 : 0.000029 0.000029 0.000029 0.000029 0.000029 0.000029 0.000029 0.999742 0.000029 0.000029
43 43 (0) 4 : 0.000030 0.000030 0.000030 0.000030 0.000030 0.000030 0.000030 0.999730 0.000030 0.000030
44 44 (0) 4 : 0.000029 0.000029 0.000029 0.000029 0.000029 0.000029 0.000029 0.999740 0.000029 0.000029
45 45 (0) 4 : 0.000029 0.000029 0.000029 0.000029 0.000029 0.000029 0.000029 0.999737 0.000029 0.000029
46 46 (0) 4 : 0.000029 0.000029 0.000029 0.000029 0.000029 0.000029 0.000029 0.999741 0.000029 0.000029
47 47 (0) 4 : 0.000030 0.000030 0.000030 0.000030 0.000030 0.000030 0.000030 0.999730 0.000030 0.000030
48 48 (0) 4 : 0.000029 0.000029 0.000029 0.000029 0.000029 0.000029 0.000029 0.999743 0.000029 0.000029
49 49 (0) 4 : 0.000028 0.000028 0.000028 0.000028 0.000028 0.000028 0.000028 0.999750 0.000028 0.000028
50 50 (0) 4 : 0.000029 0.000029 0.000029 0.000029 0.000029 0.000029 0.000029 0.999743 0.000029 0.000029
51 51 (0) 1 : 0.000019 0.000019 0.000019 0.000019 0.000019 0.999829 0.000019 0.000019 0.000019 0.000019
52 52 (0) 1 : 0.000020 0.000020 0.000020 0.000020 0.000020 0.999820 0.000020 0.000020 0.000020 0.000020
53 53 (0) 1 : 0.000032 0.000032 0.269374 0.000032 0.000032 0.730370 0.000032 0.000032 0.000032 0.000032
54 54 (0) 1 : 0.000022 0.000022 0.418936 0.000022 0.000022 0.580887 0.000022 0.000022 0.000022 0.000022
55 55 (0) 1 : 0.000034 0.000034 0.291946 0.000034 0.000034 0.707779 0.000034 0.000034 0.000034 0.000034
56 56 (0) 1 : 0.000022 0.000022 0.404467 0.000022 0.000022 0.595361 0.000022 0.000022 0.000022 0.000022
57 57 (0) 1 : 0.000021 0.000021 0.346020 0.000021 0.000021 0.653816 0.000021 0.000021 0.000021 0.000021
58 58 (0) 1 : 0.000028 0.000028 0.336129 0.000028 0.000028 0.663650 0.000028 0.000028 0.000028 0.000028
59 59 (0) 1 : 0.000027 0.000027 0.000027 0.000027 0.000027 0.999757 0.000027 0.000027 0.000027 0.000027
60 60 (0) 1 : 0.000028 0.000028 0.000028 0.000028 0.000028 0.999750 0.000028 0.000028 0.000028 0.000028
61 61 (0) 1 : 0.000019 0.000019 0.000019 0.000019 0.000019 0.999825 0.000019 0.000019 0.000019 0.000019
62 62 (0) 1 : 0.000025 0.000025 0.000025 0.000025 0.000025 0.999778 0.000025 0.000025 0.000025 0.000025
63 63 (0) 1 : 0.000026 0.000026 0.000026 0.000026 0.000026 0.999767 0.000026 0.000026 0.000026 0.000026
64 64 (0) 1 : 0.000029 0.000029 0.000029 0.000029 0.000029 0.999740 0.000029 0.000029 0.000029 0.000029
65 65 (0) 1 : 0.000028 0.000028 0.000028 0.000028 0.000028 0.999745 0.000028 0.000028 0.000028 0.000028
66 66 (0) 1 : 0.000031 0.000031 0.000031 0.000031 0.000031 0.999717 0.000031 0.000031 0.000031 0.000031
67 67 (0) 1 : 0.000028 0.000028 0.000028 0.000028 0.000028 0.999750 0.000028 0.000028 0.000028 0.000028
68 68 (0) 1 : 0.000032 0.000032 0.000032 0.000032 0.000032 0.999711 0.000032 0.000032 0.000032 0.000032
69 69 (0) 1 : 0.000034 0.000034 0.000034 0.000034 0.000034 0.999692 0.000034 0.000034 0.000034 0.000034
70 70 (0) 1 : 0.000026 0.000026 0.000026 0.000026 0.000026 0.999764 0.000026 0.000026 0.000026 0.000026
71 71 (0) 1 : 0.000031 0.000031 0.000031 0.000031 0.000031 0.999725 0.000031 0.000031 0.000031 0.000031
72 72 (0) 1 : 0.000030 0.000030 0.000030 0.000030 0.000030 0.999731 0.000030 0.000030 0.000030 0.000030
73 73 (0) 1 : 0.000028 0.000028 0.000028 0.000028 0.000028 0.999749 0.000028 0.000028 0.000028 0.000028
74 74 (0) 1 : 0.000020 0.000020 0.000020 0.000020 0.000020 0.999822 0.000020 0.000020 0.000020 0.000020
75 75 (0) 1 : 0.000019 0.000019 0.000019 0.000019 0.000019 0.999825 0.000019 0.000019 0.000019 0.000019
76 76 (0) 1 : 0.000038 0.000038 0.000038 0.000038 0.000038 0.999655 0.000038 0.000038 0.000038 0.000038
77 77 (0) 1 : 0.000030 0.000030 0.000030 0.000030 0.000030 0.999729 0.000030 0.000030 0.000030 0.000030
78 78 (0) 1 : 0.000030 0.000030 0.000030 0.000030 0.000030 0.999733 0.000030 0.000030 0.000030 0.000030
79 79 (0) 1 : 0.000025 0.000025 0.320047 0.000025 0.000025 0.679755 0.000025 0.000025 0.000025 0.000025
80 80 (0) 1 : 0.000019 0.000019 0.000019 0.000019 0.000019 0.999825 0.000019 0.000019 0.000019 0.000019
81 81 (0) 1 : 0.000019 0.000019 0.000019 0.000019 0.000019 0.999825 0.000019 0.000019 0.000019 0.000019
82 82 (0) 1 : 0.000022 0.000022 0.000022 0.000022 0.000022 0.999804 0.000022 0.000022 0.000022 0.000022
83 83 (0) 1 : 0.000028 0.000028 0.000028 0.000028 0.000028 0.864219 0.135556 0.000028 0.000028 0.000028
84 84 (0) 1 : 0.000038 0.000038 0.000038 0.000038 0.000038 0.999654 0.000038 0.000038 0.000038 0.000038
85 85 (0) 1 : 0.000020 0.000020 0.000020 0.000020 0.000020 0.999822 0.000020 0.000020 0.000020 0.000020
86 86 (0) 1 : 0.000019 0.000019 0.000019 0.000019 0.000019 0.999825 0.000019 0.000019 0.000019 0.000019
87 87 (0) 5 : 0.000030 0.000030 0.000030 0.000030 0.000030 0.480792 0.000030 0.518968 0.000030 0.000030
88 88 (0) 5 : 0.000026 0.000026 0.000026 0.000026 0.000026 0.000026 0.000026 0.999766 0.000026 0.000026
89 89 (0) 5 : 0.000020 0.000020 0.000020 0.000020 0.000020 0.399690 0.000020 0.600146 0.000020 0.000020
90 90 (0) 5 : 0.000030 0.000030 0.000030 0.000030 0.000030 0.000030 0.000030 0.999730 0.000030 0.000030
91 91 (0) 5 : 0.000029 0.000029 0.000029 0.000029 0.000029 0.000029 0.000029 0.999743 0.000029 0.000029
92 92 (0) 5 : 0.000023 0.000023 0.000023 0.000023 0.000023 0.321945 0.000023 0.677870 0.000023 0.000023
93 93 (0) 5 : 0.000032 0.000032 0.000032 0.000032 0.000032 0.000032 0.000032 0.999711 0.000032 0.000032
94 94 (0) 5 : 0.000024 0.000024 0.000024 0.000024 0.000024 0.000024 0.000024 0.999785 0.000024 0.000024
95 95 (0) 5 : 0.000031 0.000031 0.000031 0.000031 0.000031 0.000031 0.000031 0.999722 0.000031 0.000031
96 96 (0) 5 : 0.000027 0.000027 0.000027 0.000027 0.000027 0.000027 0.000027 0.999753 0.000027 0.000027
97 97 (0) 6 : 0.000027 0.000027 0.000027 0.000027 0.000027 0.000027 0.999755 0.000027 0.000027 0.000027
98 98 (0) 6 : 0.000026 0.000026 0.000026 0.000026 0.000026 0.000026 0.999764 0.000026 0.000026 0.000026
99 99 (0) 6 : 0.000026 0.000026 0.000026 0.000026 0.000026 0.000026 0.999763 0.000026 0.000026 0.000026
100 100 (0) 6 : 0.000021 0.000021 0.000021 0.000021 0.000021 0.000021 0.999808 0.000021 0.000021 0.000021
101 101 (0) 6 : 0.000021 0.000021 0.000021 0.000021 0.000021 0.804023 0.195807 0.000021 0.000021 0.000021
102 102 (0) 6 : 0.000020 0.000020 0.000020 0.000020 0.000020 0.846294 0.153545 0.000020 0.000020 0.000020
103 103 (0) 6 : 0.000027 0.000027 0.000027 0.000027 0.000027 0.000027 0.999759 0.000027 0.000027 0.000027
104 104 (0) 6 : 0.000028 0.000028 0.000028 0.000028 0.000028 0.000028 0.999745 0.000028 0.000028 0.000028
105 105 (0) 6 : 0.000028 0.000028 0.000028 0.000028 0.000028 0.000028 0.999749 0.000028 0.000028 0.000028
106 106 (0) 6 : 0.000031 0.000031 0.000031 0.000031 0.000031 0.000031 0.999718 0.000031 0.000031 0.000031
107 107 (0) 6 : 0.000028 0.000028 0.000028 0.000028 0.000028 0.000028 0.999748 0.000028 0.000028 0.000028
108 108 (0) 6 : 0.000029 0.000029 0.000029 0.000029 0.000029 0.000029 0.999735 0.000029 0.000029 0.000029
109 109 (0) 6 : 0.000029 0.000029 0.000029 0.000029 0.000029 0.000029 0.999740 0.000029 0.000029 0.000029
110 110 (0) 2 : 0.000022 0.000022 0.999801 0.000022 0.000022 0.000022 0.000022 0.000022 0.000022 0.000022
111 111 (0) 2 : 0.000029 0.000029 0.999743 0.000029 0.000029 0.000029 0.000029 0.000029 0.000029 0.000029
112 112 (0) 2 : 0.000029 0.000029 0.999739 0.000029 0.000029 0.000029 0.000029 0.000029 0.000029 0.000029
113 113 (0) 2 : 0.000027 0.000027 0.999761 0.000027 0.000027 0.000027 0.000027 0.000027 0.000027 0.000027
114 114 (0) 2 : 0.000028 0.000028 0.999751 0.000028 0.000028 0.000028 0.000028 0.000028 0.000028 0.000028
115 115 (0) 3 : 0.000020 0.000020 0.000020 0.000020 0.000020 0.999822 0.000020 0.000020 0.000020 0.000020
1 1 (0) 1 : 0.999741 0.000029 0.000029 0.000029 0.000029 0.000029 0.000029 0.000029 0.000029 0.000029
2 2 (0) 1 : 0.999753 0.000027 0.000027 0.000027 0.000027 0.000027 0.000027 0.000027 0.000027 0.000027
3 3 (0) 1 : 0.999736 0.000029 0.000029 0.000029 0.000029 0.000029 0.000029 0.000029 0.000029 0.000029
4 4 (0) 1 : 0.999736 0.000029 0.000029 0.000029 0.000029 0.000029 0.000029 0.000029 0.000029 0.000029
5 5 (0) 1 : 0.999723 0.000031 0.000031 0.000031 0.000031 0.000031 0.000031 0.000031 0.000031 0.000031
6 6 (0) 1 : 0.999734 0.000030 0.000030 0.000030 0.000030 0.000030 0.000030 0.000030 0.000030 0.000030
7 7 (0) 1 : 0.999714 0.000032 0.000032 0.000032 0.000032 0.000032 0.000032 0.000032 0.000032 0.000032
8 8 (0) 1 : 0.999799 0.000022 0.000022 0.000022 0.000022 0.000022 0.000022 0.000022 0.000022 0.000022
9 9 (0) 1 : 0.999811 0.000021 0.000021 0.000021 0.000021 0.000021 0.000021 0.000021 0.000021 0.000021
10 10 (0) 1 : 0.999779 0.000025 0.000025 0.000025 0.000025 0.000025 0.000025 0.000025 0.000025 0.000025
11 11 (0) 1 : 0.999741 0.000029 0.000029 0.000029 0.000029 0.000029 0.000029 0.000029 0.000029 0.000029
12 12 (0) 1 : 0.999788 0.000024 0.000024 0.000024 0.000024 0.000024 0.000024 0.000024 0.000024 0.000024
13 13 (0) 1 : 0.999746 0.000028 0.000028 0.000028 0.000028 0.000028 0.000028 0.000028 0.000028 0.000028
14 14 (0) 1 : 0.999744 0.000028 0.000028 0.000028 0.000028 0.000028 0.000028 0.000028 0.000028 0.000028
15 15 (0) 1 : 0.999744 0.000028 0.000028 0.000028 0.000028 0.000028 0.000028 0.000028 0.000028 0.000028
16 16 (0) 1 : 0.999730 0.000030 0.000030 0.000030 0.000030 0.000030 0.000030 0.000030 0.000030 0.000030
17 17 (0) 1 : 0.999706 0.000033 0.000033 0.000033 0.000033 0.000033 0.000033 0.000033 0.000033 0.000033
18 18 (0) 2 : 0.000022 0.000022 0.000022 0.000022 0.000022 0.000022 0.000022 0.000022 0.999801 0.000022
19 19 (0) 2 : 0.000028 0.000028 0.000028 0.000028 0.000028 0.000028 0.000028 0.000028 0.999744 0.000028
20 20 (0) 3 : 0.999798 0.000022 0.000022 0.000022 0.000022 0.000022 0.000022 0.000022 0.000022 0.000022
21 21 (0) 3 : 0.999789 0.000023 0.000023 0.000023 0.000023 0.000023 0.000023 0.000023 0.000023 0.000023
22 22 (0) 2 : 0.000029 0.000029 0.000029 0.000029 0.000029 0.000029 0.000029 0.000029 0.999740 0.000029
23 23 (0) 2 : 0.000022 0.000022 0.000022 0.000022 0.000022 0.000022 0.000022 0.000022 0.999798 0.000022
24 24 (0) 2 : 0.000022 0.000022 0.000022 0.000022 0.000022 0.000022 0.000022 0.000022 0.999805 0.000022
25 25 (0) 4 : 0.000026 0.000026 0.000026 0.000026 0.000026 0.999767 0.000026 0.000026 0.000026 0.000026
26 26 (0) 4 : 0.000023 0.000023 0.000023 0.000023 0.000023 0.999796 0.000023 0.000023 0.000023 0.000023
27 27 (0) 4 : 0.000033 0.000033 0.000033 0.000033 0.000033 0.999699 0.000033 0.000033 0.000033 0.000033
28 28 (0) 4 : 0.000029 0.000029 0.000029 0.000029 0.000029 0.999736 0.000029 0.000029 0.000029 0.000029
29 29 (0) 4 : 0.000035 0.000035 0.000035 0.000035 0.000035 0.999689 0.000035 0.000035 0.000035 0.000035
30 30 (0) 4 : 0.118496 0.000039 0.000039 0.000039 0.000039 0.881195 0.000039 0.000039 0.000039 0.000039
31 31 (0) 4 : 0.000031 0.000031 0.000031 0.000031 0.000031 0.999717 0.000031 0.000031 0.000031 0.000031
32 32 (0) 4 : 0.000033 0.000033 0.000033 0.000033 0.000033 0.999704 0.000033 0.000033 0.000033 0.000033
33 33 (0) 4 : 0.000028 0.000028 0.000028 0.000028 0.000028 0.999747 0.000028 0.000028 0.000028 0.000028
34 34 (0) 4 : 0.000022 0.000022 0.000022 0.000022 0.000022 0.999806 0.000022 0.000022 0.000022 0.000022
35 35 (0) 4 : 0.000021 0.000021 0.000021 0.000021 0.000021 0.999813 0.000021 0.000021 0.000021 0.000021
36 36 (0) 4 : 0.000021 0.000021 0.000021 0.000021 0.000021 0.999812 0.000021 0.000021 0.000021 0.000021
37 37 (0) 4 : 0.000021 0.000021 0.000021 0.000021 0.000021 0.999809 0.000021 0.000021 0.000021 0.000021
38 38 (0) 4 : 0.000027 0.000027 0.000027 0.000027 0.000027 0.999759 0.000027 0.000027 0.000027 0.000027
39 39 (0) 4 : 0.000022 0.000022 0.000022 0.000022 0.000022 0.999800 0.000022 0.000022 0.000022 0.000022
40 40 (0) 4 : 0.000021 0.000021 0.000021 0.000021 0.000021 0.999813 0.000021 0.000021 0.000021 0.000021
41 41 (0) 4 : 0.000030 0.000030 0.000030 0.000030 0.000030 0.999733 0.000030 0.000030 0.000030 0.000030
42 42 (0) 4 : 0.000029 0.000029 0.000029 0.000029 0.000029 0.999742 0.000029 0.000029 0.000029 0.000029
43 43 (0) 4 : 0.000030 0.000030 0.000030 0.000030 0.000030 0.999730 0.000030 0.000030 0.000030 0.000030
44 44 (0) 4 : 0.000029 0.000029 0.000029 0.000029 0.000029 0.999740 0.000029 0.000029 0.000029 0.000029
45 45 (0) 4 : 0.000029 0.000029 0.000029 0.000029 0.000029 0.999737 0.000029 0.000029 0.000029 0.000029
46 46 (0) 4 : 0.000029 0.000029 0.000029 0.000029 0.000029 0.999741 0.000029 0.000029 0.000029 0.000029
47 47 (0) 4 : 0.000030 0.000030 0.000030 0.000030 0.000030 0.999730 0.000030 0.000030 0.000030 0.000030
48 48 (0) 4 : 0.123762 0.000029 0.000029 0.000029 0.000029 0.876010 0.000029 0.000029 0.000029 0.000029
49 49 (0) 4 : 0.000028 0.000028 0.000028 0.000028 0.000028 0.999750 0.000028 0.000028 0.000028 0.000028
50 50 (0) 4 : 0.000029 0.000029 0.000029 0.000029 0.000029 0.999743 0.000029 0.000029 0.000029 0.000029
51 51 (0) 1 : 0.999829 0.000019 0.000019 0.000019 0.000019 0.000019 0.000019 0.000019 0.000019 0.000019
52 52 (0) 1 : 0.999820 0.000020 0.000020 0.000020 0.000020 0.000020 0.000020 0.000020 0.000020 0.000020
53 53 (0) 1 : 0.953675 0.000032 0.000032 0.000032 0.000032 0.046069 0.000032 0.000032 0.000032 0.000032
54 54 (0) 1 : 0.999801 0.000022 0.000022 0.000022 0.000022 0.000022 0.000022 0.000022 0.000022 0.000022
55 55 (0) 1 : 0.737054 0.000034 0.000034 0.000034 0.000034 0.262671 0.000034 0.000034 0.000034 0.000034
56 56 (0) 1 : 0.511200 0.000022 0.000022 0.000022 0.000022 0.488628 0.000022 0.000022 0.000022 0.000022
57 57 (0) 1 : 0.573418 0.000021 0.000021 0.000021 0.000021 0.426418 0.000021 0.000021 0.000021 0.000021
58 58 (0) 1 : 0.645728 0.000028 0.000028 0.000028 0.000028 0.354051 0.000028 0.000028 0.000028 0.000028
59 59 (0) 1 : 0.999757 0.000027 0.000027 0.000027 0.000027 0.000027 0.000027 0.000027 0.000027 0.000027
60 60 (0) 1 : 0.999750 0.000028 0.000028 0.000028 0.000028 0.000028 0.000028 0.000028 0.000028 0.000028
61 61 (0) 1 : 0.999825 0.000019 0.000019 0.000019 0.000019 0.000019 0.000019 0.000019 0.000019 0.000019
62 62 (0) 1 : 0.999778 0.000025 0.000025 0.000025 0.000025 0.000025 0.000025 0.000025 0.000025 0.000025
63 63 (0) 1 : 0.999767 0.000026 0.000026 0.000026 0.000026 0.000026 0.000026 0.000026 0.000026 0.000026
64 64 (0) 1 : 0.999740 0.000029 0.000029 0.000029 0.000029 0.000029 0.000029 0.000029 0.000029 0.000029
65 65 (0) 1 : 0.999745 0.000028 0.000028 0.000028 0.000028 0.000028 0.000028 0.000028 0.000028 0.000028
66 66 (0) 1 : 0.999717 0.000031 0.000031 0.000031 0.000031 0.000031 0.000031 0.000031 0.000031 0.000031
67 67 (0) 1 : 0.999750 0.000028 0.000028 0.000028 0.000028 0.000028 0.000028 0.000028 0.000028 0.000028
68 68 (0) 1 : 0.999711 0.000032 0.000032 0.000032 0.000032 0.000032 0.000032 0.000032 0.000032 0.000032
69 69 (0) 1 : 0.999692 0.000034 0.000034 0.000034 0.000034 0.000034 0.000034 0.000034 0.000034 0.000034
70 70 (0) 1 : 0.999764 0.000026 0.000026 0.000026 0.000026 0.000026 0.000026 0.000026 0.000026 0.000026
71 71 (0) 1 : 0.999725 0.000031 0.000031 0.000031 0.000031 0.000031 0.000031 0.000031 0.000031 0.000031
72 72 (0) 1 : 0.999731 0.000030 0.000030 0.000030 0.000030 0.000030 0.000030 0.000030 0.000030 0.000030
73 73 (0) 1 : 0.999749 0.000028 0.000028 0.000028 0.000028 0.000028 0.000028 0.000028 0.000028 0.000028
74 74 (0) 1 : 0.999822 0.000020 0.000020 0.000020 0.000020 0.000020 0.000020 0.000020 0.000020 0.000020
75 75 (0) 1 : 0.999825 0.000019 0.000019 0.000019 0.000019 0.000019 0.000019 0.000019 0.000019 0.000019
76 76 (0) 1 : 0.999655 0.000038 0.000038 0.000038 0.000038 0.000038 0.000038 0.000038 0.000038 0.000038
77 77 (0) 1 : 0.999729 0.000030 0.000030 0.000030 0.000030 0.000030 0.000030 0.000030 0.000030 0.000030
78 78 (0) 1 : 0.999733 0.000030 0.000030 0.000030 0.000030 0.000030 0.000030 0.000030 0.000030 0.000030
79 79 (0) 1 : 0.747891 0.000025 0.000025 0.000025 0.000025 0.251911 0.000025 0.000025 0.000025 0.000025
80 80 (0) 1 : 0.999825 0.000019 0.000019 0.000019 0.000019 0.000019 0.000019 0.000019 0.000019 0.000019
81 81 (0) 1 : 0.999825 0.000019 0.000019 0.000019 0.000019 0.000019 0.000019 0.000019 0.000019 0.000019
82 82 (0) 1 : 0.999804 0.000022 0.000022 0.000022 0.000022 0.000022 0.000022 0.000022 0.000022 0.000022
83 83 (0) 1 : 0.899105 0.000028 0.100670 0.000028 0.000028 0.000028 0.000028 0.000028 0.000028 0.000028
84 84 (0) 1 : 0.999654 0.000038 0.000038 0.000038 0.000038 0.000038 0.000038 0.000038 0.000038 0.000038
85 85 (0) 1 : 0.999822 0.000020 0.000020 0.000020 0.000020 0.000020 0.000020 0.000020 0.000020 0.000020
86 86 (0) 1 : 0.999825 0.000019 0.000019 0.000019 0.000019 0.000019 0.000019 0.000019 0.000019 0.000019
87 87 (0) 5 : 0.532982 0.000030 0.000030 0.000030 0.000030 0.466777 0.000030 0.000030 0.000030 0.000030
88 88 (0) 5 : 0.327396 0.000026 0.000026 0.000026 0.000026 0.672396 0.000026 0.000026 0.000026 0.000026
89 89 (0) 5 : 0.468937 0.000020 0.000020 0.000020 0.000020 0.530900 0.000020 0.000020 0.000020 0.000020
90 90 (0) 5 : 0.000030 0.000030 0.000030 0.000030 0.000030 0.999730 0.000030 0.000030 0.000030 0.000030
91 91 (0) 5 : 0.062126 0.000029 0.000029 0.000029 0.000029 0.937646 0.000029 0.000029 0.000029 0.000029
92 92 (0) 5 : 0.382367 0.000023 0.000023 0.000023 0.000023 0.617448 0.000023 0.000023 0.000023 0.000023
93 93 (0) 5 : 0.234063 0.000032 0.000032 0.000032 0.000032 0.765681 0.000032 0.000032 0.000032 0.000032
94 94 (0) 5 : 0.000024 0.000024 0.000024 0.000024 0.000024 0.999785 0.000024 0.000024 0.000024 0.000024
95 95 (0) 5 : 0.091194 0.000031 0.000031 0.000031 0.000031 0.908559 0.000031 0.000031 0.000031 0.000031
96 96 (0) 5 : 0.125658 0.000027 0.000027 0.000027 0.000027 0.874122 0.000027 0.000027 0.000027 0.000027
97 97 (0) 6 : 0.000027 0.000027 0.999755 0.000027 0.000027 0.000027 0.000027 0.000027 0.000027 0.000027
98 98 (0) 6 : 0.000026 0.000026 0.999764 0.000026 0.000026 0.000026 0.000026 0.000026 0.000026 0.000026
99 99 (0) 6 : 0.000026 0.000026 0.999763 0.000026 0.000026 0.000026 0.000026 0.000026 0.000026 0.000026
100 100 (0) 6 : 0.981696 0.000021 0.018133 0.000021 0.000021 0.000021 0.000021 0.000021 0.000021 0.000021
101 101 (0) 6 : 0.999809 0.000021 0.000021 0.000021 0.000021 0.000021 0.000021 0.000021 0.000021 0.000021
102 102 (0) 6 : 0.999820 0.000020 0.000020 0.000020 0.000020 0.000020 0.000020 0.000020 0.000020 0.000020
103 103 (0) 6 : 0.000027 0.000027 0.999759 0.000027 0.000027 0.000027 0.000027 0.000027 0.000027 0.000027
104 104 (0) 6 : 0.000028 0.000028 0.999745 0.000028 0.000028 0.000028 0.000028 0.000028 0.000028 0.000028
105 105 (0) 6 : 0.000028 0.000028 0.999749 0.000028 0.000028 0.000028 0.000028 0.000028 0.000028 0.000028
106 106 (0) 6 : 0.000031 0.000031 0.999718 0.000031 0.000031 0.000031 0.000031 0.000031 0.000031 0.000031
107 107 (0) 6 : 0.000028 0.000028 0.999748 0.000028 0.000028 0.000028 0.000028 0.000028 0.000028 0.000028
108 108 (0) 6 : 0.000029 0.000029 0.999735 0.000029 0.000029 0.000029 0.000029 0.000029 0.000029 0.000029
109 109 (0) 6 : 0.000029 0.000029 0.999740 0.000029 0.000029 0.000029 0.000029 0.000029 0.000029 0.000029
110 110 (0) 2 : 0.207453 0.000022 0.000022 0.000022 0.000022 0.000022 0.000022 0.000022 0.792370 0.000022
111 111 (0) 2 : 0.235222 0.000029 0.000029 0.000029 0.000029 0.000029 0.000029 0.000029 0.764550 0.000029
112 112 (0) 2 : 0.182543 0.000029 0.000029 0.000029 0.000029 0.000029 0.000029 0.000029 0.817225 0.000029
113 113 (0) 2 : 0.000027 0.000027 0.000027 0.000027 0.000027 0.000027 0.000027 0.000027 0.999761 0.000027
114 114 (0) 2 : 0.117300 0.000028 0.000028 0.000028 0.000028 0.000028 0.000028 0.000028 0.882479 0.000028
115 115 (0) 3 : 0.999822 0.000020 0.000020 0.000020 0.000020 0.000020 0.000020 0.000020 0.000020 0.000020
