1 1 (0) 1 : 0.000118 0.999762 0.000120
2 2 (0) 1 : 0.000113 0.999773 0.000114
3 3 (0) 1 : 0.000120 0.999756 0.000124
4 4 (0) 1 : 0.000120 0.999759 0.000122
5 5 (0) 1 : 0.000125 0.999748 0.000127
6 6 (0) 1 : 0.000121 0.999756 0.000123
7 7 (0) 1 : 0.000132 0.999737 0.000131
8 8 (0) 1 : 0.000092 0.999816 0.000092
9 9 (0) 1 : 0.000087 0.999827 0.000086
10 10 (0) 1 : 0.000100 0.999798 0.000102
11 11 (0) 1 : 0.000117 0.999764 0.000119
12 12 (0) 1 : 0.000099 0.999805 0.000096
13 13 (0) 1 : 0.000115 0.999769 0.000116
14 14 (0) 1 : 0.000117 0.999766 0.000117
15 15 (0) 1 : 0.000118 0.999765 0.000117
16 16 (0) 1 : 0.000124 0.999753 0.000124
17 17 (0) 1 : 0.000135 0.999731 0.000134
18 18 (0) 2 : 0.999815 0.000094 0.000091
19 19 (0) 2 : 0.999758 0.000122 0.000120
20 20 (0) 3 : 0.066726 0.933181 0.000094
21 21 (0) 3 : 0.045770 0.954133 0.000097
22 22 (0) 2 : 0.999755 0.000124 0.000121
23 23 (0) 2 : 0.999813 0.000095 0.000093
24 24 (0) 2 : 0.999817 0.000092 0.000090
25 25 (0) 4 : 0.000105 0.119663 0.880232
26 26 (0) 4 : 0.000093 0.000095 0.999812
27 27 (0) 4 : 0.000137 0.000140 0.999723
28 28 (0) 4 : 0.000124 0.000122 0.999754
29 29 (0) 4 : 0.000141 0.000144 0.999715
30 30 (0) 4 : 0.000135 0.128406 0.871459
31 31 (0) 4 : 0.000134 0.000131 0.999735
32 32 (0) 4 : 0.000134 0.000140 0.999726
33 33 (0) 4 : 0.000120 0.000117 0.999763
34 34 (0) 4 : 0.000089 0.098622 0.901290
35 35 (0) 4 : 0.000086 0.145613 0.854301
36 36 (0) 4 : 0.000090 0.000087 0.999824
37 37 (0) 4 : 0.000089 0.000088 0.999823
38 38 (0) 4 : 0.000113 0.000112 0.999775
39 39 (0) 4 : 0.000093 0.000093 0.999814
40 40 (0) 4 : 0.000089 0.000087 0.999824
41 41 (0) 4 : 0.000125 0.000123 0.999752
42 42 (0) 4 : 0.000120 0.000120 0.999760
43 43 (0) 4 : 0.000123 0.000126 0.999752
44 44 (0) 4 : 0.000117 0.000122 0.999761
45 45 (0) 4 : 0.000122 0.000121 0.999756
46 46 (0) 4 : 0.000122 0.065972 0.933906
47 47 (0) 4 : 0.000123 0.000125 0.999752
48 48 (0) 4 : 0.000100 0.149758 0.850142
49 49 (0) 4 : 0.000119 0.000115 0.999766
50 50 (0) 4 : 0.000120 0.000119 0.999761
51 51 (0) 1 : 0.000078 0.999843 0.000078
52 52 (0) 1 : 0.000082 0.999834 0.000083
53 53 (0) 1 : 0.000126 0.724346 0.275528
54 54 (0) 1 : 0.000092 0.390270 0.609638
55 55 (0) 1 : 0.000142 0.754711 0.245147
56 56 (0) 1 : 0.000089 0.412727 0.587184
57 57 (0) 1 : 0.000085 0.453658 0.546257
58 58 (0) 1 : 0.000114 0.568217 0.431669
59 59 (0) 1 : 0.000113 0.959100 0.040787
60 60 (0) 1 : 0.000114 0.999771 0.000114
61 61 (0) 1 : 0.000081 0.999839 0.000080
62 62 (0) 1 : 0.000103 0.827875 0.172023
63 63 (0) 1 : 0.000107 0.876265 0.123628
64 64 (0) 1 : 0.000118 0.999764 0.000118
65 65 (0) 1 : 0.000117 0.999766 0.000117
66 66 (0) 1 : 0.000128 0.999743 0.000129
67 67 (0) 1 : 0.000114 0.999772 0.000114
68 68 (0) 1 : 0.000131 0.999736 0.000133
69 69 (0) 1 : 0.000140 0.999718 0.000142
70 70 (0) 1 : 0.000107 0.999786 0.000108
71 71 (0) 1 : 0.000125 0.999748 0.000127
72 72 (0) 1 : 0.000122 0.999754 0.000123
73 73 (0) 1 : 0.000115 0.999771 0.000115
74 74 (0) 1 : 0.000082 0.999838 0.000081
75 75 (0) 1 : 0.000081 0.999839 0.000080
76 76 (0) 1 : 0.000157 0.999685 0.000158
77 77 (0) 1 : 0.000124 0.999752 0.000124
78 78 (0) 1 : 0.000121 0.999757 0.000122
79 79 (0) 1 : 0.000103 0.701091 0.298807
80 80 (0) 1 : 0.000080 0.999840 0.000080
81 81 (0) 1 : 0.000080 0.999840 0.000081
82 82 (0) 1 : 0.000091 0.999819 0.000090
83 83 (0) 1 : 0.000115 0.999767 0.000119
84 84 (0) 1 : 0.000159 0.939640 0.060200
85 85 (0) 1 : 0.000082 0.999837 0.000081
86 86 (0) 1 : 0.000080 0.999840 0.000080
87 87 (0) 5 : 0.000127 0.394582 0.605291
88 88 (0) 5 : 0.000110 0.260416 0.739474
89 89 (0) 5 : 0.000083 0.407482 0.592436
90 90 (0) 5 : 0.000124 0.073857 0.926018
91 91 (0) 5 : 0.000117 0.000121 0.999761
92 92 (0) 5 : 0.000093 0.301963 0.697944
93 93 (0) 5 : 0.000112 0.176336 0.823553
94 94 (0) 5 : 0.000097 0.249467 0.750436
95 95 (0) 5 : 0.000129 0.000131 0.999740
96 96 (0) 5 : 0.000110 0.123681 0.876209
97 97 (0) 6 : 0.000113 0.999775 0.000112
98 98 (0) 6 : 0.000107 0.999785 0.000108
99 99 (0) 6 : 0.000108 0.999783 0.000109
100 100 (0) 6 : 0.000090 0.999823 0.000087
101 101 (0) 6 : 0.000089 0.999824 0.000087
102 102 (0) 6 : 0.000083 0.999835 0.000082
103 103 (0) 6 : 0.000109 0.999780 0.000111
104 104 (0) 6 : 0.000120 0.999764 0.000117
105 105 (0) 6 : 0.000117 0.999766 0.000117
106 106 (0) 6 : 0.000129 0.999741 0.000130
107 107 (0) 6 : 0.000115 0.999768 0.000116
108 108 (0) 6 : 0.000121 0.999758 0.000122
109 109 (0) 6 : 0.000124 0.999755 0.000121
110 110 (0) 2 : 0.810877 0.189031 0.000093
111 111 (0) 2 : 0.999758 0.000122 0.000119
112 112 (0) 2 : 0.860196 0.139683 0.000122
113 113 (0) 2 : 0.999775 0.000113 0.000112
114 114 (0) 2 : 0.999766 0.000118 0.000116
115 115 (0) 3 : 0.067360 0.932558 0.000082
1 1 (0) 1 : 0.044093 0.955786 0.000120
2 2 (0) 1 : 0.000116 0.999770 0.000114
3 3 (0) 1 : 0.036486 0.963390 0.000124
4 4 (0) 1 : 0.000124 0.999754 0.000122
5 5 (0) 1 : 0.000129 0.999744 0.000127
6 6 (0) 1 : 0.000125 0.999752 0.000123
7 7 (0) 1 : 0.000132 0.999737 0.000131
8 8 (0) 1 : 0.000092 0.999816 0.000092
9 9 (0) 1 : 0.000088 0.999826 0.000086
10 10 (0) 1 : 0.000102 0.999796 0.000102
11 11 (0) 1 : 0.000119 0.999762 0.000119
12 12 (0) 1 : 0.000097 0.999807 0.000096
13 13 (0) 1 : 0.000117 0.999767 0.000116
14 14 (0) 1 : 0.000118 0.999765 0.000117
15 15 (0) 1 : 0.000118 0.999765 0.000117
16 16 (0) 1 : 0.000125 0.999751 0.000124
17 17 (0) 1 : 0.000136 0.999730 0.000134
18 18 (0) 2 : 0.000086 0.999822 0.000093
19 19 (0) 2 : 0.000116 0.999764 0.000120
20 20 (0) 3 : 0.000093 0.999814 0.000093
21 21 (0) 3 : 0.000081 0.999822 0.000096
22 22 (0) 2 : 0.000119 0.999760 0.000121
23 23 (0) 2 : 0.000089 0.999817 0.000094
24 24 (0) 2 : 0.000084 0.999825 0.000091
25 25 (0) 4 : 0.000107 0.000111 0.999782
26 26 (0) 4 : 0.000093 0.000095 0.999813
27 27 (0) 4 : 0.000136 0.000140 0.999724
28 28 (0) 4 : 0.000120 0.000122 0.999758
29 29 (0) 4 : 0.000141 0.000144 0.999715
30 30 (0) 4 : 0.000160 0.104784 0.895055
31 31 (0) 4 : 0.000128 0.000131 0.999741
32 32 (0) 4 : 0.000136 0.000139 0.999725
33 33 (0) 4 : 0.000114 0.000117 0.999769
34 34 (0) 4 : 0.000089 0.000092 0.999818
35 35 (0) 4 : 0.000085 0.097901 0.902014
36 36 (0) 4 : 0.000087 0.000087 0.999827
37 37 (0) 4 : 0.000087 0.000088 0.999825
38 38 (0) 4 : 0.000110 0.000111 0.999778
39 39 (0) 4 : 0.000091 0.000093 0.999817
40 40 (0) 4 : 0.000087 0.000087 0.999826
41 41 (0) 4 : 0.000121 0.000123 0.999756
42 42 (0) 4 : 0.000118 0.000120 0.999763
43 43 (0) 4 : 0.000124 0.000126 0.999751
44 44 (0) 4 : 0.000119 0.000121 0.999760
45 45 (0) 4 : 0.000119 0.000121 0.999759
46 46 (0) 4 : 0.000120 0.091883 0.907997
47 47 (0) 4 : 0.000123 0.000125 0.999752
48 48 (0) 4 : 0.000120 0.000123 0.999756
49 49 (0) 4 : 0.000114 0.000115 0.999771
50 50 (0) 4 : 0.000117 0.000119 0.999765
51 51 (0) 1 : 0.000078 0.999844 0.000078
52 52 (0) 1 : 0.000084 0.999833 0.000083
53 53 (0) 1 : 0.000134 0.854875 0.144990
54 54 (0) 1 : 0.000092 0.459136 0.540773
55 55 (0) 1 : 0.000144 0.812446 0.187410
56 56 (0) 1 : 0.000089 0.461355 0.538556
57 57 (0) 1 : 0.000085 0.508456 0.491459
58 58 (0) 1 : 0.000116 0.604444 0.395440
59 59 (0) 1 : 0.000113 0.999772 0.000115
60 60 (0) 1 : 0.000115 0.999770 0.000115
61 61 (0) 1 : 0.000080 0.999841 0.000079
62 62 (0) 1 : 0.000102 0.913434 0.086464
63 63 (0) 1 : 0.000108 0.999781 0.000111
64 64 (0) 1 : 0.000120 0.999762 0.000118
65 65 (0) 1 : 0.000118 0.999765 0.000117
66 66 (0) 1 : 0.000130 0.999741 0.000129
67 67 (0) 1 : 0.000116 0.999770 0.000115
68 68 (0) 1 : 0.000132 0.999735 0.000133
69 69 (0) 1 : 0.000142 0.999716 0.000142
70 70 (0) 1 : 0.000108 0.999784 0.000108
71 71 (0) 1 : 0.000127 0.999746 0.000127
72 72 (0) 1 : 0.000125 0.999752 0.000123
73 73 (0) 1 : 0.000115 0.999770 0.000115
74 74 (0) 1 : 0.000081 0.999838 0.000081
75 75 (0) 1 : 0.000080 0.999841 0.000079
76 76 (0) 1 : 0.000159 0.999682 0.000159
77 77 (0) 1 : 0.000125 0.999751 0.000124
78 78 (0) 1 : 0.000123 0.999754 0.000122
79 79 (0) 1 : 0.000102 0.804366 0.195531
80 80 (0) 1 : 0.000080 0.999840 0.000080
81 81 (0) 1 : 0.000081 0.999839 0.000080
82 82 (0) 1 : 0.000090 0.999820 0.000090
83 83 (0) 1 : 0.137399 0.862483 0.000118
84 84 (0) 1 : 0.000162 0.971942 0.027897
85 85 (0) 1 : 0.000082 0.999837 0.000081
86 86 (0) 1 : 0.000081 0.999839 0.000080
87 87 (0) 5 : 0.000124 0.384808 0.615068
88 88 (0) 5 : 0.000107 0.264690 0.735203
89 89 (0) 5 : 0.000084 0.391548 0.608367
90 90 (0) 5 : 0.000125 0.000128 0.999747
91 91 (0) 5 : 0.000118 0.000121 0.999761
92 92 (0) 5 : 0.000095 0.288550 0.711355
93 93 (0) 5 : 0.000136 0.000139 0.999725
94 94 (0) 5 : 0.000099 0.242263 0.757638
95 95 (0) 5 : 0.000129 0.000131 0.999740
96 96 (0) 5 : 0.000115 0.000118 0.999767
97 97 (0) 6 : 0.999771 0.000116 0.000113
98 98 (0) 6 : 0.999780 0.000111 0.000108
99 99 (0) 6 : 0.999778 0.000112 0.000109
100 100 (0) 6 : 0.999820 0.000092 0.000088
101 101 (0) 6 : 0.999818 0.000093 0.000089
102 102 (0) 6 : 0.999830 0.000086 0.000083
103 103 (0) 6 : 0.999775 0.000114 0.000111
104 104 (0) 6 : 0.999762 0.000120 0.000118
105 105 (0) 6 : 0.999768 0.000117 0.000115
106 106 (0) 6 : 0.999738 0.000132 0.000129
107 107 (0) 6 : 0.999766 0.000118 0.000116
108 108 (0) 6 : 0.999754 0.000125 0.000122
109 109 (0) 6 : 0.999760 0.000121 0.000119
110 110 (0) 2 : 0.000091 0.999815 0.000094
111 111 (0) 2 : 0.000117 0.999764 0.000120
112 112 (0) 2 : 0.000119 0.999759 0.000122
113 113 (0) 2 : 0.000092 0.999796 0.000112
114 114 (0) 2 : 0.000114 0.999770 0.000116
115 115 (0) 3 : 0.000081 0.999837 0.000082
1 1 (0) 1 : 0.000118 0.000120 0.999762
2 2 (0) 1 : 0.000113 0.000114 0.999773
3 3 (0) 1 : 0.000120 0.000124 0.999756
4 4 (0) 1 : 0.000120 0.000122 0.999758
5 5 (0) 1 : 0.000125 0.000127 0.999748
6 6 (0) 1 : 0.000121 0.000123 0.999756
7 7 (0) 1 : 0.000129 0.000131 0.999740
8 8 (0) 1 : 0.000091 0.000091 0.999818
9 9 (0) 1 : 0.000085 0.000086 0.999829
10 10 (0) 1 : 0.000100 0.000102 0.999798
11 11 (0) 1 : 0.000117 0.000119 0.999764
12 12 (0) 1 : 0.000095 0.000096 0.999809
13 13 (0) 1 : 0.000114 0.000116 0.999770
14 14 (0) 1 : 0.000115 0.000117 0.999768
15 15 (0) 1 : 0.000115 0.000117 0.999768
16 16 (0) 1 : 0.000122 0.000124 0.999755
17 17 (0) 1 : 0.000132 0.000134 0.999734
18 18 (0) 2 : 0.999815 0.000091 0.000093
19 19 (0) 2 : 0.999759 0.000120 0.000122
20 20 (0) 3 : 0.067460 0.000094 0.932447
21 21 (0) 3 : 0.046546 0.000097 0.953356
22 22 (0) 2 : 0.999755 0.000121 0.000124
23 23 (0) 2 : 0.999813 0.000093 0.000095
24 24 (0) 2 : 0.999818 0.000090 0.000092
25 25 (0) 4 : 0.000106 0.879585 0.120310
26 26 (0) 4 : 0.000093 0.999812 0.000095
27 27 (0) 4 : 0.000135 0.999725 0.000140
28 28 (0) 4 : 0.000119 0.999759 0.000122
29 29 (0) 4 : 0.000141 0.999715 0.000144
30 30 (0) 4 : 0.000159 0.871319 0.128521
31 31 (0) 4 : 0.000126 0.999742 0.000131
32 32 (0) 4 : 0.000134 0.999726 0.000140
33 33 (0) 4 : 0.000113 0.999770 0.000117
34 34 (0) 4 : 0.000089 0.899157 0.100754
35 35 (0) 4 : 0.000086 0.852202 0.147712
36 36 (0) 4 : 0.000084 0.999829 0.000087
37 37 (0) 4 : 0.000085 0.999827 0.000088
38 38 (0) 4 : 0.000108 0.999780 0.000112
39 39 (0) 4 : 0.000090 0.999817 0.000093
40 40 (0) 4 : 0.000084 0.999830 0.000087
41 41 (0) 4 : 0.000119 0.999758 0.000123
42 42 (0) 4 : 0.000116 0.999764 0.000120
43 43 (0) 4 : 0.000123 0.999752 0.000126
44 44 (0) 4 : 0.000117 0.999761 0.000122
45 45 (0) 4 : 0.000118 0.999761 0.000121
46 46 (0) 4 : 0.000122 0.933668 0.066210
47 47 (0) 4 : 0.000123 0.999752 0.000125
48 48 (0) 4 : 0.000118 0.849367 0.150516
49 49 (0) 4 : 0.000112 0.999773 0.000115
50 50 (0) 4 : 0.000115 0.999766 0.000119
51 51 (0) 1 : 0.000078 0.000078 0.999843
52 52 (0) 1 : 0.000082 0.000083 0.999834
53 53 (0) 1 : 0.000133 0.276865 0.723001
54 54 (0) 1 : 0.000093 0.610433 0.389475
55 55 (0) 1 : 0.000142 0.245407 0.754451
56 56 (0) 1 : 0.000089 0.587314 0.412597
57 57 (0) 1 : 0.000085 0.546414 0.453502
58 58 (0) 1 : 0.000114 0.431885 0.568000
59 59 (0) 1 : 0.000113 0.040669 0.959218
60 60 (0) 1 : 0.000113 0.000114 0.999773
61 61 (0) 1 : 0.000079 0.000079 0.999842
62 62 (0) 1 : 0.000103 0.172448 0.827449
63 63 (0) 1 : 0.000107 0.123927 0.875966
64 64 (0) 1 : 0.000117 0.000118 0.999765
65 65 (0) 1 : 0.000115 0.000117 0.999769
66 66 (0) 1 : 0.000128 0.000129 0.999743
67 67 (0) 1 : 0.000112 0.000114 0.999774
68 68 (0) 1 : 0.000131 0.000133 0.999736
69 69 (0) 1 : 0.000140 0.000142 0.999718
70 70 (0) 1 : 0.000106 0.000108 0.999786
71 71 (0) 1 : 0.000125 0.000127 0.999749
72 72 (0) 1 : 0.000121 0.000123 0.999756
73 73 (0) 1 : 0.000113 0.000115 0.999772
74 74 (0) 1 : 0.000080 0.000081 0.999839
75 75 (0) 1 : 0.000079 0.000079 0.999842
76 76 (0) 1 : 0.000156 0.000158 0.999685
77 77 (0) 1 : 0.000121 0.000124 0.999754
78 78 (0) 1 : 0.000120 0.000122 0.999758
79 79 (0) 1 : 0.000103 0.298880 0.701017
80 80 (0) 1 : 0.000080 0.000080 0.999840
81 81 (0) 1 : 0.000080 0.000081 0.999840
82 82 (0) 1 : 0.000091 0.000090 0.999819
83 83 (0) 1 : 0.000117 0.000119 0.999764
84 84 (0) 1 : 0.000160 0.059881 0.939959
85 85 (0) 1 : 0.000080 0.000081 0.999839
86 86 (0) 1 : 0.000080 0.000080 0.999840
87 87 (0) 5 : 0.000127 0.604760 0.395113
88 88 (0) 5 : 0.000110 0.738866 0.261024
89 89 (0) 5 : 0.000085 0.591880 0.408035
90 90 (0) 5 : 0.000125 0.923079 0.076796
91 91 (0) 5 : 0.000119 0.999769 0.000113
92 92 (0) 5 : 0.000095 0.697216 0.302688
93 93 (0) 5 : 0.000133 0.821529 0.178338
94 94 (0) 5 : 0.000099 0.750005 0.249896
95 95 (0) 5 : 0.000129 0.999740 0.000131
96 96 (0) 5 : 0.000114 0.873962 0.125925
97 97 (0) 6 : 0.000110 0.000112 0.999777
98 98 (0) 6 : 0.000107 0.000108 0.999785
99 99 (0) 6 : 0.000098 0.000109 0.999793
100 100 (0) 6 : 0.000086 0.000087 0.999827
101 101 (0) 6 : 0.000086 0.000087 0.999827
102 102 (0) 6 : 0.000081 0.000082 0.999837
103 103 (0) 6 : 0.000108 0.000111 0.999781
104 104 (0) 6 : 0.000114 0.000117 0.999769
105 105 (0) 6 : 0.000112 0.000117 0.999771
106 106 (0) 6 : 0.000127 0.000130 0.999744
107 107 (0) 6 : 0.000103 0.000116 0.999781
108 108 (0) 6 : 0.000119 0.000122 0.999759
109 109 (0) 6 : 0.000116 0.000121 0.999763
110 110 (0) 2 : 0.999811 0.000093 0.000096
111 111 (0) 2 : 0.999759 0.000119 0.000122
112 112 (0) 2 : 0.999754 0.000122 0.000124
113 113 (0) 2 : 0.999775 0.000111 0.000113
114 114 (0) 2 : 0.999767 0.000116 0.000118
115 115 (0) 3 : 0.069566 0.000082 0.930352
1 1 (0) 1 : 0.000121 0.999759 0.000120
2 2 (0) 1 : 0.000114 0.999772 0.000114
3 3 (0) 1 : 0.000120 0.999756 0.000124
4 4 (0) 1 : 0.000123 0.999755 0.000122
5 5 (0) 1 : 0.000127 0.999746 0.000127
6 6 (0) 1 : 0.000123 0.999754 0.000123
7 7 (0) 1 : 0.000131 0.999738 0.000131
8 8 (0) 1 : 0.000091 0.999818 0.000091
9 9 (0) 1 : 0.000084 0.999829 0.000086
10 10 (0) 1 : 0.000100 0.999798 0.000102
11 11 (0) 1 : 0.000118 0.999763 0.000119
12 12 (0) 1 : 0.000103 0.999802 0.000096
13 13 (0) 1 : 0.000117 0.999768 0.000116
14 14 (0) 1 : 0.000117 0.999766 0.000117
15 15 (0) 1 : 0.000116 0.999767 0.000117
16 16 (0) 1 : 0.000125 0.999752 0.000124
17 17 (0) 1 : 0.000135 0.999731 0.000134
18 18 (0) 2 : 0.000097 0.999810 0.000093
19 19 (0) 2 : 0.000115 0.999765 0.000120
20 20 (0) 3 : 0.000101 0.999806 0.000093
21 21 (0) 3 : 0.000111 0.999793 0.000096
22 22 (0) 2 : 0.000118 0.999760 0.000121
23 23 (0) 2 : 0.000098 0.999808 0.000094
24 24 (0) 2 : 0.000096 0.999813 0.000091
25 25 (0) 4 : 0.000105 0.000112 0.999783
26 26 (0) 4 : 0.000094 0.000095 0.999811
27 27 (0) 4 : 0.000136 0.000140 0.999724
28 28 (0) 4 : 0.000119 0.000122 0.999759
29 29 (0) 4 : 0.000141 0.000144 0.999715
30 30 (0) 4 : 0.000160 0.131394 0.868447
31 31 (0) 4 : 0.000128 0.000131 0.999741
32 32 (0) 4 : 0.000136 0.000140 0.999724
33 33 (0) 4 : 0.000114 0.000117 0.999769
34 34 (0) 4 : 0.000092 0.126801 0.873107
35 35 (0) 4 : 0.000095 0.187915 0.811990
36 36 (0) 4 : 0.000099 0.000087 0.999814
37 37 (0) 4 : 0.000097 0.000088 0.999815
38 38 (0) 4 : 0.000110 0.000112 0.999779
39 39 (0) 4 : 0.000095 0.000093 0.999812
40 40 (0) 4 : 0.000101 0.000087 0.999812
41 41 (0) 4 : 0.000121 0.000123 0.999756
42 42 (0) 4 : 0.000117 0.000120 0.999763
43 43 (0) 4 : 0.000123 0.000126 0.999751
44 44 (0) 4 : 0.000119 0.000122 0.999760
45 45 (0) 4 : 0.000119 0.000121 0.999760
46 46 (0) 4 : 0.000120 0.108059 0.891821
47 47 (0) 4 : 0.000122 0.000125 0.999752
48 48 (0) 4 : 0.000116 0.167989 0.831895
49 49 (0) 4 : 0.000114 0.000115 0.999771
50 50 (0) 4 : 0.000116 0.000119 0.999765
51 51 (0) 1 : 0.000063 0.999859 0.000078
52 52 (0) 1 : 0.000068 0.999849 0.000083
53 53 (0) 1 : 0.000134 0.846935 0.152932
54 54 (0) 1 : 0.000090 0.465022 0.534888
55 55 (0) 1 : 0.000143 0.809955 0.189902
56 56 (0) 1 : 0.000072 0.469412 0.530516
57 57 (0) 1 : 0.000083 0.515817 0.484100
58 58 (0) 1 : 0.000114 0.610432 0.389453
59 59 (0) 1 : 0.000112 0.999773 0.000115
60 60 (0) 1 : 0.000113 0.999772 0.000114
61 61 (0) 1 : 0.000089 0.999832 0.000079
62 62 (0) 1 : 0.000102 0.888539 0.111359
63 63 (0) 1 : 0.000107 0.924050 0.075843
64 64 (0) 1 : 0.000119 0.999763 0.000118
65 65 (0) 1 : 0.000117 0.999766 0.000117
66 66 (0) 1 : 0.000128 0.999743 0.000129
67 67 (0) 1 : 0.000115 0.999770 0.000115
68 68 (0) 1 : 0.000131 0.999736 0.000133
69 69 (0) 1 : 0.000142 0.999716 0.000142
70 70 (0) 1 : 0.000106 0.999786 0.000108
71 71 (0) 1 : 0.000125 0.999748 0.000127
72 72 (0) 1 : 0.000124 0.999753 0.000123
73 73 (0) 1 : 0.000114 0.999771 0.000115
74 74 (0) 1 : 0.000090 0.999830 0.000081
75 75 (0) 1 : 0.000087 0.999834 0.000079
76 76 (0) 1 : 0.000159 0.999683 0.000159
77 77 (0) 1 : 0.000124 0.999752 0.000124
78 78 (0) 1 : 0.000123 0.999755 0.000122
79 79 (0) 1 : 0.000102 0.788402 0.211496
80 80 (0) 1 : 0.000065 0.999855 0.000080
81 81 (0) 1 : 0.000065 0.999855 0.000080
82 82 (0) 1 : 0.000088 0.999822 0.000090
83 83 (0) 1 : 0.101187 0.898695 0.000118
84 84 (0) 1 : 0.000158 0.999680 0.000162
85 85 (0) 1 : 0.000084 0.999835 0.000081
86 86 (0) 1 : 0.000080 0.999841 0.000080
87 87 (0) 5 : 0.000122 0.448132 0.551746
88 88 (0) 5 : 0.000106 0.330440 0.669454
89 89 (0) 5 : 0.000085 0.458184 0.541731
90 90 (0) 5 : 0.000123 0.110255 0.889622
91 91 (0) 5 : 0.000118 0.000122 0.999761
92 92 (0) 5 : 0.000093 0.351516 0.648391
93 93 (0) 5 : 0.000133 0.187523 0.812345
94 94 (0) 5 : 0.000097 0.302333 0.697570
95 95 (0) 5 : 0.000129 0.000132 0.999740
96 96 (0) 5 : 0.000112 0.156662 0.843226
97 97 (0) 6 : 0.999770 0.000117 0.000114
98 98 (0) 6 : 0.999777 0.000113 0.000109
99 99 (0) 6 : 0.999776 0.000114 0.000110
100 100 (0) 6 : 0.024722 0.975191 0.000088
101 101 (0) 6 : 0.000090 0.999823 0.000088
102 102 (0) 6 : 0.008167 0.991751 0.000083
103 103 (0) 6 : 0.999773 0.000115 0.000112
104 104 (0) 6 : 0.999761 0.000121 0.000118
105 105 (0) 6 : 0.999767 0.000118 0.000115
106 106 (0) 6 : 0.999737 0.000133 0.000130
107 107 (0) 6 : 0.999765 0.000119 0.000116
108 108 (0) 6 : 0.999752 0.000125 0.000122
109 109 (0) 6 : 0.999759 0.000122 0.000120
110 110 (0) 2 : 0.000090 0.999816 0.000094
111 111 (0) 2 : 0.000116 0.999765 0.000120
112 112 (0) 2 : 0.000119 0.999759 0.000122
113 113 (0) 2 : 0.000108 0.999780 0.000112
114 114 (0) 2 : 0.000114 0.999770 0.000116
115 115 (0) 3 : 0.000083 0.999836 0.000081
1 1 (0) 1 : 0.000107 0.000120 0.999773
2 2 (0) 1 : 0.000100 0.000114 0.999786
3 3 (0) 1 : 0.000107 0.000124 0.999768
4 4 (0) 1 : 0.000107 0.000122 0.999772
5 5 (0) 1 : 0.000112 0.000127 0.999761
6 6 (0) 1 : 0.000108 0.000123 0.999769
7 7 (0) 1 : 0.000114 0.000131 0.999756
8 8 (0) 1 : 0.000081 0.000092 0.999827
9 9 (0) 1 : 0.000076 0.000086 0.999838
10 10 (0) 1 : 0.000088 0.000101 0.999810
11 11 (0) 1 : 0.000104 0.000118 0.999778
12 12 (0) 1 : 0.000086 0.000096 0.999818
13 13 (0) 1 : 0.000102 0.000115 0.999782
14 14 (0) 1 : 0.000102 0.000117 0.999781
15 15 (0) 1 : 0.000103 0.000117 0.999781
16 16 (0) 1 : 0.000109 0.000124 0.999767
17 17 (0) 1 : 0.000118 0.000134 0.999748
18 18 (0) 2 : 0.000085 0.000093 0.999822
19 19 (0) 2 : 0.000108 0.000120 0.999772
20 20 (0) 3 : 0.000085 0.000093 0.999821
21 21 (0) 3 : 0.000089 0.000097 0.999815
22 22 (0) 2 : 0.000111 0.000121 0.999767
23 23 (0) 2 : 0.000085 0.000094 0.999821
24 24 (0) 2 : 0.000081 0.000091 0.999828
25 25 (0) 4 : 0.000093 0.999796 0.000110
26 26 (0) 4 : 0.000084 0.999821 0.000095
27 27 (0) 4 : 0.000120 0.999739 0.000140
28 28 (0) 4 : 0.000105 0.999773 0.000122
29 29 (0) 4 : 0.000126 0.999730 0.000144
30 30 (0) 4 : 0.000142 0.844952 0.154906
31 31 (0) 4 : 0.000113 0.999756 0.000131
32 32 (0) 4 : 0.000119 0.999741 0.000140
33 33 (0) 4 : 0.000101 0.999783 0.000117
34 34 (0) 4 : 0.000078 0.999830 0.000092
35 35 (0) 4 : 0.000076 0.999837 0.000087
36 36 (0) 4 : 0.000075 0.999838 0.000087
37 37 (0) 4 : 0.000076 0.999835 0.000089
38 38 (0) 4 : 0.000097 0.999791 0.000112
39 39 (0) 4 : 0.000080 0.999827 0.000093
40 40 (0) 4 : 0.000075 0.999838 0.000087
41 41 (0) 4 : 0.000106 0.999771 0.000123
42 42 (0) 4 : 0.000103 0.999777 0.000120
43 43 (0) 4 : 0.000109 0.999765 0.000126
44 44 (0) 4 : 0.000104 0.999774 0.000122
45 45 (0) 4 : 0.000105 0.999773 0.000122
46 46 (0) 4 : 0.000108 0.894192 0.105700
47 47 (0) 4 : 0.000109 0.999766 0.000126
48 48 (0) 4 : 0.000105 0.872690 0.127204
49 49 (0) 4 : 0.000100 0.999785 0.000115
50 50 (0) 4 : 0.000103 0.999778 0.000119
51 51 (0) 1 : 0.000070 0.000078 0.999852
52 52 (0) 1 : 0.000076 0.000083 0.999841
53 53 (0) 1 : 0.000123 0.090591 0.909287
54 54 (0) 1 : 0.000086 0.000102 0.999811
55 55 (0) 1 : 0.000130 0.050297 0.949573
56 56 (0) 1 : 0.000085 0.000103 0.999813
57 57 (0) 1 : 0.000078 0.000093 0.999829
58 58 (0) 1 : 0.000106 0.000127 0.999767
59 59 (0) 1 : 0.000110 0.000115 0.999775
60 60 (0) 1 : 0.000100 0.000114 0.999786
61 61 (0) 1 : 0.000071 0.000079 0.999850
62 62 (0) 1 : 0.000091 0.000104 0.999805
63 63 (0) 1 : 0.000096 0.000108 0.999796
64 64 (0) 1 : 0.000104 0.000118 0.999777
65 65 (0) 1 : 0.000102 0.000116 0.999781
66 66 (0) 1 : 0.000115 0.000129 0.999756
67 67 (0) 1 : 0.000100 0.000114 0.999786
68 68 (0) 1 : 0.000115 0.000133 0.999752
69 69 (0) 1 : 0.000126 0.000142 0.999732
70 70 (0) 1 : 0.000095 0.000108 0.999798
71 71 (0) 1 : 0.000112 0.000127 0.999761
72 72 (0) 1 : 0.000108 0.000123 0.999769
73 73 (0) 1 : 0.000101 0.000114 0.999785
74 74 (0) 1 : 0.000072 0.000081 0.999847
75 75 (0) 1 : 0.000070 0.000079 0.999850
76 76 (0) 1 : 0.000140 0.000158 0.999701
77 77 (0) 1 : 0.000108 0.000124 0.999768
78 78 (0) 1 : 0.000107 0.000122 0.999771
79 79 (0) 1 : 0.000094 0.000105 0.999801
80 80 (0) 1 : 0.000072 0.000080 0.999848
81 81 (0) 1 : 0.000071 0.000080 0.999849
82 82 (0) 1 : 0.000081 0.000090 0.999829
83 83 (0) 1 : 0.000103 0.000118 0.999779
84 84 (0) 1 : 0.000150 0.000163 0.999687
85 85 (0) 1 : 0.000072 0.000081 0.999847
86 86 (0) 1 : 0.000072 0.000080 0.999848
87 87 (0) 5 : 0.000112 0.576313 0.423575
88 88 (0) 5 : 0.000096 0.722289 0.277615
89 89 (0) 5 : 0.000076 0.596008 0.403916
90 90 (0) 5 : 0.000110 0.890911 0.108979
91 91 (0) 5 : 0.000104 0.999774 0.000122
92 92 (0) 5 : 0.000086 0.672159 0.327755
93 93 (0) 5 : 0.000119 0.798141 0.201739
94 94 (0) 5 : 0.000087 0.775273 0.224639
95 95 (0) 5 : 0.000114 0.999754 0.000132
96 96 (0) 5 : 0.000100 0.845071 0.154828
97 97 (0) 6 : 0.000099 0.000113 0.999789
98 98 (0) 6 : 0.000095 0.000108 0.999797
99 99 (0) 6 : 0.000096 0.000109 0.999795
100 100 (0) 6 : 0.000077 0.000087 0.999836
101 101 (0) 6 : 0.000077 0.000087 0.999835
102 102 (0) 6 : 0.000072 0.000082 0.999845
103 103 (0) 6 : 0.000098 0.000111 0.999791
104 104 (0) 6 : 0.000102 0.000117 0.999781
105 105 (0) 6 : 0.000102 0.000118 0.999779
106 106 (0) 6 : 0.000114 0.000130 0.999756
107 107 (0) 6 : 0.000101 0.000116 0.999783
108 108 (0) 6 : 0.000106 0.000122 0.999772
109 109 (0) 6 : 0.000106 0.000123 0.999771
110 110 (0) 2 : 0.000086 0.000094 0.999820
111 111 (0) 2 : 0.000108 0.000120 0.999772
112 112 (0) 2 : 0.000110 0.000122 0.999768
113 113 (0) 2 : 0.000101 0.000113 0.999786
114 114 (0) 2 : 0.000107 0.000117 0.999776
115 115 (0) 3 : 0.000075 0.000082 0.999844
