1 1 (0) 1 : 0.999758 0.000077 0.000090 0.000075
2 2 (0) 1 : 0.999770 0.000074 0.000086 0.000071
3 3 (0) 1 : 0.999763 0.000081 0.000080 0.000076
4 4 (0) 1 : 0.999756 0.000079 0.000089 0.000076
5 5 (0) 1 : 0.999747 0.000083 0.000090 0.000080
6 6 (0) 1 : 0.999757 0.000083 0.000084 0.000076
7 7 (0) 1 : 0.999735 0.000085 0.000098 0.000082
8 8 (0) 1 : 0.999812 0.000060 0.000070 0.000058
9 9 (0) 1 : 0.999822 0.000057 0.000067 0.000054
10 10 (0) 1 : 0.999796 0.000067 0.000074 0.000063
11 11 (0) 1 : 0.999768 0.000077 0.000082 0.000074
12 12 (0) 1 : 0.999802 0.000063 0.000074 0.000061
13 13 (0) 1 : 0.999772 0.000075 0.000080 0.000073
14 14 (0) 1 : 0.999768 0.000076 0.000083 0.000073
15 15 (0) 1 : 0.999762 0.000076 0.000088 0.000073
16 16 (0) 1 : 0.999757 0.000080 0.000086 0.000078
17 17 (0) 1 : 0.999728 0.000086 0.000102 0.000084
18 18 (0) 2 : 0.000058 0.000058 0.999828 0.000057
19 19 (0) 2 : 0.000075 0.000074 0.999778 0.000073
20 20 (0) 3 : 0.970313 0.000056 0.029548 0.000083
21 21 (0) 3 : 0.998433 0.000059 0.001449 0.000059
22 22 (0) 2 : 0.000076 0.000076 0.999773 0.000075
23 23 (0) 2 : 0.000058 0.000058 0.999826 0.000058
24 24 (0) 2 : 0.000056 0.000056 0.999832 0.000056
25 25 (0) 4 : 0.000069 0.999784 0.000080 0.000067
26 26 (0) 4 : 0.000060 0.999817 0.000064 0.000059
27 27 (0) 4 : 0.000090 0.999719 0.000105 0.000087
28 28 (0) 4 : 0.000079 0.999756 0.000089 0.000076
29 29 (0) 4 : 0.000093 0.999712 0.000106 0.000089
30 30 (0) 4 : 0.079967 0.919824 0.000109 0.000100
31 31 (0) 4 : 0.000084 0.999735 0.000099 0.000081
32 32 (0) 4 : 0.000089 0.999732 0.000094 0.000085
33 33 (0) 4 : 0.000075 0.999763 0.000089 0.000072
34 34 (0) 4 : 0.000057 0.999822 0.000066 0.000056
35 35 (0) 4 : 0.076392 0.923492 0.000063 0.000054
36 36 (0) 4 : 0.000055 0.999824 0.000066 0.000054
37 37 (0) 4 : 0.000057 0.999821 0.000067 0.000055
38 38 (0) 4 : 0.000072 0.999772 0.000086 0.000069
39 39 (0) 4 : 0.000060 0.999813 0.000070 0.000058
40 40 (0) 4 : 0.000056 0.999824 0.000067 0.000054
41 41 (0) 4 : 0.000080 0.999749 0.000095 0.000077
42 42 (0) 4 : 0.000077 0.999759 0.000090 0.000074
43 43 (0) 4 : 0.000080 0.999749 0.000094 0.000077
44 44 (0) 4 : 0.000077 0.999757 0.000091 0.000075
45 45 (0) 4 : 0.000079 0.999754 0.000092 0.000075
46 46 (0) 4 : 0.010343 0.989507 0.000075 0.000075
47 47 (0) 4 : 0.000081 0.999754 0.000087 0.000078
48 48 (0) 4 : 0.073640 0.926201 0.000084 0.000074
49 49 (0) 4 : 0.000075 0.999767 0.000086 0.000072
50 50 (0) 4 : 0.000077 0.999759 0.000090 0.000074
51 51 (0) 1 : 0.999839 0.000057 0.000055 0.000049
52 52 (0) 1 : 0.999837 0.000058 0.000053 0.000052
53 53 (0) 1 : 0.966281 0.000088 0.033550 0.000081
54 54 (0) 1 : 0.417947 0.581929 0.000057 0.000066
55 55 (0) 1 : 0.621862 0.377921 0.000089 0.000128
56 56 (0) 1 : 0.395367 0.604519 0.000056 0.000058
57 57 (0) 1 : 0.501434 0.498458 0.000053 0.000054
58 58 (0) 1 : 0.561294 0.438556 0.000072 0.000079
59 59 (0) 1 : 0.999772 0.000080 0.000070 0.000078
60 60 (0) 1 : 0.999770 0.000075 0.000083 0.000072
61 61 (0) 1 : 0.999836 0.000056 0.000057 0.000050
62 62 (0) 1 : 0.999807 0.000065 0.000064 0.000064
63 63 (0) 1 : 0.936649 0.063217 0.000067 0.000067
64 64 (0) 1 : 0.999765 0.000076 0.000084 0.000074
65 65 (0) 1 : 0.999764 0.000076 0.000088 0.000073
66 66 (0) 1 : 0.999754 0.000084 0.000080 0.000081
67 67 (0) 1 : 0.999772 0.000074 0.000082 0.000071
68 68 (0) 1 : 0.999734 0.000085 0.000099 0.000083
69 69 (0) 1 : 0.999717 0.000091 0.000103 0.000089
70 70 (0) 1 : 0.999782 0.000070 0.000080 0.000067
71 71 (0) 1 : 0.999752 0.000082 0.000085 0.000080
72 72 (0) 1 : 0.999750 0.000079 0.000093 0.000077
73 73 (0) 1 : 0.999767 0.000074 0.000087 0.000072
74 74 (0) 1 : 0.999832 0.000055 0.000062 0.000051
75 75 (0) 1 : 0.999837 0.000053 0.000060 0.000050
76 76 (0) 1 : 0.999681 0.000102 0.000117 0.000099
77 77 (0) 1 : 0.999750 0.000080 0.000092 0.000078
78 78 (0) 1 : 0.999755 0.000079 0.000089 0.000077
79 79 (0) 1 : 0.712781 0.287057 0.000063 0.000099
80 80 (0) 1 : 0.999840 0.000054 0.000055 0.000051
81 81 (0) 1 : 0.999840 0.000057 0.000053 0.000050
82 82 (0) 1 : 0.999824 0.000059 0.000060 0.000057
83 83 (0) 1 : 0.999764 0.000077 0.000085 0.000073
84 84 (0) 1 : 0.999687 0.000111 0.000099 0.000102
85 85 (0) 1 : 0.999834 0.000053 0.000062 0.000051
86 86 (0) 1 : 0.999836 0.000053 0.000061 0.000050
87 87 (0) 5 : 0.254670 0.745174 0.000078 0.000078
88 88 (0) 5 : 0.294379 0.705486 0.000067 0.000068
89 89 (0) 5 : 0.416760 0.583134 0.000053 0.000053
90 90 (0) 5 : 0.124960 0.874887 0.000075 0.000078
91 91 (0) 5 : 0.000076 0.999776 0.000075 0.000074
92 92 (0) 5 : 0.346560 0.653313 0.000067 0.000060
93 93 (0) 5 : 0.171795 0.828024 0.000097 0.000083
94 94 (0) 5 : 0.204748 0.795127 0.000062 0.000062
95 95 (0) 5 : 0.000083 0.999752 0.000084 0.000080
96 96 (0) 5 : 0.104385 0.895466 0.000079 0.000071
97 97 (0) 6 : 0.999775 0.000073 0.000081 0.000071
98 98 (0) 6 : 0.999782 0.000071 0.000079 0.000068
99 99 (0) 6 : 0.999778 0.000073 0.000081 0.000068
100 100 (0) 6 : 0.999819 0.000058 0.000068 0.000055
101 101 (0) 6 : 0.999820 0.000058 0.000067 0.000055
102 102 (0) 6 : 0.999831 0.000054 0.000063 0.000052
103 103 (0) 6 : 0.999773 0.000073 0.000085 0.000070
104 104 (0) 6 : 0.999766 0.000076 0.000085 0.000073
105 105 (0) 6 : 0.999772 0.000074 0.000082 0.000072
106 106 (0) 6 : 0.999743 0.000084 0.000091 0.000081
107 107 (0) 6 : 0.999769 0.000074 0.000085 0.000072
108 108 (0) 6 : 0.999754 0.000080 0.000089 0.000076
109 109 (0) 6 : 0.999759 0.000077 0.000089 0.000075
110 110 (0) 2 : 0.000058 0.000058 0.999827 0.000057
111 111 (0) 2 : 0.000075 0.000075 0.999776 0.000074
112 112 (0) 2 : 0.000076 0.000076 0.999773 0.000075
113 113 (0) 2 : 0.000070 0.000069 0.999792 0.000069
114 114 (0) 2 : 0.229439 0.000072 0.770418 0.000071
115 115 (0) 3 : 0.932539 0.000060 0.067336 0.000066
1 1 (0) 1 : 0.000075 0.999770 0.000077 0.000078
2 2 (0) 1 : 0.000071 0.999781 0.000074 0.000074
3 3 (0) 1 : 0.000076 0.999767 0.000079 0.000079
4 4 (0) 1 : 0.000076 0.999765 0.000079 0.000079
5 5 (0) 1 : 0.000080 0.999755 0.000082 0.000083
6 6 (0) 1 : 0.000076 0.999765 0.000079 0.000079
7 7 (0) 1 : 0.000082 0.999748 0.000085 0.000085
8 8 (0) 1 : 0.000058 0.999822 0.000060 0.000060
9 9 (0) 1 : 0.000054 0.999833 0.000056 0.000056
10 10 (0) 1 : 0.000063 0.999804 0.000066 0.000066
11 11 (0) 1 : 0.000074 0.999772 0.000077 0.000077
12 12 (0) 1 : 0.000061 0.999814 0.000063 0.000063
13 13 (0) 1 : 0.000073 0.999777 0.000075 0.000075
14 14 (0) 1 : 0.000073 0.999774 0.000076 0.000076
15 15 (0) 1 : 0.000073 0.999774 0.000076 0.000076
16 16 (0) 1 : 0.000078 0.999761 0.000081 0.000081
17 17 (0) 1 : 0.000084 0.999742 0.000087 0.000087
18 18 (0) 2 : 0.000057 0.000060 0.000059 0.999824
19 19 (0) 2 : 0.000073 0.000077 0.000077 0.999773
20 20 (0) 3 : 0.000059 0.999821 0.000060 0.000060
21 21 (0) 3 : 0.000061 0.999813 0.000063 0.000063
22 22 (0) 2 : 0.000075 0.000078 0.000078 0.999768
23 23 (0) 2 : 0.000058 0.000060 0.000060 0.999822
24 24 (0) 2 : 0.000056 0.000058 0.000058 0.999828
25 25 (0) 4 : 0.000067 0.000070 0.999793 0.000070
26 26 (0) 4 : 0.000059 0.000061 0.999819 0.000061
27 27 (0) 4 : 0.000087 0.000090 0.999734 0.000090
28 28 (0) 4 : 0.000076 0.000079 0.999766 0.000079
29 29 (0) 4 : 0.000089 0.000093 0.999725 0.000093
30 30 (0) 4 : 0.000101 0.098669 0.901127 0.000104
31 31 (0) 4 : 0.000081 0.000085 0.999750 0.000084
32 32 (0) 4 : 0.000085 0.000089 0.999737 0.000089
33 33 (0) 4 : 0.000072 0.000076 0.999777 0.000075
34 34 (0) 4 : 0.000056 0.000058 0.999828 0.000058
35 35 (0) 4 : 0.000053 0.000056 0.999835 0.000056
36 36 (0) 4 : 0.000054 0.000056 0.999834 0.000056
37 37 (0) 4 : 0.000055 0.000057 0.999831 0.000057
38 38 (0) 4 : 0.000069 0.000072 0.999787 0.000072
39 39 (0) 4 : 0.000058 0.000060 0.999823 0.000060
40 40 (0) 4 : 0.000054 0.000056 0.999834 0.000056
41 41 (0) 4 : 0.000077 0.000080 0.999764 0.000080
42 42 (0) 4 : 0.000074 0.000077 0.999771 0.000077
43 43 (0) 4 : 0.000077 0.000081 0.999762 0.000080
44 44 (0) 4 : 0.000075 0.000078 0.999770 0.000077
45 45 (0) 4 : 0.000075 0.000079 0.999768 0.000078
46 46 (0) 4 : 0.000075 0.086237 0.913610 0.000078
47 47 (0) 4 : 0.000078 0.000081 0.999761 0.000081
48 48 (0) 4 : 0.000074 0.062019 0.937831 0.000076
49 49 (0) 4 : 0.000071 0.000075 0.999780 0.000075
50 50 (0) 4 : 0.000074 0.000077 0.999772 0.000077
51 51 (0) 1 : 0.000049 0.999849 0.000051 0.000051
52 52 (0) 1 : 0.000052 0.999840 0.000054 0.000054
53 53 (0) 1 : 0.000085 0.999742 0.000087 0.000087
54 54 (0) 1 : 0.000059 0.999820 0.000061 0.000060
55 55 (0) 1 : 0.000090 0.782469 0.217349 0.000093
56 56 (0) 1 : 0.000056 0.590590 0.409296 0.000058
57 57 (0) 1 : 0.000054 0.999834 0.000056 0.000056
58 58 (0) 1 : 0.000073 0.746008 0.253845 0.000075
59 59 (0) 1 : 0.000072 0.999782 0.000073 0.000073
60 60 (0) 1 : 0.000072 0.999779 0.000075 0.000075
61 61 (0) 1 : 0.000050 0.999846 0.000052 0.000052
62 62 (0) 1 : 0.000064 0.999803 0.000066 0.000066
63 63 (0) 1 : 0.000067 0.999793 0.000070 0.000070
64 64 (0) 1 : 0.000074 0.999771 0.000077 0.000077
65 65 (0) 1 : 0.000073 0.999776 0.000076 0.000076
66 66 (0) 1 : 0.000081 0.999750 0.000084 0.000084
67 67 (0) 1 : 0.000071 0.999780 0.000074 0.000074
68 68 (0) 1 : 0.000083 0.999745 0.000086 0.000086
69 69 (0) 1 : 0.000089 0.999728 0.000092 0.000092
70 70 (0) 1 : 0.000067 0.999793 0.000070 0.000070
71 71 (0) 1 : 0.000080 0.999755 0.000083 0.000082
72 72 (0) 1 : 0.000077 0.999762 0.000080 0.000080
73 73 (0) 1 : 0.000072 0.999779 0.000074 0.000075
74 74 (0) 1 : 0.000051 0.999843 0.000053 0.000053
75 75 (0) 1 : 0.000050 0.999846 0.000052 0.000052
76 76 (0) 1 : 0.000099 0.999695 0.000103 0.000103
77 77 (0) 1 : 0.000078 0.999760 0.000081 0.000081
78 78 (0) 1 : 0.000076 0.999765 0.000079 0.000080
79 79 (0) 1 : 0.000064 0.999803 0.000066 0.000066
80 80 (0) 1 : 0.000050 0.999845 0.000052 0.000052
81 81 (0) 1 : 0.000050 0.999845 0.000052 0.000052
82 82 (0) 1 : 0.000057 0.999827 0.000058 0.000058
83 83 (0) 1 : 0.000074 0.999774 0.000076 0.000076
84 84 (0) 1 : 0.000101 0.999692 0.000104 0.000104
85 85 (0) 1 : 0.000051 0.999843 0.000053 0.000053
86 86 (0) 1 : 0.000050 0.999846 0.000052 0.000052
87 87 (0) 5 : 0.000078 0.282034 0.717807 0.000081
88 88 (0) 5 : 0.000068 0.313128 0.686734 0.000070
89 89 (0) 5 : 0.000053 0.418893 0.580999 0.000055
90 90 (0) 5 : 0.000078 0.169432 0.830409 0.000081
91 91 (0) 5 : 0.000074 0.070319 0.929531 0.000077
92 92 (0) 5 : 0.000060 0.373060 0.626819 0.000062
93 93 (0) 5 : 0.000083 0.196660 0.803170 0.000086
94 94 (0) 5 : 0.000062 0.197880 0.801993 0.000065
95 95 (0) 5 : 0.000080 0.000083 0.999753 0.000083
96 96 (0) 5 : 0.000071 0.125840 0.874015 0.000074
97 97 (0) 6 : 0.000070 0.000074 0.000073 0.999782
98 98 (0) 6 : 0.000068 0.763021 0.000070 0.236841
99 99 (0) 6 : 0.000068 0.674712 0.000071 0.325149
100 100 (0) 6 : 0.000055 0.999830 0.000057 0.000058
101 101 (0) 6 : 0.000055 0.999830 0.000057 0.000057
102 102 (0) 6 : 0.000052 0.999840 0.000054 0.000054
103 103 (0) 6 : 0.000070 0.722378 0.000072 0.277480
104 104 (0) 6 : 0.000073 0.654711 0.000076 0.345139
105 105 (0) 6 : 0.000072 0.000076 0.000075 0.999778
106 106 (0) 6 : 0.000081 0.000085 0.000085 0.999749
107 107 (0) 6 : 0.000072 0.000076 0.000075 0.999777
108 108 (0) 6 : 0.000076 0.000080 0.000079 0.999765
109 109 (0) 6 : 0.000074 0.000078 0.000078 0.999770
110 110 (0) 2 : 0.000058 0.000060 0.000060 0.999822
111 111 (0) 2 : 0.000074 0.000077 0.000077 0.999771
112 112 (0) 2 : 0.000075 0.000078 0.000078 0.999769
113 113 (0) 2 : 0.000069 0.000072 0.000072 0.999788
114 114 (0) 2 : 0.000072 0.000075 0.000075 0.999779
115 115 (0) 3 : 0.000052 0.999842 0.000053 0.000053
1 1 (0) 1 : 0.999760 0.000088 0.000075 0.000077
2 2 (0) 1 : 0.999768 0.000087 0.000071 0.000074
3 3 (0) 1 : 0.999745 0.000099 0.000076 0.000080
4 4 (0) 1 : 0.999754 0.000091 0.000076 0.000079
5 5 (0) 1 : 0.999742 0.000096 0.000080 0.000083
6 6 (0) 1 : 0.999747 0.000096 0.000076 0.000080
7 7 (0) 1 : 0.999733 0.000100 0.000082 0.000085
8 8 (0) 1 : 0.999814 0.000068 0.000058 0.000060
9 9 (0) 1 : 0.999827 0.000062 0.000054 0.000056
10 10 (0) 1 : 0.999794 0.000077 0.000063 0.000066
11 11 (0) 1 : 0.999754 0.000096 0.000074 0.000077
12 12 (0) 1 : 0.999806 0.000070 0.000061 0.000063
13 13 (0) 1 : 0.999761 0.000091 0.000073 0.000075
14 14 (0) 1 : 0.999761 0.000089 0.000073 0.000076
15 15 (0) 1 : 0.999767 0.000083 0.000073 0.000076
16 16 (0) 1 : 0.999757 0.000085 0.000078 0.000080
17 17 (0) 1 : 0.999731 0.000098 0.000084 0.000087
18 18 (0) 2 : 0.018180 0.981706 0.000057 0.000057
19 19 (0) 2 : 0.114848 0.885004 0.000073 0.000074
20 20 (0) 3 : 0.965720 0.034153 0.000061 0.000065
21 21 (0) 3 : 0.994234 0.005624 0.000067 0.000075
22 22 (0) 2 : 0.000076 0.999773 0.000075 0.000076
23 23 (0) 2 : 0.000059 0.999825 0.000058 0.000058
24 24 (0) 2 : 0.000057 0.999831 0.000056 0.000056
25 25 (0) 4 : 0.000070 0.000076 0.000067 0.999787
26 26 (0) 4 : 0.000061 0.000064 0.000059 0.999816
27 27 (0) 4 : 0.000090 0.000099 0.000087 0.999724
28 28 (0) 4 : 0.000079 0.000091 0.000076 0.999754
29 29 (0) 4 : 0.000093 0.000103 0.000089 0.999714
30 30 (0) 4 : 0.000105 0.000108 0.000101 0.999687
31 31 (0) 4 : 0.000085 0.000096 0.000081 0.999738
32 32 (0) 4 : 0.000089 0.000107 0.000085 0.999719
33 33 (0) 4 : 0.000076 0.000089 0.000072 0.999763
34 34 (0) 4 : 0.000058 0.000063 0.000056 0.999823
35 35 (0) 4 : 0.033231 0.000062 0.000054 0.966653
36 36 (0) 4 : 0.000056 0.000068 0.000054 0.999823
37 37 (0) 4 : 0.000057 0.000071 0.000055 0.999817
38 38 (0) 4 : 0.000072 0.000082 0.000069 0.999776
39 39 (0) 4 : 0.000060 0.000071 0.000058 0.999812
40 40 (0) 4 : 0.000056 0.000071 0.000054 0.999820
41 41 (0) 4 : 0.000080 0.000090 0.000077 0.999753
42 42 (0) 4 : 0.000077 0.000090 0.000074 0.999758
43 43 (0) 4 : 0.000081 0.000093 0.000077 0.999749
44 44 (0) 4 : 0.000078 0.000088 0.000075 0.999760
45 45 (0) 4 : 0.000079 0.000089 0.000075 0.999757
46 46 (0) 4 : 0.027479 0.000075 0.000075 0.972370
47 47 (0) 4 : 0.000081 0.000100 0.000078 0.999742
48 48 (0) 4 : 0.000077 0.000084 0.000074 0.999765
49 49 (0) 4 : 0.000075 0.000083 0.000072 0.999770
50 50 (0) 4 : 0.000077 0.000085 0.000074 0.999764
51 51 (0) 1 : 0.999841 0.000057 0.000049 0.000052
52 52 (0) 1 : 0.999823 0.000070 0.000052 0.000055
53 53 (0) 1 : 0.849052 0.150769 0.000091 0.000088
54 54 (0) 1 : 0.695372 0.304510 0.000058 0.000060
55 55 (0) 1 : 0.667476 0.000086 0.000172 0.332265
56 56 (0) 1 : 0.443742 0.000054 0.000061 0.556143
57 57 (0) 1 : 0.556954 0.000051 0.000056 0.442939
58 58 (0) 1 : 0.611790 0.000070 0.000082 0.388059
59 59 (0) 1 : 0.999780 0.000076 0.000070 0.000074
60 60 (0) 1 : 0.999767 0.000086 0.000072 0.000075
61 61 (0) 1 : 0.999841 0.000056 0.000050 0.000052
62 62 (0) 1 : 0.999758 0.000104 0.000065 0.000074
63 63 (0) 1 : 0.999740 0.000113 0.000068 0.000078
64 64 (0) 1 : 0.999761 0.000087 0.000074 0.000078
65 65 (0) 1 : 0.999765 0.000086 0.000073 0.000076
66 66 (0) 1 : 0.999736 0.000099 0.000081 0.000084
67 67 (0) 1 : 0.999766 0.000089 0.000071 0.000074
68 68 (0) 1 : 0.999739 0.000093 0.000083 0.000086
69 69 (0) 1 : 0.999721 0.000099 0.000089 0.000092
70 70 (0) 1 : 0.999783 0.000080 0.000067 0.000070
71 71 (0) 1 : 0.999753 0.000084 0.000080 0.000082
72 72 (0) 1 : 0.999753 0.000090 0.000077 0.000080
73 73 (0) 1 : 0.999771 0.000083 0.000072 0.000074
74 74 (0) 1 : 0.999839 0.000057 0.000051 0.000053
75 75 (0) 1 : 0.999839 0.000059 0.000050 0.000052
76 76 (0) 1 : 0.999681 0.000117 0.000099 0.000103
77 77 (0) 1 : 0.999749 0.000093 0.000078 0.000081
78 78 (0) 1 : 0.999751 0.000093 0.000077 0.000079
79 79 (0) 1 : 0.947562 0.052202 0.000156 0.000079
80 80 (0) 1 : 0.999839 0.000058 0.000051 0.000053
81 81 (0) 1 : 0.999836 0.000061 0.000050 0.000053
82 82 (0) 1 : 0.999821 0.000064 0.000057 0.000059
83 83 (0) 1 : 0.999763 0.000086 0.000074 0.000077
84 84 (0) 1 : 0.999683 0.000106 0.000103 0.000108
85 85 (0) 1 : 0.999839 0.000057 0.000051 0.000053
86 86 (0) 1 : 0.999841 0.000056 0.000050 0.000052
87 87 (0) 5 : 0.239184 0.000078 0.000078 0.760660
88 88 (0) 5 : 0.269985 0.000068 0.000068 0.729879
89 89 (0) 5 : 0.396104 0.000067 0.000053 0.603776
90 90 (0) 5 : 0.000081 0.000079 0.000078 0.999762
91 91 (0) 5 : 0.000077 0.000074 0.000074 0.999775
92 92 (0) 5 : 0.333646 0.000066 0.000060 0.666228
93 93 (0) 5 : 0.153958 0.000098 0.000083 0.845861
94 94 (0) 5 : 0.176823 0.000086 0.000062 0.823028
95 95 (0) 5 : 0.000083 0.000086 0.000080 0.999750
96 96 (0) 5 : 0.092934 0.000077 0.000071 0.906918
97 97 (0) 6 : 0.999770 0.000087 0.000071 0.000073
98 98 (0) 6 : 0.999786 0.000076 0.000068 0.000070
99 99 (0) 6 : 0.999782 0.000078 0.000068 0.000071
100 100 (0) 6 : 0.999824 0.000064 0.000055 0.000057
101 101 (0) 6 : 0.999826 0.000062 0.000055 0.000057
102 102 (0) 6 : 0.999834 0.000060 0.000052 0.000054
103 103 (0) 6 : 0.999777 0.000081 0.000070 0.000072
104 104 (0) 6 : 0.999757 0.000094 0.000073 0.000076
105 105 (0) 6 : 0.999771 0.000083 0.000072 0.000075
106 106 (0) 6 : 0.999734 0.000100 0.000081 0.000084
107 107 (0) 6 : 0.999763 0.000091 0.000072 0.000075
108 108 (0) 6 : 0.999752 0.000092 0.000076 0.000079
109 109 (0) 6 : 0.999760 0.000088 0.000075 0.000077
110 110 (0) 2 : 0.163126 0.836759 0.000057 0.000058
111 111 (0) 2 : 0.000075 0.999776 0.000074 0.000075
112 112 (0) 2 : 0.139199 0.860651 0.000075 0.000076
113 113 (0) 2 : 0.104974 0.894888 0.000069 0.000069
114 114 (0) 2 : 0.290430 0.709426 0.000072 0.000073
115 115 (0) 3 : 0.932734 0.067158 0.000053 0.000055
1 1 (0) 1 : 0.999688 0.000164 0.000074 0.000074
2 2 (0) 1 : 0.999785 0.000072 0.000072 0.000071
3 3 (0) 1 : 0.999771 0.000079 0.000075 0.000075
4 4 (0) 1 : 0.999680 0.000169 0.000076 0.000076
5 5 (0) 1 : 0.999764 0.000078 0.000079 0.000079
6 6 (0) 1 : 0.999740 0.000109 0.000076 0.000076
7 7 (0) 1 : 0.999755 0.000082 0.000081 0.000082
8 8 (0) 1 : 0.999827 0.000058 0.000057 0.000057
9 9 (0) 1 : 0.999838 0.000054 0.000054 0.000054
10 10 (0) 1 : 0.999810 0.000064 0.000063 0.000063
11 11 (0) 1 : 0.999778 0.000075 0.000073 0.000073
12 12 (0) 1 : 0.999819 0.000061 0.000060 0.000060
13 13 (0) 1 : 0.999782 0.000074 0.000072 0.000072
14 14 (0) 1 : 0.999781 0.000074 0.000073 0.000073
15 15 (0) 1 : 0.999767 0.000074 0.000087 0.000073
16 16 (0) 1 : 0.999768 0.000078 0.000077 0.000077
17 17 (0) 1 : 0.999749 0.000084 0.000083 0.000083
18 18 (0) 2 : 0.000057 0.000057 0.999829 0.000057
19 19 (0) 2 : 0.175713 0.000073 0.824141 0.000073
20 20 (0) 3 : 0.999826 0.000057 0.000059 0.000058
21 21 (0) 3 : 0.999816 0.000063 0.000060 0.000060
22 22 (0) 2 : 0.000075 0.000075 0.999775 0.000075
23 23 (0) 2 : 0.000058 0.000058 0.999827 0.000057
24 24 (0) 2 : 0.000056 0.000056 0.999833 0.000056
25 25 (0) 4 : 0.000067 0.000067 0.000080 0.999787
26 26 (0) 4 : 0.000058 0.000058 0.000058 0.999826
27 27 (0) 4 : 0.000086 0.000091 0.000086 0.999737
28 28 (0) 4 : 0.000075 0.000076 0.000075 0.999773
29 29 (0) 4 : 0.000088 0.000215 0.000088 0.999609
30 30 (0) 4 : 0.108036 0.000098 0.000100 0.891766
31 31 (0) 4 : 0.000081 0.000081 0.000080 0.999758
32 32 (0) 4 : 0.000084 0.000088 0.000084 0.999744
33 33 (0) 4 : 0.000072 0.000072 0.000072 0.999784
34 34 (0) 4 : 0.000055 0.000056 0.000055 0.999833
35 35 (0) 4 : 0.000054 0.000055 0.000053 0.999838
36 36 (0) 4 : 0.000054 0.000055 0.000053 0.999838
37 37 (0) 4 : 0.000055 0.000056 0.000054 0.999835
38 38 (0) 4 : 0.000069 0.000070 0.000069 0.999793
39 39 (0) 4 : 0.000057 0.000058 0.000057 0.999828
40 40 (0) 4 : 0.000054 0.000054 0.000053 0.999839
41 41 (0) 4 : 0.000094 0.000077 0.000076 0.999753
42 42 (0) 4 : 0.000074 0.000074 0.000073 0.999779
43 43 (0) 4 : 0.000077 0.000078 0.000077 0.999769
44 44 (0) 4 : 0.000086 0.000078 0.000074 0.999761
45 45 (0) 4 : 0.000075 0.000076 0.000095 0.999755
46 46 (0) 4 : 0.092218 0.000073 0.000090 0.907618
47 47 (0) 4 : 0.000087 0.000078 0.000077 0.999757
48 48 (0) 4 : 0.053130 0.000144 0.000073 0.946652
49 49 (0) 4 : 0.000071 0.000075 0.000095 0.999758
50 50 (0) 4 : 0.000073 0.000074 0.000084 0.999769
51 51 (0) 1 : 0.999855 0.000048 0.000049 0.000049
52 52 (0) 1 : 0.999846 0.000051 0.000051 0.000051
53 53 (0) 1 : 0.999752 0.000082 0.000083 0.000083
54 54 (0) 1 : 0.999828 0.000057 0.000057 0.000058
55 55 (0) 1 : 0.825064 0.000088 0.000088 0.174759
56 56 (0) 1 : 0.999833 0.000055 0.000055 0.000057
57 57 (0) 1 : 0.999842 0.000053 0.000053 0.000053
58 58 (0) 1 : 0.999786 0.000071 0.000071 0.000071
59 59 (0) 1 : 0.999792 0.000069 0.000069 0.000069
60 60 (0) 1 : 0.999785 0.000072 0.000072 0.000071
61 61 (0) 1 : 0.999848 0.000052 0.000050 0.000050
62 62 (0) 1 : 0.999808 0.000064 0.000063 0.000065
63 63 (0) 1 : 0.999788 0.000066 0.000066 0.000079
64 64 (0) 1 : 0.999777 0.000075 0.000074 0.000074
65 65 (0) 1 : 0.999782 0.000073 0.000072 0.000072
66 66 (0) 1 : 0.999737 0.000103 0.000080 0.000081
67 67 (0) 1 : 0.999787 0.000071 0.000071 0.000071
68 68 (0) 1 : 0.999752 0.000084 0.000082 0.000082
69 69 (0) 1 : 0.999738 0.000087 0.000087 0.000088
70 70 (0) 1 : 0.999798 0.000068 0.000067 0.000067
71 71 (0) 1 : 0.999686 0.000157 0.000079 0.000079
72 72 (0) 1 : 0.999769 0.000078 0.000077 0.000077
73 73 (0) 1 : 0.999786 0.000072 0.000071 0.000071
74 74 (0) 1 : 0.999848 0.000051 0.000050 0.000051
75 75 (0) 1 : 0.999850 0.000051 0.000050 0.000050
76 76 (0) 1 : 0.999668 0.000136 0.000098 0.000099
77 77 (0) 1 : 0.999767 0.000078 0.000077 0.000077
78 78 (0) 1 : 0.999766 0.000083 0.000076 0.000076
79 79 (0) 1 : 0.999810 0.000063 0.000063 0.000064
80 80 (0) 1 : 0.999849 0.000050 0.000051 0.000050
81 81 (0) 1 : 0.999851 0.000049 0.000050 0.000050
82 82 (0) 1 : 0.999833 0.000055 0.000056 0.000056
83 83 (0) 1 : 0.999783 0.000072 0.000072 0.000072
84 84 (0) 1 : 0.999704 0.000098 0.000099 0.000099
85 85 (0) 1 : 0.999847 0.000052 0.000051 0.000051
86 86 (0) 1 : 0.999825 0.000075 0.000050 0.000050
87 87 (0) 5 : 0.279676 0.000076 0.000077 0.720170
88 88 (0) 5 : 0.303954 0.000066 0.000067 0.695912
89 89 (0) 5 : 0.411746 0.000063 0.000052 0.588139
90 90 (0) 5 : 0.159807 0.000092 0.000077 0.840024
91 91 (0) 5 : 0.000073 0.000076 0.000073 0.999778
92 92 (0) 5 : 0.359976 0.000058 0.000060 0.639906
93 93 (0) 5 : 0.196540 0.000082 0.000104 0.803274
94 94 (0) 5 : 0.179447 0.000061 0.000062 0.820430
95 95 (0) 5 : 0.000080 0.000078 0.000079 0.999763
96 96 (0) 5 : 0.130845 0.000070 0.000071 0.869014
97 97 (0) 6 : 0.999790 0.000070 0.000070 0.000070
98 98 (0) 6 : 0.999798 0.000067 0.000067 0.000067
99 99 (0) 6 : 0.999797 0.000067 0.000068 0.000068
100 100 (0) 6 : 0.999835 0.000056 0.000055 0.000055
101 101 (0) 6 : 0.999836 0.000055 0.000054 0.000055
102 102 (0) 6 : 0.999845 0.000052 0.000051 0.000052
103 103 (0) 6 : 0.999793 0.000068 0.000069 0.000069
104 104 (0) 6 : 0.999781 0.000073 0.000073 0.000073
105 105 (0) 6 : 0.999786 0.000071 0.000071 0.000072
106 106 (0) 6 : 0.999759 0.000080 0.000081 0.000081
107 107 (0) 6 : 0.999786 0.000071 0.000072 0.000072
108 108 (0) 6 : 0.999774 0.000075 0.000076 0.000076
109 109 (0) 6 : 0.999778 0.000074 0.000074 0.000074
110 110 (0) 2 : 0.216587 0.000058 0.783298 0.000057
111 111 (0) 2 : 0.000074 0.000074 0.999778 0.000074
112 112 (0) 2 : 0.224014 0.000075 0.775836 0.000075
113 113 (0) 2 : 0.186957 0.000069 0.812906 0.000068
114 114 (0) 2 : 0.355466 0.000072 0.644391 0.000071
115 115 (0) 3 : 0.945514 0.000084 0.054352 0.000051
1 1 (0) 1 : 0.999771 0.000075 0.000077 0.000077
2 2 (0) 1 : 0.999782 0.000071 0.000074 0.000073
3 3 (0) 1 : 0.999767 0.000076 0.000078 0.000079
4 4 (0) 1 : 0.999766 0.000076 0.000079 0.000079
5 5 (0) 1 : 0.999756 0.000080 0.000082 0.000082
6 6 (0) 1 : 0.999765 0.000076 0.000079 0.000079
7 7 (0) 1 : 0.999748 0.000082 0.000084 0.000085
8 8 (0) 1 : 0.999823 0.000058 0.000060 0.000060
9 9 (0) 1 : 0.999833 0.000054 0.000056 0.000056
10 10 (0) 1 : 0.999805 0.000063 0.000066 0.000066
11 11 (0) 1 : 0.999773 0.000074 0.000076 0.000077
12 12 (0) 1 : 0.999814 0.000061 0.000062 0.000063
13 13 (0) 1 : 0.999778 0.000073 0.000075 0.000075
14 14 (0) 1 : 0.999775 0.000073 0.000076 0.000076
15 15 (0) 1 : 0.999774 0.000073 0.000076 0.000076
16 16 (0) 1 : 0.999762 0.000078 0.000080 0.000080
17 17 (0) 1 : 0.999742 0.000084 0.000087 0.000087
18 18 (0) 2 : 0.000060 0.000057 0.999824 0.000059
19 19 (0) 2 : 0.000077 0.000073 0.999773 0.000077
20 20 (0) 3 : 0.973633 0.000059 0.026248 0.000060
21 21 (0) 3 : 0.999812 0.000061 0.000063 0.000063
22 22 (0) 2 : 0.000078 0.000075 0.999769 0.000078
23 23 (0) 2 : 0.000060 0.000058 0.999822 0.000060
24 24 (0) 2 : 0.000058 0.000056 0.999828 0.000058
25 25 (0) 4 : 0.000070 0.000067 0.000069 0.999793
26 26 (0) 4 : 0.000061 0.000059 0.000061 0.999820
27 27 (0) 4 : 0.000090 0.000087 0.000089 0.999734
28 28 (0) 4 : 0.000079 0.000076 0.000079 0.999767
29 29 (0) 4 : 0.000093 0.000089 0.000092 0.999726
30 30 (0) 4 : 0.084359 0.000099 0.000103 0.915439
31 31 (0) 4 : 0.000084 0.000081 0.000084 0.999751
32 32 (0) 4 : 0.000089 0.000085 0.000088 0.999738
33 33 (0) 4 : 0.000075 0.000072 0.000075 0.999777
34 34 (0) 4 : 0.000058 0.000056 0.000058 0.999828
35 35 (0) 4 : 0.077137 0.000054 0.000056 0.922753
36 36 (0) 4 : 0.000056 0.000054 0.000055 0.999835
37 37 (0) 4 : 0.000057 0.000055 0.000057 0.999832
38 38 (0) 4 : 0.000072 0.000069 0.000071 0.999787
39 39 (0) 4 : 0.000060 0.000057 0.000059 0.999823
40 40 (0) 4 : 0.000056 0.000054 0.000055 0.999835
41 41 (0) 4 : 0.000080 0.000077 0.000079 0.999764
42 42 (0) 4 : 0.000077 0.000074 0.000077 0.999772
43 43 (0) 4 : 0.000081 0.000077 0.000080 0.999762
44 44 (0) 4 : 0.000078 0.000075 0.000077 0.999771
45 45 (0) 4 : 0.000079 0.000075 0.000078 0.999768
46 46 (0) 4 : 0.000078 0.000074 0.000078 0.999770
47 47 (0) 4 : 0.000081 0.000078 0.000080 0.999762
48 48 (0) 4 : 0.074155 0.000074 0.000076 0.925695
49 49 (0) 4 : 0.000075 0.000072 0.000074 0.999779
50 50 (0) 4 : 0.000077 0.000074 0.000076 0.999773
51 51 (0) 1 : 0.999849 0.000049 0.000051 0.000051
52 52 (0) 1 : 0.999840 0.000052 0.000054 0.000054
53 53 (0) 1 : 0.999742 0.000085 0.000086 0.000087
54 54 (0) 1 : 0.443405 0.000058 0.000060 0.556477
55 55 (0) 1 : 0.658999 0.000090 0.000092 0.340819
56 56 (0) 1 : 0.421159 0.000056 0.000058 0.578727
57 57 (0) 1 : 0.530787 0.000054 0.000055 0.469105
58 58 (0) 1 : 0.591290 0.000072 0.000075 0.408562
59 59 (0) 1 : 0.999782 0.000072 0.000073 0.000073
60 60 (0) 1 : 0.999779 0.000072 0.000074 0.000074
61 61 (0) 1 : 0.999846 0.000050 0.000052 0.000052
62 62 (0) 1 : 0.999802 0.000064 0.000066 0.000067
63 63 (0) 1 : 0.999793 0.000067 0.000069 0.000070
64 64 (0) 1 : 0.999771 0.000074 0.000077 0.000077
65 65 (0) 1 : 0.999776 0.000073 0.000075 0.000076
66 66 (0) 1 : 0.999751 0.000081 0.000084 0.000084
67 67 (0) 1 : 0.999781 0.000071 0.000074 0.000074
68 68 (0) 1 : 0.999746 0.000083 0.000086 0.000086
69 69 (0) 1 : 0.999728 0.000089 0.000091 0.000092
70 70 (0) 1 : 0.999793 0.000067 0.000070 0.000070
71 71 (0) 1 : 0.999755 0.000080 0.000082 0.000083
72 72 (0) 1 : 0.999763 0.000077 0.000080 0.000080
73 73 (0) 1 : 0.999780 0.000072 0.000074 0.000074
74 74 (0) 1 : 0.999844 0.000051 0.000053 0.000053
75 75 (0) 1 : 0.999846 0.000050 0.000052 0.000052
76 76 (0) 1 : 0.999695 0.000099 0.000102 0.000103
77 77 (0) 1 : 0.999761 0.000078 0.000080 0.000081
78 78 (0) 1 : 0.999765 0.000077 0.000079 0.000079
79 79 (0) 1 : 0.974337 0.000064 0.025532 0.000067
80 80 (0) 1 : 0.999846 0.000051 0.000052 0.000052
81 81 (0) 1 : 0.999846 0.000050 0.000052 0.000052
82 82 (0) 1 : 0.999827 0.000057 0.000058 0.000058
83 83 (0) 1 : 0.999774 0.000074 0.000076 0.000076
84 84 (0) 1 : 0.999692 0.000101 0.000104 0.000104
85 85 (0) 1 : 0.999843 0.000051 0.000053 0.000053
86 86 (0) 1 : 0.999846 0.000050 0.000052 0.000052
87 87 (0) 5 : 0.256998 0.000078 0.000081 0.742842
88 88 (0) 5 : 0.296543 0.000067 0.000070 0.703320
89 89 (0) 5 : 0.418082 0.000053 0.000055 0.581810
90 90 (0) 5 : 0.143732 0.000078 0.000081 0.856110
91 91 (0) 5 : 0.049506 0.000074 0.000076 0.950344
92 92 (0) 5 : 0.351815 0.000060 0.000062 0.648064
93 93 (0) 5 : 0.178350 0.000084 0.000086 0.821481
94 94 (0) 5 : 0.209954 0.000062 0.000065 0.789919
95 95 (0) 5 : 0.000083 0.000080 0.000083 0.999753
96 96 (0) 5 : 0.111522 0.000071 0.000073 0.888333
97 97 (0) 6 : 0.999783 0.000071 0.000073 0.000073
98 98 (0) 6 : 0.999792 0.000068 0.000070 0.000070
99 99 (0) 6 : 0.999790 0.000068 0.000071 0.000071
100 100 (0) 6 : 0.999831 0.000055 0.000057 0.000057
101 101 (0) 6 : 0.999831 0.000055 0.000057 0.000057
102 102 (0) 6 : 0.999841 0.000052 0.000053 0.000054
103 103 (0) 6 : 0.999786 0.000070 0.000072 0.000072
104 104 (0) 6 : 0.999775 0.000073 0.000076 0.000076
105 105 (0) 6 : 0.999778 0.000072 0.000074 0.000075
106 106 (0) 6 : 0.999750 0.000081 0.000084 0.000084
107 107 (0) 6 : 0.999779 0.000072 0.000074 0.000075
108 108 (0) 6 : 0.999766 0.000076 0.000079 0.000079
109 109 (0) 6 : 0.999771 0.000075 0.000077 0.000078
110 110 (0) 2 : 0.000060 0.000057 0.999822 0.000060
111 111 (0) 2 : 0.000077 0.000074 0.999772 0.000077
112 112 (0) 2 : 0.000078 0.000075 0.999769 0.000078
113 113 (0) 2 : 0.000072 0.000069 0.999788 0.000072
114 114 (0) 2 : 0.235296 0.000071 0.764558 0.000075
115 115 (0) 3 : 0.934356 0.000052 0.065539 0.000053
