1 1 (0) 1 : 0.000029 0.000029 0.000029 0.999740 0.000029 0.000029 0.000029 0.000029 0.000029 0.000029
2 2 (0) 1 : 0.842877 0.000028 0.000028 0.156903 0.000028 0.000028 0.000028 0.000028 0.000028 0.000028
3 3 (0) 1 : 0.878006 0.000029 0.000029 0.121759 0.000029 0.000029 0.000029 0.000029 0.000029 0.000029
4 4 (0) 1 : 0.999735 0.000029 0.000029 0.000029 0.000029 0.000029 0.000029 0.000029 0.000029 0.000029
5 5 (0) 1 : 0.999723 0.000031 0.000031 0.000031 0.000031 0.000031 0.000031 0.000031 0.000031 0.000031
6 6 (0) 1 : 0.999734 0.000030 0.000030 0.000030 0.000030 0.000030 0.000030 0.000030 0.000030 0.000030
7 7 (0) 1 : 0.999714 0.000032 0.000032 0.000032 0.000032 0.000032 0.000032 0.000032 0.000032 0.000032
8 8 (0) 1 : 0.999798 0.000022 0.000022 0.000022 0.000022 0.000022 0.000022 0.000022 0.000022 0.000022
9 9 (0) 1 : 0.999810 0.000021 0.000021 0.000021 0.000021 0.000021 0.000021 0.000021 0.000021 0.000021
10 10 (0) 1 : 0.999778 0.000025 0.000025 0.000025 0.000025 0.000025 0.000025 0.000025 0.000025 0.000025
11 11 (0) 1 : 0.999742 0.000029 0.000029 0.000029 0.000029 0.000029 0.000029 0.000029 0.000029 0.000029
12 12 (0) 1 : 0.999789 0.000023 0.000023 0.000023 0.000023 0.000023 0.000023 0.000023 0.000023 0.000023
13 13 (0) 1 : 0.999747 0.000028 0.000028 0.000028 0.000028 0.000028 0.000028 0.000028 0.000028 0.000028
14 14 (0) 1 : 0.999744 0.000028 0.000028 0.000028 0.000028 0.000028 0.000028 0.000028 0.000028 0.000028
15 15 (0) 1 : 0.999744 0.000028 0.000028 0.000028 0.000028 0.000028 0.000028 0.000028 0.000028 0.000028
16 16 (0) 1 : 0.999729 0.000030 0.000030 0.000030 0.000030 0.000030 0.000030 0.000030 0.000030 0.000030
17 17 (0) 1 : 0.999707 0.000033 0.000033 0.000033 0.000033 0.000033 0.000033 0.000033 0.000033 0.000033
18 18 (0) 2 : 0.000022 0.000022 0.999801 0.000022 0.000022 0.000022 0.000022 0.000022 0.000022 0.000022
19 19 (0) 2 : 0.000028 0.000028 0.999744 0.000028 0.000028 0.000028 0.000028 0.000028 0.000028 0.000028
20 20 (0) 3 : 0.999798 0.000022 0.000022 0.000022 0.000022 0.000022 0.000022 0.000022 0.000022 0.000022
21 21 (0) 3 : 0.999789 0.000023 0.000023 0.000023 0.000023 0.000023 0.000023 0.000023 0.000023 0.000023
22 22 (0) 2 : 0.000029 0.000029 0.999738 0.000029 0.000029 0.000029 0.000029 0.000029 0.000029 0.000029
23 23 (0) 2 : 0.000022 0.000022 0.999798 0.000022 0.000022 0.000022 0.000022 0.000022 0.000022 0.000022
24 24 (0) 2 : 0.000022 0.000022 0.999805 0.000022 0.000022 0.000022 0.000022 0.000022 0.000022 0.000022
25 25 (0) 4 : 0.000026 0.000026 0.000026 0.000026 0.000026 0.000026 0.000026 0.999766 0.000026 0.000026
26 26 (0) 4 : 0.000023 0.000023 0.000023 0.000023 0.000023 0.000023 0.000023 0.999796 0.000023 0.000023
27 27 (0) 4 : 0.000033 0.000033 0.000033 0.000033 0.000033 0.000033 0.000033 0.999699 0.000033 0.000033
28 28 (0) 4 : 0.000029 0.000029 0.000029 0.000029 0.000029 0.000029 0.000029 0.999735 0.000029 0.000029
29 29 (0) 4 : 0.000035 0.000035 0.000035 0.000035 0.000035 0.000035 0.000035 0.999689 0.000035 0.000035
30 30 (0) 4 : 0.000039 0.000039 0.000039 0.000039 0.000039 0.000039 0.000039 0.999653 0.000039 0.000039
31 31 (0) 4 : 0.000032 0.000032 0.000032 0.000032 0.000032 0.000032 0.000032 0.999716 0.000032 0.000032
32 32 (0) 4 : 0.000033 0.000033 0.000033 0.000033 0.000033 0.000033 0.000033 0.999703 0.000033 0.000033
33 33 (0) 4 : 0.000028 0.000028 0.000028 0.000028 0.000028 0.000028 0.000028 0.999747 0.000028 0.000028
34 34 (0) 4 : 0.000022 0.000022 0.000022 0.000022 0.000022 0.000022 0.000022 0.999806 0.000022 0.000022
35 35 (0) 4 : 0.107696 0.000021 0.000021 0.000021 0.000021 0.000021 0.000021 0.892137 0.000021 0.000021
36 36 (0) 4 : 0.000021 0.000021 0.000021 0.000021 0.000021 0.000021 0.000021 0.999812 0.000021 0.000021
37 37 (0) 4 : 0.000021 0.000021 0.000021 0.000021 0.000021 0.000021 0.000021 0.999809 0.000021 0.000021
38 38 (0) 4 : 0.000027 0.000027 0.000027 0.000027 0.000027 0.000027 0.000027 0.999758 0.000027 0.000027
39 39 (0) 4 : 0.000022 0.000022 0.000022 0.000022 0.000022 0.000022 0.000022 0.999799 0.000022 0.000022
40 40 (0) 4 : 0.000021 0.000021 0.000021 0.000021 0.000021 0.000021 0.000021 0.999812 0.000021 0.000021
41 41 (0) 4 : 0.000030 0.000030 0.000030 0.000030 0.000030 0.000030 0.000030 0.999732 0.000030 0.000030
42 42 (0) 4 : 0.000029 0.000029 0.000029 0.000029 0.000029 0.000029 0.000029 0.999741 0.000029 0.000029
43 43 (0) 4 : 0.000030 0.000030 0.000030 0.000030 0.000030 0.000030 0.000030 0.999730 0.000030 0.000030
44 44 (0) 4 : 0.000029 0.000029 0.000029 0.000029 0.000029 0.000029 0.000029 0.999740 0.000029 0.000029
45 45 (0) 4 : 0.000029 0.000029 0.000029 0.000029 0.000029 0.000029 0.000029 0.999737 0.000029 0.000029
46 46 (0) 4 : 0.000029 0.000029 0.000029 0.000029 0.000029 0.000029 0.000029 0.999739 0.000029 0.000029
47 47 (0) 4 : 0.000030 0.000030 0.000030 0.000030 0.000030 0.000030 0.000030 0.999729 0.000030 0.000030
48 48 (0) 4 : 0.000028 0.000028 0.000028 0.000028 0.000028 0.000028 0.000028 0.999744 0.000028 0.000028
49 49 (0) 4 : 0.000028 0.000028 0.000028 0.000028 0.000028 0.000028 0.000028 0.999749 0.000028 0.000028
50 50 (0) 4 : 0.000029 0.000029 0.000029 0.000029 0.000029 0.000029 0.000029 0.999742 0.000029 0.000029
51 51 (0) 1 : 0.999829 0.000019 0.000019 0.000019 0.000019 0.000019 0.000019 0.000019 0.000019 0.000019
52 52 (0) 1 : 0.999820 0.000020 0.000020 0.000020 0.000020 0.000020 0.000020 0.000020 0.000020 0.000020
53 53 (0) 1 : 0.936946 0.000032 0.000032 0.000032 0.000032 0.000032 0.000032 0.062797 0.000032 0.000032
54 54 (0) 1 : 0.466610 0.000022 0.000022 0.000022 0.000022 0.000022 0.000022 0.533212 0.000022 0.000022
55 55 (0) 1 : 0.679732 0.000034 0.000034 0.000034 0.000034 0.000034 0.000034 0.319993 0.000034 0.000034
56 56 (0) 1 : 0.447967 0.000022 0.000022 0.000022 0.000022 0.000022 0.000022 0.551860 0.000022 0.000022
57 57 (0) 1 : 0.555501 0.000021 0.000021 0.000021 0.000021 0.000021 0.000021 0.444334 0.000021 0.000021
58 58 (0) 1 : 0.595634 0.000028 0.000028 0.000028 0.000028 0.000028 0.000028 0.404143 0.000028 0.000028
59 59 (0) 1 : 0.999756 0.000027 0.000027 0.000027 0.000027 0.000027 0.000027 0.000027 0.000027 0.000027
60 60 (0) 1 : 0.999749 0.000028 0.000028 0.000028 0.000028 0.000028 0.000028 0.000028 0.000028 0.000028
61 61 (0) 1 : 0.999825 0.000019 0.000019 0.000019 0.000019 0.000019 0.000019 0.000019 0.000019 0.000019
62 62 (0) 1 : 0.999777 0.000025 0.000025 0.000025 0.000025 0.000025 0.000025 0.000025 0.000025 0.000025
63 63 (0) 1 : 0.999767 0.000026 0.000026 0.000026 0.000026 0.000026 0.000026 0.000026 0.000026 0.000026
64 64 (0) 1 : 0.999741 0.000029 0.000029 0.000029 0.000029 0.000029 0.000029 0.000029 0.000029 0.000029
65 65 (0) 1 : 0.999745 0.000028 0.000028 0.000028 0.000028 0.000028 0.000028 0.000028 0.000028 0.000028
66 66 (0) 1 : 0.999717 0.000031 0.000031 0.000031 0.000031 0.000031 0.000031 0.000031 0.000031 0.000031
67 67 (0) 1 : 0.999751 0.000028 0.000028 0.000028 0.000028 0.000028 0.000028 0.000028 0.000028 0.000028
68 68 (0) 1 : 0.999712 0.000032 0.000032 0.000032 0.000032 0.000032 0.000032 0.000032 0.000032 0.000032
69 69 (0) 1 : 0.999692 0.000034 0.000034 0.000034 0.000034 0.000034 0.000034 0.000034 0.000034 0.000034
70 70 (0) 1 : 0.999765 0.000026 0.000026 0.000026 0.000026 0.000026 0.000026 0.000026 0.000026 0.000026
71 71 (0) 1 : 0.999723 0.000031 0.000031 0.000031 0.000031 0.000031 0.000031 0.000031 0.000031 0.000031
72 72 (0) 1 : 0.999731 0.000030 0.000030 0.000030 0.000030 0.000030 0.000030 0.000030 0.000030 0.000030
73 73 (0) 1 : 0.999750 0.000028 0.000028 0.000028 0.000028 0.000028 0.000028 0.000028 0.000028 0.000028
74 74 (0) 1 : 0.999822 0.000020 0.000020 0.000020 0.000020 0.000020 0.000020 0.000020 0.000020 0.000020
75 75 (0) 1 : 0.999825 0.000019 0.000019 0.000019 0.000019 0.000019 0.000019 0.000019 0.000019 0.000019
76 76 (0) 1 : 0.999654 0.000038 0.000038 0.000038 0.000038 0.000038 0.000038 0.000038 0.000038 0.000038
77 77 (0) 1 : 0.999728 0.000030 0.000030 0.000030 0.000030 0.000030 0.000030 0.000030 0.000030 0.000030
78 78 (0) 1 : 0.999733 0.000030 0.000030 0.000030 0.000030 0.000030 0.000030 0.000030 0.000030 0.000030
79 79 (0) 1 : 0.780783 0.000025 0.000025 0.000025 0.000025 0.000025 0.000025 0.219020 0.000025 0.000025
80 80 (0) 1 : 0.999825 0.000019 0.000019 0.000019 0.000019 0.000019 0.000019 0.000019 0.000019 0.000019
81 81 (0) 1 : 0.999825 0.000019 0.000019 0.000019 0.000019 0.000019 0.000019 0.000019 0.000019 0.000019
82 82 (0) 1 : 0.999804 0.000022 0.000022 0.000022 0.000022 0.000022 0.000022 0.000022 0.000022 0.000022
83 83 (0) 1 : 0.737763 0.000028 0.000028 0.262011 0.000028 0.000028 0.000028 0.000028 0.000028 0.000028
84 84 (0) 1 : 0.999653 0.000039 0.000039 0.000039 0.000039 0.000039 0.000039 0.000039 0.000039 0.000039
85 85 (0) 1 : 0.999822 0.000020 0.000020 0.000020 0.000020 0.000020 0.000020 0.000020 0.000020 0.000020
86 86 (0) 1 : 0.999825 0.000019 0.000019 0.000019 0.000019 0.000019 0.000019 0.000019 0.000019 0.000019
87 87 (0) 5 : 0.000030 0.999729 0.000030 0.000030 0.000030 0.000030 0.000030 0.000030 0.000030 0.000030
88 88 (0) 5 : 0.000026 0.999766 0.000026 0.000026 0.000026 0.000026 0.000026 0.000026 0.000026 0.000026
89 89 (0) 5 : 0.860079 0.139757 0.000020 0.000020 0.000020 0.000020 0.000020 0.000020 0.000020 0.000020
90 90 (0) 5 : 0.000030 0.000030 0.000030 0.000030 0.000030 0.000030 0.000030 0.999729 0.000030 0.000030
91 91 (0) 5 : 0.000028 0.000028 0.000028 0.000028 0.000028 0.000028 0.000028 0.999744 0.000028 0.000028
92 92 (0) 5 : 0.375450 0.000023 0.000023 0.000023 0.000023 0.000023 0.000023 0.624366 0.000023 0.000023
93 93 (0) 5 : 0.000032 0.000032 0.000032 0.000032 0.000032 0.000032 0.000032 0.999711 0.000032 0.000032
94 94 (0) 5 : 0.000024 0.000024 0.000024 0.000024 0.000024 0.000024 0.000024 0.999784 0.000024 0.000024
95 95 (0) 5 : 0.000031 0.000031 0.000031 0.000031 0.000031 0.000031 0.000031 0.999722 0.000031 0.000031
96 96 (0) 5 : 0.000027 0.000027 0.000027 0.000027 0.000027 0.000027 0.000027 0.999753 0.000027 0.000027
97 97 (0) 6 : 0.000027 0.000027 0.000027 0.999754 0.000027 0.000027 0.000027 0.000027 0.000027 0.000027
98 98 (0) 6 : 0.000026 0.000026 0.000026 0.999764 0.000026 0.000026 0.000026 0.000026 0.000026 0.000026
99 99 (0) 6 : 0.000026 0.000026 0.000026 0.999762 0.000026 0.000026 0.000026 0.000026 0.000026 0.000026
100 100 (0) 6 : 0.000021 0.000021 0.000021 0.999807 0.000021 0.000021 0.000021 0.000021 0.000021 0.000021
101 101 (0) 6 : 0.000021 0.000021 0.000021 0.999808 0.000021 0.000021 0.000021 0.000021 0.000021 0.000021
102 102 (0) 6 : 0.000020 0.000020 0.000020 0.999819 0.000020 0.000020 0.000020 0.000020 0.000020 0.000020
103 103 (0) 6 : 0.000027 0.000027 0.000027 0.999757 0.000027 0.000027 0.000027 0.000027 0.000027 0.000027
104 104 (0) 6 : 0.000028 0.000028 0.000028 0.999744 0.000028 0.000028 0.000028 0.000028 0.000028 0.000028
105 105 (0) 6 : 0.000028 0.000028 0.000028 0.999749 0.000028 0.000028 0.000028 0.000028 0.000028 0.000028
106 106 (0) 6 : 0.000031 0.000031 0.000031 0.999717 0.000031 0.000031 0.000031 0.000031 0.000031 0.000031
107 107 (0) 6 : 0.000028 0.000028 0.000028 0.999748 0.000028 0.000028 0.000028 0.000028 0.000028 0.000028
108 108 (0) 6 : 0.000030 0.000030 0.000030 0.999734 0.000030 0.000030 0.000030 0.000030 0.000030 0.000030
109 109 (0) 6 : 0.000029 0.000029 0.000029 0.999740 0.000029 0.000029 0.000029 0.000029 0.000029 0.000029
110 110 (0) 2 : 0.000022 0.000022 0.999799 0.000022 0.000022 0.000022 0.000022 0.000022 0.000022 0.000022
111 111 (0) 2 : 0.000029 0.000029 0.999742 0.000029 0.000029 0.000029 0.000029 0.000029 0.000029 0.000029
112 112 (0) 2 : 0.000029 0.000029 0.999738 0.000029 0.000029 0.000029 0.000029 0.000029 0.000029 0.000029
113 113 (0) 2 : 0.000027 0.000027 0.999760 0.000027 0.000027 0.000027 0.000027 0.000027 0.000027 0.000027
114 114 (0) 2 : 0.000028 0.000028 0.999750 0.000028 0.000028 0.000028 0.000028 0.000028 0.000028 0.000028
115 115 (0) 3 : 0.999822 0.000020 0.000020 0.000020 0.000020 0.000020 0.000020 0.000020 0.000020 0.000020
1 1 (0) 1 : 0.000029 0.000029 0.000029 0.999740 0.000029 0.000029 0.000029 0.000029 0.000029 0.000029
2 2 (0) 1 : 0.000028 0.000028 0.000028 0.999752 0.000028 0.000028 0.000028 0.000028 0.000028 0.000028
3 3 (0) 1 : 0.000029 0.000029 0.000029 0.999736 0.000029 0.000029 0.000029 0.000029 0.000029 0.000029
4 4 (0) 1 : 0.000029 0.000029 0.000029 0.999735 0.000029 0.000029 0.000029 0.000029 0.000029 0.000029
5 5 (0) 1 : 0.000031 0.000031 0.000031 0.999723 0.000031 0.000031 0.000031 0.000031 0.000031 0.000031
6 6 (0) 1 : 0.000030 0.000030 0.000030 0.999734 0.000030 0.000030 0.000030 0.000030 0.000030 0.000030
7 7 (0) 1 : 0.000032 0.000032 0.000032 0.999714 0.000032 0.000032 0.000032 0.000032 0.000032 0.000032
8 8 (0) 1 : 0.000022 0.000022 0.000022 0.999798 0.000022 0.000022 0.000022 0.000022 0.000022 0.000022
9 9 (0) 1 : 0.000021 0.000021 0.000021 0.999810 0.000021 0.000021 0.000021 0.000021 0.000021 0.000021
10 10 (0) 1 : 0.000025 0.000025 0.000025 0.999778 0.000025 0.000025 0.000025 0.000025 0.000025 0.000025
11 11 (0) 1 : 0.000029 0.000029 0.000029 0.999742 0.000029 0.000029 0.000029 0.000029 0.000029 0.000029
12 12 (0) 1 : 0.000023 0.000023 0.000023 0.999789 0.000023 0.000023 0.000023 0.000023 0.000023 0.000023
13 13 (0) 1 : 0.000028 0.000028 0.000028 0.999747 0.000028 0.000028 0.000028 0.000028 0.000028 0.000028
14 14 (0) 1 : 0.000028 0.000028 0.000028 0.999744 0.000028 0.000028 0.000028 0.000028 0.000028 0.000028
15 15 (0) 1 : 0.000028 0.000028 0.000028 0.999744 0.000028 0.000028 0.000028 0.000028 0.000028 0.000028
16 16 (0) 1 : 0.000030 0.000030 0.000030 0.999729 0.000030 0.000030 0.000030 0.000030 0.000030 0.000030
17 17 (0) 1 : 0.000033 0.000033 0.000033 0.999707 0.000033 0.000033 0.000033 0.000033 0.000033 0.000033
18 18 (0) 2 : 0.999801 0.000022 0.000022 0.000022 0.000022 0.000022 0.000022 0.000022 0.000022 0.000022
19 19 (0) 2 : 0.999744 0.000028 0.000028 0.000028 0.000028 0.000028 0.000028 0.000028 0.000028 0.000028
20 20 (0) 3 : 0.000022 0.000022 0.000022 0.999798 0.000022 0.000022 0.000022 0.000022 0.000022 0.000022
21 21 (0) 3 : 0.000023 0.000023 0.000023 0.999789 0.000023 0.000023 0.000023 0.000023 0.000023 0.000023
22 22 (0) 2 : 0.999738 0.000029 0.000029 0.000029 0.000029 0.000029 0.000029 0.000029 0.000029 0.000029
23 23 (0) 2 : 0.999798 0.000022 0.000022 0.000022 0.000022 0.000022 0.000022 0.000022 0.000022 0.000022
24 24 (0) 2 : 0.999805 0.000022 0.000022 0.000022 0.000022 0.000022 0.000022 0.000022 0.000022 0.000022
25 25 (0) 4 : 0.000026 0.000026 0.000026 0.000026 0.000026 0.000026 0.000026 0.999766 0.000026 0.000026
26 26 (0) 4 : 0.000023 0.000023 0.000023 0.000023 0.000023 0.000023 0.000023 0.999796 0.000023 0.000023
27 27 (0) 4 : 0.000033 0.000033 0.000033 0.000033 0.000033 0.000033 0.000033 0.999699 0.000033 0.000033
28 28 (0) 4 : 0.000029 0.000029 0.000029 0.000029 0.000029 0.000029 0.000029 0.999735 0.000029 0.000029
29 29 (0) 4 : 0.000035 0.000035 0.000035 0.000035 0.000035 0.000035 0.000035 0.999689 0.000035 0.000035
30 30 (0) 4 : 0.000039 0.000039 0.000039 0.000039 0.000039 0.000039 0.000039 0.999653 0.000039 0.000039
31 31 (0) 4 : 0.000032 0.000032 0.000032 0.000032 0.000032 0.000032 0.000032 0.999716 0.000032 0.000032
32 32 (0) 4 : 0.000033 0.000033 0.000033 0.000033 0.000033 0.000033 0.000033 0.999703 0.000033 0.000033
33 33 (0) 4 : 0.000028 0.000028 0.000028 0.000028 0.000028 0.000028 0.000028 0.999747 0.000028 0.000028
34 34 (0) 4 : 0.000022 0.000022 0.000022 0.000022 0.000022 0.000022 0.000022 0.999806 0.000022 0.000022
35 35 (0) 4 : 0.000021 0.000021 0.000021 0.000021 0.000021 0.000021 0.000021 0.999812 0.000021 0.000021
36 36 (0) 4 : 0.000021 0.000021 0.000021 0.000021 0.000021 0.000021 0.000021 0.999812 0.000021 0.000021
37 37 (0) 4 : 0.000021 0.000021 0.000021 0.000021 0.000021 0.000021 0.000021 0.999809 0.000021 0.000021
38 38 (0) 4 : 0.000027 0.000027 0.000027 0.000027 0.000027 0.000027 0.000027 0.999758 0.000027 0.000027
39 39 (0) 4 : 0.000022 0.000022 0.000022 0.000022 0.000022 0.000022 0.000022 0.999799 0.000022 0.000022
40 40 (0) 4 : 0.000021 0.000021 0.000021 0.000021 0.000021 0.000021 0.000021 0.999812 0.000021 0.000021
41 41 (0) 4 : 0.000030 0.000030 0.000030 0.000030 0.000030 0.000030 0.000030 0.999732 0.000030 0.000030
42 42 (0) 4 : 0.000029 0.000029 0.000029 0.000029 0.000029 0.000029 0.000029 0.999741 0.000029 0.000029
43 43 (0) 4 : 0.000030 0.000030 0.000030 0.000030 0.000030 0.000030 0.000030 0.999730 0.000030 0.000030
44 44 (0) 4 : 0.000029 0.000029 0.000029 0.000029 0.000029 0.000029 0.000029 0.999740 0.000029 0.000029
45 45 (0) 4 : 0.000029 0.000029 0.000029 0.000029 0.000029 0.000029 0.000029 0.999737 0.000029 0.000029
46 46 (0) 4 : 0.000029 0.000029 0.000029 0.000029 0.000029 0.000029 0.000029 0.999739 0.000029 0.000029
47 47 (0) 4 : 0.000030 0.000030 0.000030 0.000030 0.000030 0.000030 0.000030 0.999729 0.000030 0.000030
48 48 (0) 4 : 0.000028 0.000028 0.000028 0.000028 0.000028 0.000028 0.000028 0.999744 0.000028 0.000028
49 49 (0) 4 : 0.000028 0.000028 0.000028 0.000028 0.000028 0.000028 0.000028 0.999749 0.000028 0.000028
50 50 (0) 4 : 0.000029 0.000029 0.000029 0.000029 0.000029 0.000029 0.000029 0.999742 0.000029 0.000029
51 51 (0) 1 : 0.000019 0.000019 0.000019 0.999829 0.000019 0.000019 0.000019 0.000019 0.000019 0.000019
52 52 (0) 1 : 0.000020 0.000020 0.000020 0.999820 0.000020 0.000020 0.000020 0.000020 0.000020 0.000020
53 53 (0) 1 : 0.000032 0.000032 0.000032 0.000032 0.999710 0.000032 0.000032 0.000032 0.000032 0.000032
54 54 (0) 1 : 0.000022 0.000022 0.000022 0.000022 0.999800 0.000022 0.000022 0.000022 0.000022 0.000022
55 55 (0) 1 : 0.000034 0.000034 0.000034 0.000034 0.999691 0.000034 0.000034 0.000034 0.000034 0.000034
56 56 (0) 1 : 0.000022 0.000022 0.000022 0.000022 0.999806 0.000022 0.000022 0.000022 0.000022 0.000022
57 57 (0) 1 : 0.000021 0.000021 0.000021 0.000021 0.999815 0.000021 0.000021 0.000021 0.000021 0.000021
58 58 (0) 1 : 0.000028 0.000028 0.000028 0.000028 0.999750 0.000028 0.000028 0.000028 0.000028 0.000028
59 59 (0) 1 : 0.000027 0.000027 0.000027 0.999756 0.000027 0.000027 0.000027 0.000027 0.000027 0.000027
60 60 (0) 1 : 0.000028 0.000028 0.000028 0.999749 0.000028 0.000028 0.000028 0.000028 0.000028 0.000028
61 61 (0) 1 : 0.000019 0.000019 0.000019 0.999825 0.000019 0.000019 0.000019 0.000019 0.000019 0.000019
62 62 (0) 1 : 0.000025 0.000025 0.000025 0.869198 0.130604 0.000025 0.000025 0.000025 0.000025 0.000025
63 63 (0) 1 : 0.000026 0.000026 0.000026 0.889892 0.109900 0.000026 0.000026 0.000026 0.000026 0.000026
64 64 (0) 1 : 0.000029 0.000029 0.000029 0.999741 0.000029 0.000029 0.000029 0.000029 0.000029 0.000029
65 65 (0) 1 : 0.000028 0.000028 0.000028 0.999745 0.000028 0.000028 0.000028 0.000028 0.000028 0.000028
66 66 (0) 1 : 0.000031 0.000031 0.000031 0.999717 0.000031 0.000031 0.000031 0.000031 0.000031 0.000031
67 67 (0) 1 : 0.000028 0.000028 0.000028 0.999751 0.000028 0.000028 0.000028 0.000028 0.000028 0.000028
68 68 (0) 1 : 0.000032 0.000032 0.000032 0.999712 0.000032 0.000032 0.000032 0.000032 0.000032 0.000032
69 69 (0) 1 : 0.000034 0.000034 0.000034 0.999692 0.000034 0.000034 0.000034 0.000034 0.000034 0.000034
70 70 (0) 1 : 0.000026 0.000026 0.000026 0.999765 0.000026 0.000026 0.000026 0.000026 0.000026 0.000026
71 71 (0) 1 : 0.000031 0.000031 0.000031 0.999723 0.000031 0.000031 0.000031 0.000031 0.000031 0.000031
72 72 (0) 1 : 0.000030 0.000030 0.000030 0.999731 0.000030 0.000030 0.000030 0.000030 0.000030 0.000030
73 73 (0) 1 : 0.000028 0.000028 0.000028 0.999750 0.000028 0.000028 0.000028 0.000028 0.000028 0.000028
74 74 (0) 1 : 0.000020 0.000020 0.000020 0.999822 0.000020 0.000020 0.000020 0.000020 0.000020 0.000020
75 75 (0) 1 : 0.000019 0.000019 0.000019 0.999825 0.000019 0.000019 0.000019 0.000019 0.000019 0.000019
76 76 (0) 1 : 0.000038 0.000038 0.000038 0.999654 0.000038 0.000038 0.000038 0.000038 0.000038 0.000038
77 77 (0) 1 : 0.000030 0.000030 0.000030 0.999728 0.000030 0.000030 0.000030 0.000030 0.000030 0.000030
78 78 (0) 1 : 0.000030 0.000030 0.000030 0.999733 0.000030 0.000030 0.000030 0.000030 0.000030 0.000030
79 79 (0) 1 : 0.000025 0.000025 0.000025 0.000025 0.999779 0.000025 0.000025 0.000025 0.000025 0.000025
80 80 (0) 1 : 0.000019 0.000019 0.000019 0.999825 0.000019 0.000019 0.000019 0.000019 0.000019 0.000019
81 81 (0) 1 : 0.000019 0.000019 0.000019 0.999825 0.000019 0.000019 0.000019 0.000019 0.000019 0.000019
82 82 (0) 1 : 0.000022 0.000022 0.000022 0.999804 0.000022 0.000022 0.000022 0.000022 0.000022 0.000022
83 83 (0) 1 : 0.000028 0.000028 0.000028 0.906459 0.000028 0.000028 0.093315 0.000028 0.000028 0.000028
84 84 (0) 1 : 0.000039 0.000039 0.000039 0.827543 0.172148 0.000039 0.000039 0.000039 0.000039 0.000039
85 85 (0) 1 : 0.000020 0.000020 0.000020 0.999822 0.000020 0.000020 0.000020 0.000020 0.000020 0.000020
86 86 (0) 1 : 0.000019 0.000019 0.000019 0.999825 0.000019 0.000019 0.000019 0.000019 0.000019 0.000019
87 87 (0) 5 : 0.000030 0.000030 0.000030 0.000030 0.000030 0.000030 0.000030 0.999729 0.000030 0.000030
88 88 (0) 5 : 0.000026 0.000026 0.000026 0.000026 0.000026 0.000026 0.000026 0.999766 0.000026 0.000026
89 89 (0) 5 : 0.000020 0.000020 0.000020 0.322596 0.000020 0.000020 0.000020 0.677240 0.000020 0.000020
90 90 (0) 5 : 0.000030 0.000030 0.000030 0.000030 0.000030 0.000030 0.000030 0.999729 0.000030 0.000030
91 91 (0) 5 : 0.000028 0.000028 0.000028 0.000028 0.000028 0.000028 0.000028 0.999744 0.000028 0.000028
92 92 (0) 5 : 0.000023 0.000023 0.000023 0.278063 0.000023 0.000023 0.000023 0.721753 0.000023 0.000023
93 93 (0) 5 : 0.000032 0.000032 0.000032 0.000032 0.000032 0.000032 0.000032 0.999711 0.000032 0.000032
94 94 (0) 5 : 0.000024 0.000024 0.000024 0.000024 0.000024 0.000024 0.000024 0.999784 0.000024 0.000024
95 95 (0) 5 : 0.000031 0.000031 0.000031 0.000031 0.000031 0.000031 0.000031 0.999722 0.000031 0.000031
96 96 (0) 5 : 0.000027 0.000027 0.000027 0.000027 0.000027 0.000027 0.000027 0.999753 0.000027 0.000027
97 97 (0) 6 : 0.000027 0.000027 0.000027 0.000027 0.000027 0.000027 0.999754 0.000027 0.000027 0.000027
98 98 (0) 6 : 0.000026 0.000026 0.000026 0.000026 0.000026 0.000026 0.999764 0.000026 0.000026 0.000026
99 99 (0) 6 : 0.000026 0.000026 0.000026 0.000026 0.000026 0.000026 0.999762 0.000026 0.000026 0.000026
100 100 (0) 6 : 0.000021 0.000021 0.000021 0.999807 0.000021 0.000021 0.000021 0.000021 0.000021 0.000021
101 101 (0) 6 : 0.000021 0.000021 0.000021 0.999808 0.000021 0.000021 0.000021 0.000021 0.000021 0.000021
102 102 (0) 6 : 0.000020 0.000020 0.000020 0.960197 0.000020 0.000020 0.039642 0.000020 0.000020 0.000020
103 103 (0) 6 : 0.000027 0.000027 0.000027 0.000027 0.000027 0.000027 0.999757 0.000027 0.000027 0.000027
104 104 (0) 6 : 0.000028 0.000028 0.000028 0.000028 0.000028 0.000028 0.999744 0.000028 0.000028 0.000028
105 105 (0) 6 : 0.000028 0.000028 0.000028 0.000028 0.000028 0.000028 0.999749 0.000028 0.000028 0.000028
106 106 (0) 6 : 0.000031 0.000031 0.000031 0.000031 0.000031 0.000031 0.999717 0.000031 0.000031 0.000031
107 107 (0) 6 : 0.000028 0.000028 0.000028 0.000028 0.000028 0.000028 0.999748 0.000028 0.000028 0.000028
108 108 (0) 6 : 0.000030 0.000030 0.000030 0.000030 0.000030 0.000030 0.999734 0.000030 0.000030 0.000030
109 109 (0) 6 : 0.000029 0.000029 0.000029 0.000029 0.000029 0.000029 0.999740 0.000029 0.000029 0.000029
110 110 (0) 2 : 0.999799 0.000022 0.000022 0.000022 0.000022 0.000022 0.000022 0.000022 0.000022 0.000022
111 111 (0) 2 : 0.999742 0.000029 0.000029 0.000029 0.000029 0.000029 0.000029 0.000029 0.000029 0.000029
112 112 (0) 2 : 0.999738 0.000029 0.000029 0.000029 0.000029 0.000029 0.000029 0.000029 0.000029 0.000029
113 113 (0) 2 : 0.999760 0.000027 0.000027 0.000027 0.000027 0.000027 0.000027 0.000027 0.000027 0.000027
114 114 (0) 2 : 0.999750 0.000028 0.000028 0.000028 0.000028 0.000028 0.000028 0.000028 0.000028 0.000028
115 115 (0) 3 : 0.034368 0.000020 0.000020 0.965474 0.000020 0.000020 0.000020 0.000020 0.000020 0.000020
1 1 (0) 1 : 0.000029 0.000029 0.000029 0.999740 0.000029 0.000029 0.000029 0.000029 0.000029 0.000029
2 2 (0) 1 : 0.000028 0.000028 0.000028 0.999752 0.000028 0.000028 0.000028 0.000028 0.000028 0.000028
3 3 (0) 1 : 0.000029 0.000029 0.000029 0.999736 0.000029 0.000029 0.000029 0.000029 0.000029 0.000029
4 4 (0) 1 : 0.000029 0.000029 0.000029 0.999735 0.000029 0.000029 0.000029 0.000029 0.000029 0.000029
5 5 (0) 1 : 0.000031 0.000031 0.000031 0.999723 0.000031 0.000031 0.000031 0.000031 0.000031 0.000031
6 6 (0) 1 : 0.000030 0.000030 0.000030 0.999734 0.000030 0.000030 0.000030 0.000030 0.000030 0.000030
7 7 (0) 1 : 0.000032 0.000032 0.000032 0.999714 0.000032 0.000032 0.000032 0.000032 0.000032 0.000032
8 8 (0) 1 : 0.000022 0.000022 0.000022 0.999798 0.000022 0.000022 0.000022 0.000022 0.000022 0.000022
9 9 (0) 1 : 0.000021 0.000021 0.000021 0.999810 0.000021 0.000021 0.000021 0.000021 0.000021 0.000021
10 10 (0) 1 : 0.000025 0.000025 0.000025 0.999778 0.000025 0.000025 0.000025 0.000025 0.000025 0.000025
11 11 (0) 1 : 0.000029 0.000029 0.000029 0.999742 0.000029 0.000029 0.000029 0.000029 0.000029 0.000029
12 12 (0) 1 : 0.000023 0.000023 0.000023 0.999789 0.000023 0.000023 0.000023 0.000023 0.000023 0.000023
13 13 (0) 1 : 0.000028 0.000028 0.000028 0.999747 0.000028 0.000028 0.000028 0.000028 0.000028 0.000028
14 14 (0) 1 : 0.000028 0.000028 0.000028 0.999744 0.000028 0.000028 0.000028 0.000028 0.000028 0.000028
15 15 (0) 1 : 0.000028 0.000028 0.000028 0.999744 0.000028 0.000028 0.000028 0.000028 0.000028 0.000028
16 16 (0) 1 : 0.000030 0.000030 0.000030 0.999729 0.000030 0.000030 0.000030 0.000030 0.000030 0.000030
17 17 (0) 1 : 0.000033 0.000033 0.000033 0.999707 0.000033 0.000033 0.000033 0.000033 0.000033 0.000033
18 18 (0) 2 : 0.000022 0.000022 0.000022 0.000022 0.000022 0.999801 0.000022 0.000022 0.000022 0.000022
19 19 (0) 2 : 0.000028 0.000028 0.000028 0.230728 0.000028 0.769044 0.000028 0.000028 0.000028 0.000028
20 20 (0) 3 : 0.000022 0.000022 0.000022 0.999798 0.000022 0.000022 0.000022 0.000022 0.000022 0.000022
21 21 (0) 3 : 0.000023 0.000023 0.000023 0.999789 0.000023 0.000023 0.000023 0.000023 0.000023 0.000023
22 22 (0) 2 : 0.000029 0.000029 0.000029 0.000029 0.000029 0.999738 0.000029 0.000029 0.000029 0.000029
23 23 (0) 2 : 0.000022 0.000022 0.000022 0.000022 0.000022 0.999798 0.000022 0.000022 0.000022 0.000022
24 24 (0) 2 : 0.000022 0.000022 0.000022 0.000022 0.000022 0.999805 0.000022 0.000022 0.000022 0.000022
25 25 (0) 4 : 0.000026 0.000026 0.000026 0.091343 0.000026 0.000026 0.000026 0.000026 0.908449 0.000026
26 26 (0) 4 : 0.000023 0.000023 0.000023 0.000023 0.000023 0.000023 0.000023 0.000023 0.999796 0.000023
27 27 (0) 4 : 0.000033 0.000033 0.000033 0.000033 0.000033 0.000033 0.000033 0.000033 0.999699 0.000033
28 28 (0) 4 : 0.000029 0.000029 0.000029 0.000029 0.000029 0.000029 0.000029 0.000029 0.999735 0.000029
29 29 (0) 4 : 0.000035 0.000035 0.000035 0.000035 0.000035 0.000035 0.000035 0.000035 0.999689 0.000035
30 30 (0) 4 : 0.000039 0.000039 0.000039 0.131550 0.000039 0.000039 0.000039 0.000039 0.868142 0.000039
31 31 (0) 4 : 0.000032 0.000032 0.000032 0.000032 0.000032 0.000032 0.000032 0.000032 0.999716 0.000032
32 32 (0) 4 : 0.000033 0.000033 0.000033 0.000033 0.000033 0.000033 0.000033 0.000033 0.999703 0.000033
33 33 (0) 4 : 0.000028 0.000028 0.000028 0.000028 0.000028 0.000028 0.000028 0.000028 0.999747 0.000028
34 34 (0) 4 : 0.000022 0.000022 0.000022 0.053800 0.000022 0.000022 0.000022 0.000022 0.946027 0.000022
35 35 (0) 4 : 0.000021 0.000021 0.000021 0.257134 0.000021 0.000021 0.000021 0.000021 0.742699 0.000021
36 36 (0) 4 : 0.000021 0.000021 0.000021 0.000021 0.000021 0.000021 0.000021 0.000021 0.999812 0.000021
37 37 (0) 4 : 0.000021 0.000021 0.000021 0.000021 0.000021 0.000021 0.000021 0.000021 0.999809 0.000021
38 38 (0) 4 : 0.000027 0.000027 0.000027 0.000027 0.000027 0.000027 0.000027 0.000027 0.999758 0.000027
39 39 (0) 4 : 0.000022 0.000022 0.000022 0.000022 0.000022 0.000022 0.000022 0.000022 0.999799 0.000022
40 40 (0) 4 : 0.000021 0.000021 0.000021 0.000021 0.000021 0.000021 0.000021 0.000021 0.999812 0.000021
41 41 (0) 4 : 0.000030 0.000030 0.000030 0.000030 0.000030 0.000030 0.000030 0.000030 0.999732 0.000030
42 42 (0) 4 : 0.000029 0.000029 0.000029 0.000029 0.000029 0.000029 0.000029 0.000029 0.999741 0.000029
43 43 (0) 4 : 0.000030 0.000030 0.000030 0.000030 0.000030 0.000030 0.000030 0.000030 0.999730 0.000030
44 44 (0) 4 : 0.000029 0.000029 0.000029 0.000029 0.000029 0.000029 0.000029 0.000029 0.999740 0.000029
45 45 (0) 4 : 0.000029 0.000029 0.000029 0.000029 0.000029 0.000029 0.000029 0.000029 0.999737 0.000029
46 46 (0) 4 : 0.000029 0.000029 0.000029 0.110550 0.000029 0.000029 0.000029 0.000029 0.889218 0.000029
47 47 (0) 4 : 0.000030 0.000030 0.000030 0.000030 0.000030 0.000030 0.000030 0.000030 0.999729 0.000030
48 48 (0) 4 : 0.000028 0.000028 0.000028 0.000028 0.000028 0.000028 0.000028 0.000028 0.999744 0.000028
49 49 (0) 4 : 0.000028 0.000028 0.000028 0.000028 0.000028 0.000028 0.000028 0.000028 0.999749 0.000028
50 50 (0) 4 : 0.000029 0.000029 0.000029 0.000029 0.000029 0.000029 0.000029 0.000029 0.999742 0.000029
51 51 (0) 1 : 0.000019 0.000019 0.000019 0.999829 0.000019 0.000019 0.000019 0.000019 0.000019 0.000019
52 52 (0) 1 : 0.000020 0.000020 0.000020 0.999820 0.000020 0.000020 0.000020 0.000020 0.000020 0.000020
53 53 (0) 1 : 0.000032 0.000032 0.000032 0.999710 0.000032 0.000032 0.000032 0.000032 0.000032 0.000032
54 54 (0) 1 : 0.000022 0.000022 0.000022 0.517246 0.000022 0.000022 0.000022 0.000022 0.482576 0.000022
55 55 (0) 1 : 0.000034 0.000034 0.000034 0.870315 0.000034 0.000034 0.000034 0.129410 0.000034 0.000034
56 56 (0) 1 : 0.000022 0.000022 0.000022 0.507391 0.000022 0.000022 0.000022 0.000022 0.492436 0.000022
57 57 (0) 1 : 0.000021 0.000021 0.000021 0.604292 0.000021 0.000021 0.000021 0.000021 0.395543 0.000021
58 58 (0) 1 : 0.000028 0.000028 0.000028 0.659886 0.000028 0.000028 0.000028 0.000028 0.339892 0.000028
59 59 (0) 1 : 0.000027 0.000027 0.000027 0.999756 0.000027 0.000027 0.000027 0.000027 0.000027 0.000027
60 60 (0) 1 : 0.000028 0.000028 0.000028 0.999749 0.000028 0.000028 0.000028 0.000028 0.000028 0.000028
61 61 (0) 1 : 0.000019 0.000019 0.000019 0.999825 0.000019 0.000019 0.000019 0.000019 0.000019 0.000019
62 62 (0) 1 : 0.000025 0.000025 0.000025 0.999777 0.000025 0.000025 0.000025 0.000025 0.000025 0.000025
63 63 (0) 1 : 0.000026 0.000026 0.000026 0.999767 0.000026 0.000026 0.000026 0.000026 0.000026 0.000026
64 64 (0) 1 : 0.000029 0.000029 0.000029 0.999741 0.000029 0.000029 0.000029 0.000029 0.000029 0.000029
65 65 (0) 1 : 0.000028 0.000028 0.000028 0.999746 0.000028 0.000028 0.000028 0.000028 0.000028 0.000028
66 66 (0) 1 : 0.000031 0.000031 0.000031 0.999717 0.000031 0.000031 0.000031 0.000031 0.000031 0.000031
67 67 (0) 1 : 0.000028 0.000028 0.000028 0.999751 0.000028 0.000028 0.000028 0.000028 0.000028 0.000028
68 68 (0) 1 : 0.000032 0.000032 0.000032 0.999712 0.000032 0.000032 0.000032 0.000032 0.000032 0.000032
69 69 (0) 1 : 0.000034 0.000034 0.000034 0.999692 0.000034 0.000034 0.000034 0.000034 0.000034 0.000034
70 70 (0) 1 : 0.000026 0.000026 0.000026 0.999765 0.000026 0.000026 0.000026 0.000026 0.000026 0.000026
71 71 (0) 1 : 0.000031 0.000031 0.000031 0.999723 0.000031 0.000031 0.000031 0.000031 0.000031 0.000031
72 72 (0) 1 : 0.000030 0.000030 0.000030 0.999731 0.000030 0.000030 0.000030 0.000030 0.000030 0.000030
73 73 (0) 1 : 0.000028 0.000028 0.000028 0.999750 0.000028 0.000028 0.000028 0.000028 0.000028 0.000028
74 74 (0) 1 : 0.000020 0.000020 0.000020 0.999822 0.000020 0.000020 0.000020 0.000020 0.000020 0.000020
75 75 (0) 1 : 0.000019 0.000019 0.000019 0.999825 0.000019 0.000019 0.000019 0.000019 0.000019 0.000019
76 76 (0) 1 : 0.000038 0.000038 0.000038 0.999654 0.000038 0.000038 0.000038 0.000038 0.000038 0.000038
77 77 (0) 1 : 0.000030 0.000030 0.000030 0.999728 0.000030 0.000030 0.000030 0.000030 0.000030 0.000030
78 78 (0) 1 : 0.000030 0.000030 0.000030 0.999733 0.000030 0.000030 0.000030 0.000030 0.000030 0.000030
79 79 (0) 1 : 0.000025 0.000025 0.000025 0.999779 0.000025 0.000025 0.000025 0.000025 0.000025 0.000025
80 80 (0) 1 : 0.000019 0.000019 0.000019 0.999825 0.000019 0.000019 0.000019 0.000019 0.000019 0.000019
81 81 (0) 1 : 0.000019 0.000019 0.000019 0.999825 0.000019 0.000019 0.000019 0.000019 0.000019 0.000019
82 82 (0) 1 : 0.000022 0.000022 0.000022 0.999804 0.000022 0.000022 0.000022 0.000022 0.000022 0.000022
83 83 (0) 1 : 0.000028 0.000028 0.000028 0.999746 0.000028 0.000028 0.000028 0.000028 0.000028 0.000028
84 84 (0) 1 : 0.000039 0.000039 0.000039 0.999653 0.000039 0.000039 0.000039 0.000039 0.000039 0.000039
85 85 (0) 1 : 0.000020 0.000020 0.000020 0.999822 0.000020 0.000020 0.000020 0.000020 0.000020 0.000020
86 86 (0) 1 : 0.000019 0.000019 0.000019 0.999825 0.000019 0.000019 0.000019 0.000019 0.000019 0.000019
87 87 (0) 5 : 0.000030 0.000030 0.000030 0.627497 0.000030 0.000030 0.000030 0.372262 0.000030 0.000030
88 88 (0) 5 : 0.000026 0.000026 0.000026 0.649093 0.000026 0.000026 0.000026 0.350699 0.000026 0.000026
89 89 (0) 5 : 0.000020 0.000020 0.000020 0.721321 0.000020 0.000020 0.000020 0.278515 0.000020 0.000020
90 90 (0) 5 : 0.000030 0.000030 0.000030 0.000030 0.000030 0.000030 0.000030 0.999729 0.000030 0.000030
91 91 (0) 5 : 0.000028 0.000028 0.000028 0.000028 0.000028 0.000028 0.000028 0.287208 0.712564 0.000028
92 92 (0) 5 : 0.000023 0.000023 0.000023 0.711695 0.000023 0.000023 0.000023 0.288121 0.000023 0.000023
93 93 (0) 5 : 0.000032 0.000032 0.000032 0.555799 0.000032 0.000032 0.000032 0.443944 0.000032 0.000032
94 94 (0) 5 : 0.000024 0.000024 0.000024 0.000024 0.000024 0.000024 0.000024 0.999784 0.000024 0.000024
95 95 (0) 5 : 0.000031 0.000031 0.000031 0.000031 0.000031 0.000031 0.000031 0.173247 0.826506 0.000031
96 96 (0) 5 : 0.000027 0.000027 0.000027 0.000027 0.000027 0.000027 0.000027 0.999753 0.000027 0.000027
97 97 (0) 6 : 0.000027 0.000027 0.000027 0.999754 0.000027 0.000027 0.000027 0.000027 0.000027 0.000027
98 98 (0) 6 : 0.000026 0.000026 0.000026 0.999764 0.000026 0.000026 0.000026 0.000026 0.000026 0.000026
99 99 (0) 6 : 0.000026 0.000026 0.000026 0.999762 0.000026 0.000026 0.000026 0.000026 0.000026 0.000026
100 100 (0) 6 : 0.000021 0.000021 0.000021 0.999807 0.000021 0.000021 0.000021 0.000021 0.000021 0.000021
101 101 (0) 6 : 0.000021 0.000021 0.000021 0.999808 0.000021 0.000021 0.000021 0.000021 0.000021 0.000021
102 102 (0) 6 : 0.000020 0.000020 0.000020 0.999819 0.000020 0.000020 0.000020 0.000020 0.000020 0.000020
103 103 (0) 6 : 0.000027 0.000027 0.000027 0.999757 0.000027 0.000027 0.000027 0.000027 0.000027 0.000027
104 104 (0) 6 : 0.000028 0.000028 0.000028 0.999744 0.000028 0.000028 0.000028 0.000028 0.000028 0.000028
105 105 (0) 6 : 0.000028 0.000028 0.000028 0.999749 0.000028 0.000028 0.000028 0.000028 0.000028 0.000028
106 106 (0) 6 : 0.000031 0.000031 0.000031 0.999717 0.000031 0.000031 0.000031 0.000031 0.000031 0.000031
107 107 (0) 6 : 0.000028 0.000028 0.000028 0.999748 0.000028 0.000028 0.000028 0.000028 0.000028 0.000028
108 108 (0) 6 : 0.000030 0.000030 0.000030 0.999734 0.000030 0.000030 0.000030 0.000030 0.000030 0.000030
109 109 (0) 6 : 0.000029 0.000029 0.000029 0.999740 0.000029 0.000029 0.000029 0.000029 0.000029 0.000029
110 110 (0) 2 : 0.000022 0.000022 0.000022 0.253867 0.000022 0.745954 0.000022 0.000022 0.000022 0.000022
111 111 (0) 2 : 0.000029 0.000029 0.000029 0.000029 0.000029 0.999742 0.000029 0.000029 0.000029 0.000029
112 112 (0) 2 : 0.000029 0.000029 0.000029 0.290039 0.000029 0.709729 0.000029 0.000029 0.000029 0.000029
113 113 (0) 2 : 0.000027 0.000027 0.000027 0.244407 0.000027 0.755380 0.000027 0.000027 0.000027 0.000027
114 114 (0) 2 : 0.000028 0.000028 0.000028 0.394650 0.000028 0.605127 0.000028 0.000028 0.000028 0.000028
115 115 (0) 3 : 0.000020 0.000020 0.000020 0.951302 0.000020 0.048539 0.000020 0.000020 0.000020 0.000020
1 1 (0) 1 : 0.000029 0.000029 0.000029 0.000029 0.000029 0.999740 0.000029 0.000029 0.000029 0.000029
2 2 (0) 1 : 0.000028 0.000028 0.000028 0.000028 0.000028 0.999752 0.000028 0.000028 0.000028 0.000028
3 3 (0) 1 : 0.000029 0.000029 0.000029 0.000029 0.000029 0.999736 0.000029 0.000029 0.000029 0.000029
4 4 (0) 1 : 0.000029 0.000029 0.000029 0.000029 0.000029 0.999735 0.000029 0.000029 0.000029 0.000029
5 5 (0) 1 : 0.000031 0.000031 0.000031 0.000031 0.000031 0.999723 0.000031 0.000031 0.000031 0.000031
6 6 (0) 1 : 0.000030 0.000030 0.000030 0.000030 0.000030 0.999734 0.000030 0.000030 0.000030 0.000030
7 7 (0) 1 : 0.000032 0.000032 0.000032 0.000032 0.000032 0.999714 0.000032 0.000032 0.000032 0.000032
8 8 (0) 1 : 0.000022 0.000022 0.000022 0.000022 0.000022 0.999798 0.000022 0.000022 0.000022 0.000022
9 9 (0) 1 : 0.000021 0.000021 0.000021 0.000021 0.000021 0.999810 0.000021 0.000021 0.000021 0.000021
10 10 (0) 1 : 0.000025 0.000025 0.000025 0.000025 0.000025 0.999778 0.000025 0.000025 0.000025 0.000025
11 11 (0) 1 : 0.000029 0.000029 0.000029 0.000029 0.000029 0.999742 0.000029 0.000029 0.000029 0.000029
12 12 (0) 1 : 0.000023 0.000023 0.000023 0.000023 0.000023 0.999789 0.000023 0.000023 0.000023 0.000023
13 13 (0) 1 : 0.000028 0.000028 0.000028 0.000028 0.000028 0.999747 0.000028 0.000028 0.000028 0.000028
14 14 (0) 1 : 0.000028 0.000028 0.000028 0.000028 0.000028 0.999744 0.000028 0.000028 0.000028 0.000028
15 15 (0) 1 : 0.000028 0.000028 0.000028 0.000028 0.000028 0.999744 0.000028 0.000028 0.000028 0.000028
16 16 (0) 1 : 0.000030 0.000030 0.000030 0.000030 0.000030 0.999729 0.000030 0.000030 0.000030 0.000030
17 17 (0) 1 : 0.000033 0.000033 0.000033 0.000033 0.000033 0.999707 0.000033 0.000033 0.000033 0.000033
18 18 (0) 2 : 0.000022 0.000022 0.000022 0.000022 0.000022 0.999801 0.000022 0.000022 0.000022 0.000022
19 19 (0) 2 : 0.000028 0.000028 0.000028 0.000028 0.000028 0.999744 0.000028 0.000028 0.000028 0.000028
20 20 (0) 3 : 0.000022 0.000022 0.000022 0.000022 0.000022 0.999798 0.000022 0.000022 0.000022 0.000022
21 21 (0) 3 : 0.000023 0.000023 0.000023 0.000023 0.000023 0.999789 0.000023 0.000023 0.000023 0.000023
22 22 (0) 2 : 0.000029 0.000029 0.000029 0.000029 0.000029 0.999738 0.000029 0.000029 0.000029 0.000029
23 23 (0) 2 : 0.000022 0.000022 0.000022 0.000022 0.000022 0.999798 0.000022 0.000022 0.000022 0.000022
24 24 (0) 2 : 0.000022 0.000022 0.000022 0.000022 0.000022 0.999805 0.000022 0.000022 0.000022 0.000022
25 25 (0) 4 : 0.000026 0.000026 0.000026 0.000026 0.000026 0.000026 0.000026 0.999766 0.000026 0.000026
26 26 (0) 4 : 0.000023 0.000023 0.000023 0.000023 0.000023 0.000023 0.000023 0.999796 0.000023 0.000023
27 27 (0) 4 : 0.000033 0.000033 0.000033 0.000033 0.000033 0.000033 0.000033 0.999699 0.000033 0.000033
28 28 (0) 4 : 0.000029 0.000029 0.000029 0.000029 0.000029 0.000029 0.000029 0.999735 0.000029 0.000029
29 29 (0) 4 : 0.000035 0.000035 0.000035 0.000035 0.000035 0.000035 0.000035 0.999689 0.000035 0.000035
30 30 (0) 4 : 0.000039 0.000039 0.000039 0.000039 0.000039 0.082142 0.000039 0.917550 0.000039 0.000039
31 31 (0) 4 : 0.000032 0.000032 0.000032 0.000032 0.000032 0.000032 0.000032 0.999716 0.000032 0.000032
32 32 (0) 4 : 0.000033 0.000033 0.000033 0.000033 0.000033 0.000033 0.000033 0.999703 0.000033 0.000033
33 33 (0) 4 : 0.000028 0.000028 0.000028 0.000028 0.000028 0.000028 0.000028 0.999747 0.000028 0.000028
34 34 (0) 4 : 0.000022 0.000022 0.000022 0.000022 0.000022 0.000022 0.000022 0.999806 0.000022 0.000022
35 35 (0) 4 : 0.000021 0.000021 0.000021 0.000021 0.000021 0.000021 0.000021 0.999812 0.000021 0.000021
36 36 (0) 4 : 0.000021 0.000021 0.000021 0.000021 0.000021 0.000021 0.000021 0.999812 0.000021 0.000021
37 37 (0) 4 : 0.000021 0.000021 0.000021 0.000021 0.000021 0.000021 0.000021 0.999809 0.000021 0.000021
38 38 (0) 4 : 0.000027 0.000027 0.000027 0.000027 0.000027 0.000027 0.000027 0.999758 0.000027 0.000027
39 39 (0) 4 : 0.000022 0.000022 0.000022 0.000022 0.000022 0.000022 0.000022 0.999799 0.000022 0.000022
40 40 (0) 4 : 0.000021 0.000021 0.000021 0.000021 0.000021 0.000021 0.000021 0.999812 0.000021 0.000021
41 41 (0) 4 : 0.000030 0.000030 0.000030 0.000030 0.000030 0.000030 0.000030 0.999732 0.000030 0.000030
42 42 (0) 4 : 0.000029 0.000029 0.000029 0.000029 0.000029 0.000029 0.000029 0.999741 0.000029 0.000029
43 43 (0) 4 : 0.000030 0.000030 0.000030 0.000030 0.000030 0.000030 0.000030 0.999730 0.000030 0.000030
44 44 (0) 4 : 0.000029 0.000029 0.000029 0.000029 0.000029 0.000029 0.000029 0.999740 0.000029 0.000029
45 45 (0) 4 : 0.000029 0.000029 0.000029 0.000029 0.000029 0.000029 0.000029 0.999737 0.000029 0.000029
46 46 (0) 4 : 0.000029 0.000029 0.000029 0.000029 0.000029 0.000029 0.000029 0.999739 0.000029 0.000029
47 47 (0) 4 : 0.000030 0.000030 0.000030 0.000030 0.000030 0.000030 0.000030 0.999729 0.000030 0.000030
48 48 (0) 4 : 0.000028 0.000028 0.000028 0.000028 0.000028 0.000028 0.000028 0.999744 0.000028 0.000028
49 49 (0) 4 : 0.000028 0.000028 0.000028 0.000028 0.000028 0.000028 0.000028 0.999749 0.000028 0.000028
50 50 (0) 4 : 0.000029 0.000029 0.000029 0.000029 0.000029 0.000029 0.000029 0.999742 0.000029 0.000029
51 51 (0) 1 : 0.000019 0.000019 0.000019 0.000019 0.000019 0.999829 0.000019 0.000019 0.000019 0.000019
52 52 (0) 1 : 0.000020 0.000020 0.000020 0.000020 0.000020 0.999820 0.000020 0.000020 0.000020 0.000020
53 53 (0) 1 : 0.000032 0.000032 0.000032 0.000032 0.000032 0.999710 0.000032 0.000032 0.000032 0.000032
54 54 (0) 1 : 0.000022 0.000022 0.000022 0.000022 0.000022 0.999800 0.000022 0.000022 0.000022 0.000022
55 55 (0) 1 : 0.000034 0.000034 0.000034 0.000034 0.000034 0.999691 0.000034 0.000034 0.000034 0.000034
56 56 (0) 1 : 0.000022 0.000022 0.000022 0.000022 0.000022 0.999806 0.000022 0.000022 0.000022 0.000022
57 57 (0) 1 : 0.000021 0.000021 0.000021 0.000021 0.000021 0.999815 0.000021 0.000021 0.000021 0.000021
58 58 (0) 1 : 0.000028 0.000028 0.000028 0.000028 0.000028 0.809969 0.000028 0.189808 0.000028 0.000028
59 59 (0) 1 : 0.000027 0.000027 0.000027 0.000027 0.000027 0.999756 0.000027 0.000027 0.000027 0.000027
60 60 (0) 1 : 0.000028 0.000028 0.000028 0.000028 0.000028 0.999749 0.000028 0.000028 0.000028 0.000028
61 61 (0) 1 : 0.000019 0.000019 0.000019 0.000019 0.000019 0.999825 0.000019 0.000019 0.000019 0.000019
62 62 (0) 1 : 0.000025 0.000025 0.000025 0.000025 0.000025 0.999777 0.000025 0.000025 0.000025 0.000025
63 63 (0) 1 : 0.000026 0.000026 0.000026 0.000026 0.000026 0.999767 0.000026 0.000026 0.000026 0.000026
64 64 (0) 1 : 0.000029 0.000029 0.000029 0.000029 0.000029 0.999741 0.000029 0.000029 0.000029 0.000029
65 65 (0) 1 : 0.000028 0.000028 0.000028 0.000028 0.000028 0.999746 0.000028 0.000028 0.000028 0.000028
66 66 (0) 1 : 0.000031 0.000031 0.000031 0.000031 0.000031 0.999717 0.000031 0.000031 0.000031 0.000031
67 67 (0) 1 : 0.000028 0.000028 0.000028 0.000028 0.000028 0.999751 0.000028 0.000028 0.000028 0.000028
68 68 (0) 1 : 0.000032 0.000032 0.000032 0.000032 0.000032 0.999712 0.000032 0.000032 0.000032 0.000032
69 69 (0) 1 : 0.000034 0.000034 0.000034 0.000034 0.000034 0.999692 0.000034 0.000034 0.000034 0.000034
70 70 (0) 1 : 0.000026 0.000026 0.000026 0.000026 0.000026 0.999765 0.000026 0.000026 0.000026 0.000026
71 71 (0) 1 : 0.000031 0.000031 0.000031 0.000031 0.000031 0.999723 0.000031 0.000031 0.000031 0.000031
72 72 (0) 1 : 0.000030 0.000030 0.000030 0.000030 0.000030 0.999731 0.000030 0.000030 0.000030 0.000030
73 73 (0) 1 : 0.000028 0.000028 0.000028 0.000028 0.000028 0.999750 0.000028 0.000028 0.000028 0.000028
74 74 (0) 1 : 0.000020 0.000020 0.000020 0.000020 0.000020 0.999822 0.000020 0.000020 0.000020 0.000020
75 75 (0) 1 : 0.000019 0.000019 0.000019 0.000019 0.000019 0.999825 0.000019 0.000019 0.000019 0.000019
76 76 (0) 1 : 0.000038 0.000038 0.000038 0.000038 0.000038 0.999654 0.000038 0.000038 0.000038 0.000038
77 77 (0) 1 : 0.000030 0.000030 0.000030 0.000030 0.000030 0.999728 0.000030 0.000030 0.000030 0.000030
78 78 (0) 1 : 0.000030 0.000030 0.000030 0.000030 0.000030 0.999733 0.000030 0.000030 0.000030 0.000030
79 79 (0) 1 : 0.000025 0.000025 0.000025 0.000025 0.000025 0.999779 0.000025 0.000025 0.000025 0.000025
80 80 (0) 1 : 0.000019 0.000019 0.000019 0.000019 0.000019 0.999825 0.000019 0.000019 0.000019 0.000019
81 81 (0) 1 : 0.000019 0.000019 0.000019 0.000019 0.000019 0.999825 0.000019 0.000019 0.000019 0.000019
82 82 (0) 1 : 0.000022 0.000022 0.000022 0.000022 0.000022 0.999804 0.000022 0.000022 0.000022 0.000022
83 83 (0) 1 : 0.000028 0.000028 0.000028 0.000028 0.000028 0.923391 0.076383 0.000028 0.000028 0.000028
84 84 (0) 1 : 0.000039 0.000039 0.000039 0.000039 0.000039 0.999653 0.000039 0.000039 0.000039 0.000039
85 85 (0) 1 : 0.000020 0.000020 0.000020 0.000020 0.000020 0.999822 0.000020 0.000020 0.000020 0.000020
86 86 (0) 1 : 0.000019 0.000019 0.000019 0.000019 0.000019 0.999825 0.000019 0.000019 0.000019 0.000019
87 87 (0) 5 : 0.000030 0.000030 0.000030 0.000030 0.000030 0.277417 0.000030 0.722342 0.000030 0.000030
88 88 (0) 5 : 0.000026 0.000026 0.000026 0.000026 0.000026 0.330875 0.000026 0.668916 0.000026 0.000026
89 89 (0) 5 : 0.000020 0.000020 0.000020 0.000020 0.000020 0.437245 0.000020 0.562592 0.000020 0.000020
90 90 (0) 5 : 0.000030 0.000030 0.000030 0.000030 0.000030 0.000030 0.000030 0.999729 0.000030 0.000030
91 91 (0) 5 : 0.000028 0.000028 0.000028 0.000028 0.000028 0.000028 0.000028 0.999744 0.000028 0.000028
92 92 (0) 5 : 0.000023 0.000023 0.000023 0.000023 0.000023 0.373962 0.000023 0.625854 0.000023 0.000023
93 93 (0) 5 : 0.000032 0.000032 0.000032 0.000032 0.000032 0.000032 0.000032 0.999711 0.000032 0.000032
94 94 (0) 5 : 0.000024 0.000024 0.000024 0.000024 0.000024 0.195333 0.000024 0.804475 0.000024 0.000024
95 95 (0) 5 : 0.000031 0.000031 0.000031 0.000031 0.000031 0.000031 0.000031 0.999722 0.000031 0.000031
96 96 (0) 5 : 0.000027 0.000027 0.000027 0.000027 0.000027 0.000027 0.000027 0.999753 0.000027 0.000027
97 97 (0) 6 : 0.000027 0.000027 0.000027 0.000027 0.000027 0.000027 0.999754 0.000027 0.000027 0.000027
98 98 (0) 6 : 0.000026 0.000026 0.000026 0.000026 0.000026 0.807187 0.192603 0.000026 0.000026 0.000026
99 99 (0) 6 : 0.000026 0.000026 0.000026 0.000026 0.000026 0.794409 0.205380 0.000026 0.000026 0.000026
100 100 (0) 6 : 0.000021 0.000021 0.000021 0.000021 0.000021 0.999807 0.000021 0.000021 0.000021 0.000021
101 101 (0) 6 : 0.000021 0.000021 0.000021 0.000021 0.000021 0.999808 0.000021 0.000021 0.000021 0.000021
102 102 (0) 6 : 0.000020 0.000020 0.000020 0.000020 0.000020 0.999819 0.000020 0.000020 0.000020 0.000020
103 103 (0) 6 : 0.000027 0.000027 0.000027 0.000027 0.000027 0.739032 0.260752 0.000027 0.000027 0.000027
104 104 (0) 6 : 0.000028 0.000028 0.000028 0.000028 0.000028 0.670536 0.329236 0.000028 0.000028 0.000028
105 105 (0) 6 : 0.000028 0.000028 0.000028 0.000028 0.000028 0.000028 0.999749 0.000028 0.000028 0.000028
106 106 (0) 6 : 0.000031 0.000031 0.000031 0.000031 0.000031 0.000031 0.999717 0.000031 0.000031 0.000031
107 107 (0) 6 : 0.000028 0.000028 0.000028 0.000028 0.000028 0.000028 0.999748 0.000028 0.000028 0.000028
108 108 (0) 6 : 0.000030 0.000030 0.000030 0.000030 0.000030 0.000030 0.999734 0.000030 0.000030 0.000030
109 109 (0) 6 : 0.000029 0.000029 0.000029 0.000029 0.000029 0.000029 0.999740 0.000029 0.000029 0.000029
110 110 (0) 2 : 0.000022 0.000022 0.000022 0.000022 0.000022 0.999799 0.000022 0.000022 0.000022 0.000022
111 111 (0) 2 : 0.000029 0.000029 0.000029 0.000029 0.000029 0.999742 0.000029 0.000029 0.000029 0.000029
112 112 (0) 2 : 0.000029 0.000029 0.000029 0.000029 0.000029 0.999738 0.000029 0.000029 0.000029 0.000029
113 113 (0) 2 : 0.000027 0.000027 0.000027 0.000027 0.000027 0.999760 0.000027 0.000027 0.000027 0.000027
114 114 (0) 2 : 0.000028 0.000028 0.000028 0.000028 0.000028 0.999750 0.000028 0.000028 0.000028 0.000028
115 115 (0) 3 : 0.000020 0.000020 0.000020 0.000020 0.000020 0.999822 0.000020 0.000020 0.000020 0.000020
1 1 (0) 1 : 0.000029 0.000029 0.000029 0.000029 0.999740 0.000029 0.000029 0.000029 0.000029 0.000029
2 2 (0) 1 : 0.000028 0.000028 0.000028 0.000028 0.999752 0.000028 0.000028 0.000028 0.000028 0.000028
3 3 (0) 1 : 0.000029 0.000029 0.000029 0.000029 0.999736 0.000029 0.000029 0.000029 0.000029 0.000029
4 4 (0) 1 : 0.000029 0.000029 0.000029 0.000029 0.999735 0.000029 0.000029 0.000029 0.000029 0.000029
5 5 (0) 1 : 0.000031 0.000031 0.000031 0.000031 0.999723 0.000031 0.000031 0.000031 0.000031 0.000031
6 6 (0) 1 : 0.000030 0.000030 0.000030 0.000030 0.999734 0.000030 0.000030 0.000030 0.000030 0.000030
7 7 (0) 1 : 0.000032 0.000032 0.000032 0.000032 0.999714 0.000032 0.000032 0.000032 0.000032 0.000032
8 8 (0) 1 : 0.000022 0.000022 0.000022 0.000022 0.999798 0.000022 0.000022 0.000022 0.000022 0.000022
9 9 (0) 1 : 0.000021 0.000021 0.000021 0.000021 0.999810 0.000021 0.000021 0.000021 0.000021 0.000021
10 10 (0) 1 : 0.000025 0.000025 0.000025 0.000025 0.999778 0.000025 0.000025 0.000025 0.000025 0.000025
11 11 (0) 1 : 0.000029 0.000029 0.000029 0.000029 0.999742 0.000029 0.000029 0.000029 0.000029 0.000029
12 12 (0) 1 : 0.000023 0.000023 0.000023 0.000023 0.999789 0.000023 0.000023 0.000023 0.000023 0.000023
13 13 (0) 1 : 0.000028 0.000028 0.000028 0.000028 0.999747 0.000028 0.000028 0.000028 0.000028 0.000028
14 14 (0) 1 : 0.000028 0.000028 0.000028 0.000028 0.999744 0.000028 0.000028 0.000028 0.000028 0.000028
15 15 (0) 1 : 0.000028 0.000028 0.000028 0.000028 0.999744 0.000028 0.000028 0.000028 0.000028 0.000028
16 16 (0) 1 : 0.000030 0.000030 0.000030 0.000030 0.999729 0.000030 0.000030 0.000030 0.000030 0.000030
17 17 (0) 1 : 0.000033 0.000033 0.000033 0.000033 0.999707 0.000033 0.000033 0.000033 0.000033 0.000033
18 18 (0) 2 : 0.000022 0.000022 0.000022 0.000022 0.000022 0.000022 0.000022 0.000022 0.000022 0.999801
19 19 (0) 2 : 0.000028 0.000028 0.000028 0.000028 0.000028 0.000028 0.000028 0.000028 0.000028 0.999744
20 20 (0) 3 : 0.000022 0.000022 0.000022 0.000022 0.999798 0.000022 0.000022 0.000022 0.000022 0.000022
21 21 (0) 3 : 0.000023 0.000023 0.000023 0.000023 0.999789 0.000023 0.000023 0.000023 0.000023 0.000023
22 22 (0) 2 : 0.000029 0.000029 0.000029 0.000029 0.000029 0.000029 0.000029 0.000029 0.000029 0.999738
23 23 (0) 2 : 0.000022 0.000022 0.000022 0.000022 0.000022 0.000022 0.000022 0.000022 0.000022 0.999798
24 24 (0) 2 : 0.000022 0.000022 0.000022 0.000022 0.000022 0.000022 0.000022 0.000022 0.000022 0.999805
25 25 (0) 4 : 0.000026 0.916426 0.000026 0.000026 0.083366 0.000026 0.000026 0.000026 0.000026 0.000026
26 26 (0) 4 : 0.000023 0.999796 0.000023 0.000023 0.000023 0.000023 0.000023 0.000023 0.000023 0.000023
27 27 (0) 4 : 0.000033 0.999699 0.000033 0.000033 0.000033 0.000033 0.000033 0.000033 0.000033 0.000033
28 28 (0) 4 : 0.000029 0.999735 0.000029 0.000029 0.000029 0.000029 0.000029 0.000029 0.000029 0.000029
29 29 (0) 4 : 0.000035 0.999689 0.000035 0.000035 0.000035 0.000035 0.000035 0.000035 0.000035 0.000035
30 30 (0) 4 : 0.000039 0.883762 0.000039 0.000039 0.115929 0.000039 0.000039 0.000039 0.000039 0.000039
31 31 (0) 4 : 0.000032 0.999716 0.000032 0.000032 0.000032 0.000032 0.000032 0.000032 0.000032 0.000032
32 32 (0) 4 : 0.000033 0.999703 0.000033 0.000033 0.000033 0.000033 0.000033 0.000033 0.000033 0.000033
33 33 (0) 4 : 0.000028 0.999747 0.000028 0.000028 0.000028 0.000028 0.000028 0.000028 0.000028 0.000028
34 34 (0) 4 : 0.000022 0.999806 0.000022 0.000022 0.000022 0.000022 0.000022 0.000022 0.000022 0.000022
35 35 (0) 4 : 0.000021 0.765643 0.000021 0.000021 0.234190 0.000021 0.000021 0.000021 0.000021 0.000021
36 36 (0) 4 : 0.000021 0.999812 0.000021 0.000021 0.000021 0.000021 0.000021 0.000021 0.000021 0.000021
37 37 (0) 4 : 0.000021 0.999809 0.000021 0.000021 0.000021 0.000021 0.000021 0.000021 0.000021 0.000021
38 38 (0) 4 : 0.000027 0.999758 0.000027 0.000027 0.000027 0.000027 0.000027 0.000027 0.000027 0.000027
39 39 (0) 4 : 0.000022 0.999799 0.000022 0.000022 0.000022 0.000022 0.000022 0.000022 0.000022 0.000022
40 40 (0) 4 : 0.000021 0.999812 0.000021 0.000021 0.000021 0.000021 0.000021 0.000021 0.000021 0.000021
41 41 (0) 4 : 0.000030 0.999732 0.000030 0.000030 0.000030 0.000030 0.000030 0.000030 0.000030 0.000030
42 42 (0) 4 : 0.000029 0.999741 0.000029 0.000029 0.000029 0.000029 0.000029 0.000029 0.000029 0.000029
43 43 (0) 4 : 0.000030 0.999730 0.000030 0.000030 0.000030 0.000030 0.000030 0.000030 0.000030 0.000030
44 44 (0) 4 : 0.000029 0.999740 0.000029 0.000029 0.000029 0.000029 0.000029 0.000029 0.000029 0.000029
45 45 (0) 4 : 0.000029 0.999737 0.000029 0.000029 0.000029 0.000029 0.000029 0.000029 0.000029 0.000029
46 46 (0) 4 : 0.000029 0.888454 0.000029 0.000029 0.111315 0.000029 0.000029 0.000029 0.000029 0.000029
47 47 (0) 4 : 0.000030 0.999729 0.000030 0.000030 0.000030 0.000030 0.000030 0.000030 0.000030 0.000030
48 48 (0) 4 : 0.000028 0.496082 0.000028 0.000028 0.000028 0.000028 0.000028 0.000028 0.503690 0.000028
49 49 (0) 4 : 0.000028 0.999749 0.000028 0.000028 0.000028 0.000028 0.000028 0.000028 0.000028 0.000028
50 50 (0) 4 : 0.000029 0.999742 0.000029 0.000029 0.000029 0.000029 0.000029 0.000029 0.000029 0.000029
51 51 (0) 1 : 0.000019 0.000019 0.000019 0.000019 0.999829 0.000019 0.000019 0.000019 0.000019 0.000019
52 52 (0) 1 : 0.000020 0.000020 0.000020 0.000020 0.999820 0.000020 0.000020 0.000020 0.000020 0.000020
53 53 (0) 1 : 0.000032 0.000032 0.000032 0.000032 0.990690 0.000032 0.000032 0.000032 0.009053 0.000032
54 54 (0) 1 : 0.000022 0.481397 0.000022 0.000022 0.518425 0.000022 0.000022 0.000022 0.000022 0.000022
55 55 (0) 1 : 0.000034 0.274119 0.000034 0.000034 0.725606 0.000034 0.000034 0.000034 0.000034 0.000034
56 56 (0) 1 : 0.000022 0.494358 0.000022 0.000022 0.505469 0.000022 0.000022 0.000022 0.000022 0.000022
57 57 (0) 1 : 0.000021 0.403575 0.000021 0.000021 0.596260 0.000021 0.000021 0.000021 0.000021 0.000021
58 58 (0) 1 : 0.000028 0.371772 0.000028 0.000028 0.628006 0.000028 0.000028 0.000028 0.000028 0.000028
59 59 (0) 1 : 0.000027 0.000027 0.000027 0.000027 0.999756 0.000027 0.000027 0.000027 0.000027 0.000027
60 60 (0) 1 : 0.000028 0.000028 0.000028 0.000028 0.999749 0.000028 0.000028 0.000028 0.000028 0.000028
61 61 (0) 1 : 0.000019 0.000019 0.000019 0.000019 0.999825 0.000019 0.000019 0.000019 0.000019 0.000019
62 62 (0) 1 : 0.000025 0.035955 0.000025 0.000025 0.963847 0.000025 0.000025 0.000025 0.000025 0.000025
63 63 (0) 1 : 0.000026 0.000026 0.000026 0.000026 0.999767 0.000026 0.000026 0.000026 0.000026 0.000026
64 64 (0) 1 : 0.000029 0.000029 0.000029 0.000029 0.999741 0.000029 0.000029 0.000029 0.000029 0.000029
65 65 (0) 1 : 0.000028 0.000028 0.000028 0.000028 0.999745 0.000028 0.000028 0.000028 0.000028 0.000028
66 66 (0) 1 : 0.000031 0.000031 0.000031 0.000031 0.999717 0.000031 0.000031 0.000031 0.000031 0.000031
67 67 (0) 1 : 0.000028 0.000028 0.000028 0.000028 0.999751 0.000028 0.000028 0.000028 0.000028 0.000028
68 68 (0) 1 : 0.000032 0.000032 0.000032 0.000032 0.999712 0.000032 0.000032 0.000032 0.000032 0.000032
69 69 (0) 1 : 0.000034 0.000034 0.000034 0.000034 0.999692 0.000034 0.000034 0.000034 0.000034 0.000034
70 70 (0) 1 : 0.000026 0.000026 0.000026 0.000026 0.999765 0.000026 0.000026 0.000026 0.000026 0.000026
71 71 (0) 1 : 0.000031 0.000031 0.000031 0.000031 0.999723 0.000031 0.000031 0.000031 0.000031 0.000031
72 72 (0) 1 : 0.000030 0.000030 0.000030 0.000030 0.999731 0.000030 0.000030 0.000030 0.000030 0.000030
73 73 (0) 1 : 0.000028 0.000028 0.000028 0.000028 0.999750 0.000028 0.000028 0.000028 0.000028 0.000028
74 74 (0) 1 : 0.000020 0.000020 0.000020 0.000020 0.999822 0.000020 0.000020 0.000020 0.000020 0.000020
75 75 (0) 1 : 0.000019 0.000019 0.000019 0.000019 0.999825 0.000019 0.000019 0.000019 0.000019 0.000019
76 76 (0) 1 : 0.000038 0.000038 0.000038 0.000038 0.999654 0.000038 0.000038 0.000038 0.000038 0.000038
77 77 (0) 1 : 0.000030 0.000030 0.000030 0.000030 0.999728 0.000030 0.000030 0.000030 0.000030 0.000030
78 78 (0) 1 : 0.000030 0.000030 0.000030 0.000030 0.999733 0.000030 0.000030 0.000030 0.000030 0.000030
79 79 (0) 1 : 0.000025 0.214163 0.000025 0.000025 0.785640 0.000025 0.000025 0.000025 0.000025 0.000025
80 80 (0) 1 : 0.000019 0.000019 0.000019 0.000019 0.999825 0.000019 0.000019 0.000019 0.000019 0.000019
81 81 (0) 1 : 0.000019 0.000019 0.000019 0.000019 0.999825 0.000019 0.000019 0.000019 0.000019 0.000019
82 82 (0) 1 : 0.000022 0.000022 0.000022 0.000022 0.999804 0.000022 0.000022 0.000022 0.000022 0.000022
83 83 (0) 1 : 0.000028 0.000028 0.168288 0.000028 0.831486 0.000028 0.000028 0.000028 0.000028 0.000028
84 84 (0) 1 : 0.000039 0.000039 0.000039 0.000039 0.999653 0.000039 0.000039 0.000039 0.000039 0.000039
85 85 (0) 1 : 0.000020 0.000020 0.000020 0.000020 0.999822 0.000020 0.000020 0.000020 0.000020 0.000020
86 86 (0) 1 : 0.000019 0.000019 0.000019 0.000019 0.999825 0.000019 0.000019 0.000019 0.000019 0.000019
87 87 (0) 5 : 0.000030 0.000030 0.000030 0.000030 0.000030 0.000030 0.000030 0.000030 0.999729 0.000030
88 88 (0) 5 : 0.000026 0.000026 0.000026 0.000026 0.000026 0.000026 0.000026 0.000026 0.999766 0.000026
89 89 (0) 5 : 0.000020 0.000020 0.000020 0.000020 0.000020 0.000020 0.000020 0.000020 0.999816 0.000020
90 90 (0) 5 : 0.000030 0.000030 0.000030 0.000030 0.000030 0.000030 0.000030 0.000030 0.999729 0.000030
91 91 (0) 5 : 0.000028 0.000028 0.000028 0.000028 0.000028 0.000028 0.000028 0.000028 0.999744 0.000028
92 92 (0) 5 : 0.000023 0.000023 0.000023 0.000023 0.381213 0.000023 0.000023 0.000023 0.618603 0.000023
93 93 (0) 5 : 0.000032 0.000032 0.000032 0.000032 0.000032 0.000032 0.000032 0.000032 0.999711 0.000032
94 94 (0) 5 : 0.000024 0.000024 0.000024 0.000024 0.000024 0.000024 0.000024 0.000024 0.999784 0.000024
95 95 (0) 5 : 0.000031 0.000031 0.000031 0.000031 0.000031 0.000031 0.000031 0.000031 0.999722 0.000031
96 96 (0) 5 : 0.000027 0.000027 0.000027 0.000027 0.000027 0.000027 0.000027 0.000027 0.999753 0.000027
97 97 (0) 6 : 0.000027 0.000027 0.999754 0.000027 0.000027 0.000027 0.000027 0.000027 0.000027 0.000027
98 98 (0) 6 : 0.000026 0.000026 0.999764 0.000026 0.000026 0.000026 0.000026 0.000026 0.000026 0.000026
99 99 (0) 6 : 0.000026 0.000026 0.999762 0.000026 0.000026 0.000026 0.000026 0.000026 0.000026 0.000026
100 100 (0) 6 : 0.000021 0.000021 0.999807 0.000021 0.000021 0.000021 0.000021 0.000021 0.000021 0.000021
101 101 (0) 6 : 0.000021 0.000021 0.262955 0.000021 0.736874 0.000021 0.000021 0.000021 0.000021 0.000021
102 102 (0) 6 : 0.000020 0.000020 0.999819 0.000020 0.000020 0.000020 0.000020 0.000020 0.000020 0.000020
103 103 (0) 6 : 0.000027 0.000027 0.999757 0.000027 0.000027 0.000027 0.000027 0.000027 0.000027 0.000027
104 104 (0) 6 : 0.000028 0.000028 0.999744 0.000028 0.000028 0.000028 0.000028 0.000028 0.000028 0.000028
105 105 (0) 6 : 0.000028 0.000028 0.999749 0.000028 0.000028 0.000028 0.000028 0.000028 0.000028 0.000028
106 106 (0) 6 : 0.000031 0.000031 0.999717 0.000031 0.000031 0.000031 0.000031 0.000031 0.000031 0.000031
107 107 (0) 6 : 0.000028 0.000028 0.999748 0.000028 0.000028 0.000028 0.000028 0.000028 0.000028 0.000028
108 108 (0) 6 : 0.000030 0.000030 0.999734 0.000030 0.000030 0.000030 0.000030 0.000030 0.000030 0.000030
109 109 (0) 6 : 0.000029 0.000029 0.999740 0.000029 0.000029 0.000029 0.000029 0.000029 0.000029 0.000029
110 110 (0) 2 : 0.000022 0.000022 0.000022 0.000022 0.000022 0.000022 0.000022 0.000022 0.000022 0.999799
111 111 (0) 2 : 0.000029 0.000029 0.000029 0.000029 0.000029 0.000029 0.000029 0.000029 0.000029 0.999742
112 112 (0) 2 : 0.000029 0.000029 0.000029 0.000029 0.000029 0.000029 0.000029 0.000029 0.000029 0.999738
113 113 (0) 2 : 0.000027 0.000027 0.000027 0.000027 0.000027 0.000027 0.000027 0.000027 0.000027 0.999760
114 114 (0) 2 : 0.000028 0.000028 0.000028 0.000028 0.000028 0.000028 0.000028 0.000028 0.000028 0.999750
115 115 (0) 3 : 0.000020 0.000020 0.000020 0.000020 0.969487 0.000020 0.000020 0.000020 0.000020 0.030354
