1 1 (0) 1 : 0.000032 0.000032 0.000032 0.000032 0.000032 0.000032 0.000032 0.000032 0.999744
2 2 (0) 1 : 0.000031 0.000031 0.000031 0.000031 0.000031 0.000031 0.000031 0.000031 0.999755
3 3 (0) 1 : 0.000033 0.000033 0.000033 0.000033 0.000033 0.000033 0.000033 0.000033 0.999740
4 4 (0) 1 : 0.000033 0.000033 0.000033 0.000033 0.000033 0.000033 0.000033 0.000033 0.999739
5 5 (0) 1 : 0.000034 0.000034 0.000034 0.000034 0.000034 0.000034 0.000034 0.000034 0.999728
6 6 (0) 1 : 0.000033 0.000033 0.000033 0.000033 0.305594 0.000033 0.000033 0.000033 0.694176
7 7 (0) 1 : 0.000035 0.000035 0.000035 0.000035 0.999718 0.000035 0.000035 0.000035 0.000035
8 8 (0) 1 : 0.000025 0.000025 0.000025 0.000025 0.999801 0.000025 0.000025 0.000025 0.000025
9 9 (0) 1 : 0.000023 0.000023 0.000023 0.000023 0.999813 0.000023 0.000023 0.000023 0.000023
10 10 (0) 1 : 0.000027 0.000027 0.000027 0.000027 0.999782 0.000027 0.000027 0.000027 0.000027
11 11 (0) 1 : 0.000032 0.000032 0.000032 0.000032 0.999746 0.000032 0.000032 0.000032 0.000032
12 12 (0) 1 : 0.000026 0.000026 0.000026 0.000026 0.999792 0.000026 0.000026 0.000026 0.000026
13 13 (0) 1 : 0.000031 0.000031 0.000031 0.000031 0.999750 0.000031 0.000031 0.000031 0.000031
14 14 (0) 1 : 0.000032 0.000032 0.000032 0.000032 0.999748 0.000032 0.000032 0.000032 0.000032
15 15 (0) 1 : 0.000032 0.000032 0.000032 0.000032 0.999747 0.000032 0.000032 0.000032 0.000032
16 16 (0) 1 : 0.000033 0.000033 0.000033 0.000033 0.999733 0.000033 0.000033 0.000033 0.000033
17 17 (0) 1 : 0.000036 0.000036 0.000036 0.000036 0.999711 0.000036 0.000036 0.000036 0.000036
18 18 (0) 2 : 0.000025 0.000025 0.000025 0.000025 0.000025 0.000025 0.000025 0.000025 0.999804
19 19 (0) 2 : 0.000032 0.000032 0.000032 0.000032 0.000032 0.000032 0.000032 0.000032 0.999747
20 20 (0) 3 : 0.000025 0.000025 0.000025 0.000025 0.000025 0.000025 0.000025 0.000025 0.999801
21 21 (0) 3 : 0.000026 0.000026 0.000026 0.000026 0.000026 0.000026 0.000026 0.000026 0.999792
22 22 (0) 2 : 0.000032 0.000032 0.000032 0.000032 0.000032 0.000032 0.000032 0.000032 0.999743
23 23 (0) 2 : 0.000025 0.000025 0.000025 0.000025 0.000025 0.000025 0.000025 0.000025 0.999802
24 24 (0) 2 : 0.000024 0.000024 0.000024 0.000024 0.000024 0.000024 0.000024 0.000024 0.999808
25 25 (0) 4 : 0.000029 0.000029 0.999770 0.000029 0.000029 0.000029 0.000029 0.000029 0.000029
26 26 (0) 4 : 0.000025 0.000025 0.999799 0.000025 0.000025 0.000025 0.000025 0.000025 0.000025
27 27 (0) 4 : 0.000037 0.000037 0.999703 0.000037 0.000037 0.000037 0.000037 0.000037 0.000037
28 28 (0) 4 : 0.000033 0.000033 0.999738 0.000033 0.000033 0.000033 0.000033 0.000033 0.000033
29 29 (0) 4 : 0.000038 0.000038 0.999694 0.000038 0.000038 0.000038 0.000038 0.000038 0.000038
30 30 (0) 4 : 0.000043 0.000043 0.925453 0.000043 0.000043 0.000043 0.000043 0.000043 0.074248
31 31 (0) 4 : 0.000035 0.000035 0.999720 0.000035 0.000035 0.000035 0.000035 0.000035 0.000035
32 32 (0) 4 : 0.000037 0.000037 0.999708 0.000037 0.000037 0.000037 0.000037 0.000037 0.000037
33 33 (0) 4 : 0.000031 0.000031 0.999750 0.000031 0.000031 0.000031 0.000031 0.000031 0.000031
34 34 (0) 4 : 0.000024 0.000024 0.999808 0.000024 0.000024 0.000024 0.000024 0.000024 0.000024
35 35 (0) 4 : 0.000023 0.000023 0.946016 0.000023 0.000023 0.000023 0.000023 0.000023 0.053822
36 36 (0) 4 : 0.000023 0.000023 0.999815 0.000023 0.000023 0.000023 0.000023 0.000023 0.000023
37 37 (0) 4 : 0.000024 0.000024 0.999812 0.000024 0.000024 0.000024 0.000024 0.000024 0.000024
38 38 (0) 4 : 0.000030 0.000030 0.999761 0.000030 0.000030 0.000030 0.000030 0.000030 0.000030
39 39 (0) 4 : 0.000025 0.000025 0.999802 0.000025 0.000025 0.000025 0.000025 0.000025 0.000025
40 40 (0) 4 : 0.000023 0.000023 0.999815 0.000023 0.000023 0.000023 0.000023 0.000023 0.000023
41 41 (0) 4 : 0.000033 0.000033 0.999736 0.000033 0.000033 0.000033 0.000033 0.000033 0.000033
42 42 (0) 4 : 0.000032 0.000032 0.999745 0.000032 0.000032 0.000032 0.000032 0.000032 0.000032
43 43 (0) 4 : 0.000033 0.000033 0.999734 0.000033 0.000033 0.000033 0.000033 0.000033 0.000033
44 44 (0) 4 : 0.000032 0.000032 0.999744 0.000032 0.000032 0.000032 0.000032 0.000032 0.000032
45 45 (0) 4 : 0.000032 0.000032 0.999741 0.000032 0.000032 0.000032 0.000032 0.000032 0.000032
46 46 (0) 4 : 0.000032 0.000032 0.999743 0.000032 0.000032 0.000032 0.000032 0.000032 0.000032
47 47 (0) 4 : 0.000033 0.000033 0.999733 0.000033 0.000033 0.000033 0.000033 0.000033 0.000033
48 48 (0) 4 : 0.000031 0.000031 0.959856 0.000031 0.000032 0.000031 0.000031 0.000031 0.039923
49 49 (0) 4 : 0.000031 0.000031 0.999753 0.000031 0.000031 0.000031 0.000031 0.000031 0.000031
50 50 (0) 4 : 0.000032 0.000032 0.999746 0.000032 0.000032 0.000032 0.000032 0.000032 0.000032
51 51 (0) 1 : 0.000021 0.000021 0.000021 0.000021 0.000021 0.000021 0.000021 0.000021 0.999832
52 52 (0) 1 : 0.000022 0.000022 0.000022 0.000022 0.000022 0.000022 0.000022 0.000022 0.999822
53 53 (0) 1 : 0.000036 0.000036 0.085198 0.000036 0.398878 0.000036 0.000036 0.000036 0.515710
54 54 (0) 1 : 0.000025 0.000025 0.561086 0.000025 0.158330 0.000025 0.000025 0.000025 0.280436
55 55 (0) 1 : 0.000038 0.000038 0.358754 0.000038 0.000038 0.000038 0.000038 0.000038 0.640979
56 56 (0) 1 : 0.000024 0.000024 0.570919 0.000024 0.000024 0.000024 0.000024 0.000024 0.428914
57 57 (0) 1 : 0.000023 0.000023 0.523001 0.000023 0.000023 0.000023 0.000023 0.000023 0.476839
58 58 (0) 1 : 0.000031 0.000031 0.388565 0.000031 0.000031 0.000031 0.000031 0.000031 0.611219
59 59 (0) 1 : 0.000030 0.000030 0.000030 0.000030 0.890420 0.000030 0.000030 0.000030 0.109371
60 60 (0) 1 : 0.000031 0.000031 0.000031 0.000031 0.999753 0.000031 0.000031 0.000031 0.000031
61 61 (0) 1 : 0.000022 0.000022 0.000022 0.000022 0.999827 0.000022 0.000022 0.000022 0.000022
62 62 (0) 1 : 0.000027 0.000027 0.166092 0.000027 0.833716 0.000027 0.000027 0.000027 0.000027
63 63 (0) 1 : 0.000029 0.000029 0.062692 0.000029 0.937107 0.000029 0.000029 0.000029 0.000029
64 64 (0) 1 : 0.000032 0.000032 0.000032 0.000032 0.999744 0.000032 0.000032 0.000032 0.000032
65 65 (0) 1 : 0.000031 0.000031 0.000031 0.000031 0.999749 0.000031 0.000031 0.000031 0.000031
66 66 (0) 1 : 0.000035 0.000035 0.000035 0.000035 0.999722 0.000035 0.000035 0.000035 0.000035
67 67 (0) 1 : 0.000031 0.000031 0.000031 0.000031 0.999754 0.000031 0.000031 0.000031 0.000031
68 68 (0) 1 : 0.000036 0.000036 0.000036 0.000036 0.999715 0.000036 0.000036 0.000036 0.000036
69 69 (0) 1 : 0.000038 0.000038 0.000038 0.000038 0.999696 0.000038 0.000038 0.000038 0.000038
70 70 (0) 1 : 0.000029 0.000029 0.000029 0.000029 0.999768 0.000029 0.000029 0.000029 0.000029
71 71 (0) 1 : 0.000034 0.000034 0.000034 0.000034 0.999728 0.000034 0.000034 0.000034 0.000034
72 72 (0) 1 : 0.000033 0.000033 0.000033 0.000033 0.999734 0.000033 0.000033 0.000033 0.000033
73 73 (0) 1 : 0.000031 0.000031 0.000031 0.000031 0.999752 0.000031 0.000031 0.000031 0.000031
74 74 (0) 1 : 0.000022 0.000022 0.000022 0.000022 0.999824 0.000022 0.000022 0.000022 0.000022
75 75 (0) 1 : 0.000022 0.000022 0.000022 0.000022 0.999827 0.000022 0.000022 0.000022 0.000022
76 76 (0) 1 : 0.000043 0.000043 0.000043 0.000043 0.999659 0.000043 0.000043 0.000043 0.000043
77 77 (0) 1 : 0.000033 0.000033 0.000033 0.000033 0.999732 0.000033 0.000033 0.000033 0.000033
78 78 (0) 1 : 0.000033 0.000033 0.000033 0.000033 0.999737 0.000033 0.000033 0.000033 0.000033
79 79 (0) 1 : 0.000027 0.000027 0.186761 0.000027 0.000027 0.000027 0.000027 0.000027 0.813048
80 80 (0) 1 : 0.000022 0.000022 0.000022 0.000022 0.658984 0.000022 0.000022 0.000022 0.340865
81 81 (0) 1 : 0.000022 0.000022 0.000022 0.000022 0.000022 0.000022 0.000022 0.000022 0.999827
82 82 (0) 1 : 0.000024 0.000024 0.000024 0.000024 0.708280 0.000024 0.000024 0.000024 0.291551
83 83 (0) 1 : 0.000031 0.000031 0.000031 0.000031 0.000031 0.000031 0.000031 0.000031 0.999750
84 84 (0) 1 : 0.000043 0.000043 0.000043 0.000043 0.000043 0.000043 0.000043 0.000043 0.999659
85 85 (0) 1 : 0.000022 0.000022 0.000022 0.000022 0.999824 0.000022 0.000022 0.000022 0.000022
86 86 (0) 1 : 0.000022 0.000022 0.000022 0.000022 0.606447 0.000022 0.000022 0.000022 0.393402
87 87 (0) 5 : 0.000033 0.000033 0.610772 0.000033 0.000033 0.000033 0.000033 0.000033 0.388994
88 88 (0) 5 : 0.000029 0.000029 0.684014 0.000029 0.000029 0.000029 0.000029 0.000029 0.315784
89 89 (0) 5 : 0.000023 0.000023 0.492962 0.000023 0.000023 0.000023 0.000023 0.000023 0.506880
90 90 (0) 5 : 0.000033 0.000033 0.949409 0.000033 0.050358 0.000033 0.000033 0.000033 0.000033
91 91 (0) 5 : 0.000032 0.000032 0.999748 0.000032 0.000032 0.000032 0.000032 0.000032 0.000032
92 92 (0) 5 : 0.000026 0.000026 0.696409 0.000026 0.000026 0.000026 0.000026 0.000026 0.303412
93 93 (0) 5 : 0.000035 0.000035 0.872361 0.000035 0.127391 0.000035 0.000035 0.000035 0.000035
94 94 (0) 5 : 0.000027 0.000027 0.816170 0.000027 0.000027 0.000027 0.000027 0.000027 0.183644
95 95 (0) 5 : 0.000034 0.000034 0.999726 0.000034 0.000034 0.000034 0.000034 0.000034 0.000034
96 96 (0) 5 : 0.000030 0.000030 0.866567 0.000030 0.000030 0.000030 0.000030 0.000030 0.133221
97 97 (0) 6 : 0.000030 0.000030 0.000030 0.000030 0.000030 0.000030 0.000030 0.000030 0.999758
98 98 (0) 6 : 0.000029 0.000029 0.000029 0.000029 0.000029 0.000029 0.000029 0.000029 0.999767
99 99 (0) 6 : 0.000029 0.000029 0.000029 0.000029 0.000029 0.000029 0.000029 0.000029 0.999765
100 100 (0) 6 : 0.000024 0.000024 0.000024 0.000024 0.000024 0.000024 0.000024 0.000024 0.999810
101 101 (0) 6 : 0.000024 0.000024 0.000024 0.000024 0.000024 0.000024 0.000024 0.000024 0.999811
102 102 (0) 6 : 0.000022 0.000022 0.000022 0.000022 0.000022 0.000022 0.000022 0.000022 0.999822
103 103 (0) 6 : 0.000030 0.000030 0.000030 0.000030 0.000030 0.000030 0.000030 0.000030 0.999761
104 104 (0) 6 : 0.000032 0.000032 0.000032 0.000032 0.000032 0.000032 0.000032 0.000032 0.999748
105 105 (0) 6 : 0.000031 0.000031 0.000031 0.000031 0.000031 0.000031 0.000031 0.000031 0.999753
106 106 (0) 6 : 0.000035 0.000035 0.000035 0.000035 0.000035 0.000035 0.000035 0.000035 0.999721
107 107 (0) 6 : 0.000031 0.000031 0.000031 0.000031 0.000031 0.000031 0.000031 0.000031 0.999752
108 108 (0) 6 : 0.000033 0.000033 0.000033 0.000033 0.000033 0.000033 0.000033 0.000033 0.999739
109 109 (0) 6 : 0.000032 0.000032 0.000032 0.000032 0.000032 0.000032 0.000032 0.000032 0.999744
110 110 (0) 2 : 0.000025 0.000025 0.000025 0.000025 0.000025 0.000025 0.000025 0.000025 0.999803
111 111 (0) 2 : 0.000032 0.000032 0.000032 0.000032 0.000032 0.000032 0.000032 0.000032 0.999746
112 112 (0) 2 : 0.000032 0.000032 0.000032 0.000032 0.000032 0.000032 0.000032 0.000032 0.999743
113 113 (0) 2 : 0.000029 0.000029 0.000030 0.000029 0.000030 0.000029 0.000029 0.000029 0.999764
114 114 (0) 2 : 0.000031 0.000031 0.000031 0.000031 0.000031 0.000031 0.000031 0.000031 0.999754
115 115 (0) 3 : 0.000022 0.000022 0.000022 0.000022 0.000022 0.000022 0.000022 0.000022 0.999825
