1 1 (0) 1 : 0.999765 0.000059 0.000059 0.000059 0.000059
2 2 (0) 1 : 0.999775 0.000056 0.000056 0.000057 0.000057
3 3 (0) 1 : 0.999761 0.000060 0.000060 0.000060 0.000060
4 4 (0) 1 : 0.999760 0.000060 0.000060 0.000060 0.000060
5 5 (0) 1 : 0.999740 0.000062 0.000062 0.000063 0.000072
6 6 (0) 1 : 0.999758 0.000060 0.000060 0.000061 0.000061
7 7 (0) 1 : 0.999741 0.000064 0.000064 0.000065 0.000065
8 8 (0) 1 : 0.999818 0.000045 0.000045 0.000046 0.000046
9 9 (0) 1 : 0.999829 0.000043 0.000043 0.000043 0.000043
10 10 (0) 1 : 0.999800 0.000050 0.000050 0.000050 0.000050
11 11 (0) 1 : 0.999767 0.000058 0.000058 0.000059 0.000058
12 12 (0) 1 : 0.999808 0.000048 0.000048 0.000048 0.000048
13 13 (0) 1 : 0.999771 0.000057 0.000057 0.000058 0.000058
14 14 (0) 1 : 0.999769 0.000057 0.000057 0.000058 0.000058
15 15 (0) 1 : 0.999768 0.000058 0.000058 0.000058 0.000058
16 16 (0) 1 : 0.999755 0.000061 0.000061 0.000062 0.000062
17 17 (0) 1 : 0.999735 0.000066 0.000066 0.000067 0.000066
18 18 (0) 2 : 0.000045 0.000045 0.000045 0.000045 0.999820
19 19 (0) 2 : 0.000059 0.000058 0.000058 0.000059 0.999767
20 20 (0) 3 : 0.952681 0.000046 0.000046 0.000046 0.047181
21 21 (0) 3 : 0.955905 0.000048 0.000048 0.000048 0.043951
22 22 (0) 2 : 0.000060 0.000059 0.000059 0.000060 0.999763
23 23 (0) 2 : 0.000046 0.000045 0.000045 0.000046 0.999817
24 24 (0) 2 : 0.000045 0.000044 0.000044 0.000045 0.999823
25 25 (0) 4 : 0.089307 0.000052 0.000052 0.910535 0.000053
26 26 (0) 4 : 0.000047 0.000046 0.000046 0.999815 0.000046
27 27 (0) 4 : 0.000068 0.000067 0.000067 0.999728 0.000068
28 28 (0) 4 : 0.000060 0.000059 0.000059 0.999761 0.000060
29 29 (0) 4 : 0.000071 0.000070 0.000070 0.999718 0.000071
30 30 (0) 4 : 0.106132 0.000078 0.000078 0.893633 0.000079
31 31 (0) 4 : 0.000064 0.000064 0.000064 0.999744 0.000064
32 32 (0) 4 : 0.000068 0.000067 0.000067 0.999731 0.000068
33 33 (0) 4 : 0.000058 0.000057 0.000057 0.999771 0.000058
34 34 (0) 4 : 0.000044 0.000044 0.000044 0.999824 0.000044
35 35 (0) 4 : 0.078243 0.000042 0.000042 0.921630 0.000043
36 36 (0) 4 : 0.000043 0.000042 0.000042 0.999830 0.000043
37 37 (0) 4 : 0.000044 0.000043 0.000043 0.999827 0.000044
38 38 (0) 4 : 0.000055 0.000054 0.000054 0.999781 0.000055
39 39 (0) 4 : 0.000046 0.000045 0.000045 0.999818 0.000046
40 40 (0) 4 : 0.000043 0.000042 0.000042 0.999831 0.000043
41 41 (0) 4 : 0.000061 0.000060 0.000060 0.999758 0.000061
42 42 (0) 4 : 0.000059 0.000058 0.000058 0.999766 0.000059
43 43 (0) 4 : 0.000062 0.000061 0.000061 0.999756 0.000061
44 44 (0) 4 : 0.000059 0.000058 0.000058 0.999765 0.000059
45 45 (0) 4 : 0.000060 0.000059 0.000059 0.999762 0.000060
46 46 (0) 4 : 0.000060 0.000059 0.000059 0.999763 0.000059
47 47 (0) 4 : 0.000062 0.000061 0.000061 0.999755 0.000062
48 48 (0) 4 : 0.000059 0.000058 0.000058 0.999767 0.000059
49 49 (0) 4 : 0.000057 0.000056 0.000056 0.999773 0.000057
50 50 (0) 4 : 0.000059 0.000058 0.000058 0.999767 0.000059
51 51 (0) 1 : 0.999845 0.000039 0.000039 0.000039 0.000039
52 52 (0) 1 : 0.999837 0.000041 0.000041 0.000041 0.000041
53 53 (0) 1 : 0.679044 0.000065 0.000065 0.320760 0.000066
54 54 (0) 1 : 0.396478 0.000045 0.000045 0.603386 0.000046
55 55 (0) 1 : 0.664038 0.000070 0.000070 0.335752 0.000071
56 56 (0) 1 : 0.459312 0.000044 0.000044 0.540556 0.000044
57 57 (0) 1 : 0.480282 0.000042 0.000042 0.519592 0.000042
58 58 (0) 1 : 0.579460 0.000056 0.000056 0.420370 0.000057
59 59 (0) 1 : 0.983008 0.000055 0.000055 0.016826 0.000055
60 60 (0) 1 : 0.999773 0.000056 0.000056 0.000057 0.000057
61 61 (0) 1 : 0.999841 0.000039 0.000039 0.000040 0.000040
62 62 (0) 1 : 0.841031 0.000050 0.000050 0.158818 0.000051
63 63 (0) 1 : 0.877156 0.000053 0.000053 0.122686 0.000053
64 64 (0) 1 : 0.999752 0.000058 0.000058 0.000059 0.000072
65 65 (0) 1 : 0.999771 0.000057 0.000057 0.000058 0.000057
66 66 (0) 1 : 0.999744 0.000064 0.000064 0.000064 0.000064
67 67 (0) 1 : 0.999774 0.000056 0.000056 0.000057 0.000057
68 68 (0) 1 : 0.999738 0.000065 0.000065 0.000066 0.000066
69 69 (0) 1 : 0.999722 0.000069 0.000069 0.000070 0.000069
70 70 (0) 1 : 0.999787 0.000053 0.000053 0.000054 0.000054
71 71 (0) 1 : 0.999750 0.000062 0.000062 0.000063 0.000063
72 72 (0) 1 : 0.999757 0.000061 0.000061 0.000061 0.000061
73 73 (0) 1 : 0.999772 0.000057 0.000057 0.000057 0.000057
74 74 (0) 1 : 0.999836 0.000040 0.000040 0.000040 0.000043
75 75 (0) 1 : 0.999841 0.000039 0.000039 0.000040 0.000040
76 76 (0) 1 : 0.999687 0.000078 0.000078 0.000079 0.000079
77 77 (0) 1 : 0.999755 0.000061 0.000061 0.000062 0.000061
78 78 (0) 1 : 0.999758 0.000060 0.000060 0.000061 0.000061
79 79 (0) 1 : 0.698347 0.000050 0.000050 0.301502 0.000051
80 80 (0) 1 : 0.999842 0.000039 0.000039 0.000040 0.000040
81 81 (0) 1 : 0.999841 0.000040 0.000040 0.000040 0.000040
82 82 (0) 1 : 0.999822 0.000044 0.000044 0.000045 0.000045
83 83 (0) 1 : 0.999769 0.000057 0.000057 0.000058 0.000058
84 84 (0) 1 : 0.955043 0.000078 0.000078 0.044721 0.000079
85 85 (0) 1 : 0.999839 0.000040 0.000040 0.000041 0.000041
86 86 (0) 1 : 0.999841 0.000039 0.000039 0.000040 0.000040
87 87 (0) 5 : 0.326296 0.000061 0.000061 0.673519 0.000062
88 88 (0) 5 : 0.295699 0.000053 0.000053 0.704143 0.000053
89 89 (0) 5 : 0.441161 0.000042 0.000042 0.558714 0.000042
90 90 (0) 5 : 0.128426 0.000061 0.000061 0.871390 0.000062
91 91 (0) 5 : 0.000058 0.000058 0.000058 0.999768 0.000058
92 92 (0) 5 : 0.299239 0.000047 0.000047 0.700621 0.000047
93 93 (0) 5 : 0.179911 0.000065 0.000065 0.819893 0.000066
94 94 (0) 5 : 0.204352 0.000048 0.000048 0.795503 0.000049
95 95 (0) 5 : 0.000063 0.000063 0.000063 0.999748 0.000063
96 96 (0) 5 : 0.171326 0.000056 0.000056 0.828506 0.000056
97 97 (0) 6 : 0.999778 0.000055 0.000055 0.000056 0.000056
98 98 (0) 6 : 0.999785 0.000053 0.000053 0.000054 0.000054
99 99 (0) 6 : 0.999785 0.000053 0.000053 0.000054 0.000054
100 100 (0) 6 : 0.999826 0.000043 0.000043 0.000044 0.000043
101 101 (0) 6 : 0.999826 0.000043 0.000043 0.000044 0.000044
102 102 (0) 6 : 0.999836 0.000041 0.000041 0.000041 0.000041
103 103 (0) 6 : 0.999782 0.000054 0.000054 0.000055 0.000054
104 104 (0) 6 : 0.999769 0.000057 0.000057 0.000058 0.000058
105 105 (0) 6 : 0.999773 0.000056 0.000056 0.000057 0.000057
106 106 (0) 6 : 0.999744 0.000063 0.000063 0.000064 0.000064
107 107 (0) 6 : 0.999772 0.000057 0.000057 0.000057 0.000057
108 108 (0) 6 : 0.999760 0.000060 0.000060 0.000060 0.000060
109 109 (0) 6 : 0.999765 0.000058 0.000058 0.000059 0.000059
110 110 (0) 2 : 0.000046 0.000045 0.000045 0.000046 0.999818
111 111 (0) 2 : 0.000059 0.000058 0.000058 0.000059 0.999767
112 112 (0) 2 : 0.000060 0.000059 0.000059 0.000060 0.999763
113 113 (0) 2 : 0.000055 0.000054 0.000054 0.000055 0.999783
114 114 (0) 2 : 0.000057 0.000056 0.000056 0.000057 0.999774
115 115 (0) 3 : 0.929487 0.000040 0.000040 0.000041 0.070392
1 1 (0) 1 : 0.000059 0.999763 0.000059 0.000061 0.000059
2 2 (0) 1 : 0.000056 0.999774 0.000056 0.000058 0.000056
3 3 (0) 1 : 0.000060 0.999761 0.000060 0.000060 0.000060
4 4 (0) 1 : 0.000060 0.999760 0.000060 0.000060 0.000060
5 5 (0) 1 : 0.000062 0.999746 0.000062 0.000066 0.000063
6 6 (0) 1 : 0.000060 0.999758 0.000060 0.000061 0.000061
7 7 (0) 1 : 0.000064 0.999740 0.000064 0.000066 0.000065
8 8 (0) 1 : 0.000045 0.999815 0.000045 0.000048 0.000046
9 9 (0) 1 : 0.000043 0.999826 0.000043 0.000046 0.000043
10 10 (0) 1 : 0.000050 0.999797 0.000050 0.000053 0.000050
11 11 (0) 1 : 0.000058 0.999765 0.000058 0.000060 0.000059
12 12 (0) 1 : 0.000048 0.999804 0.000048 0.000052 0.000048
13 13 (0) 1 : 0.000057 0.999769 0.000057 0.000059 0.000058
14 14 (0) 1 : 0.000057 0.999767 0.000057 0.000060 0.000058
15 15 (0) 1 : 0.000058 0.999766 0.000058 0.000061 0.000058
16 16 (0) 1 : 0.000061 0.999754 0.000061 0.000063 0.000061
17 17 (0) 1 : 0.000066 0.999733 0.000066 0.000069 0.000067
18 18 (0) 2 : 0.000045 0.000046 0.000045 0.000052 0.999813
19 19 (0) 2 : 0.000058 0.000059 0.000058 0.000069 0.999757
20 20 (0) 3 : 0.000046 0.953445 0.000046 0.000045 0.046419
21 21 (0) 3 : 0.000048 0.956744 0.000048 0.000047 0.043114
22 22 (0) 2 : 0.000059 0.000060 0.000059 0.000063 0.999759
23 23 (0) 2 : 0.000045 0.000046 0.000045 0.000053 0.999810
24 24 (0) 2 : 0.000044 0.000044 0.000044 0.000050 0.999818
25 25 (0) 4 : 0.000052 0.097075 0.000052 0.902767 0.000053
26 26 (0) 4 : 0.000046 0.000046 0.000046 0.999815 0.000046
27 27 (0) 4 : 0.000067 0.000068 0.000067 0.999729 0.000068
28 28 (0) 4 : 0.000059 0.000060 0.000059 0.999761 0.000060
29 29 (0) 4 : 0.000070 0.000071 0.000070 0.999719 0.000071
30 30 (0) 4 : 0.000078 0.108875 0.000078 0.890890 0.000079
31 31 (0) 4 : 0.000064 0.000064 0.000064 0.999744 0.000064
32 32 (0) 4 : 0.000067 0.000067 0.000067 0.999732 0.000067
33 33 (0) 4 : 0.000057 0.000058 0.000057 0.999771 0.000058
34 34 (0) 4 : 0.000044 0.000044 0.000044 0.999824 0.000044
35 35 (0) 4 : 0.000042 0.086071 0.000042 0.913802 0.000043
36 36 (0) 4 : 0.000042 0.000043 0.000042 0.999830 0.000043
37 37 (0) 4 : 0.000043 0.000043 0.000043 0.999827 0.000043
38 38 (0) 4 : 0.000054 0.000055 0.000054 0.999781 0.000055
39 39 (0) 4 : 0.000045 0.000046 0.000045 0.999819 0.000046
40 40 (0) 4 : 0.000042 0.000043 0.000042 0.999831 0.000043
41 41 (0) 4 : 0.000060 0.000061 0.000060 0.999758 0.000061
42 42 (0) 4 : 0.000058 0.000059 0.000058 0.999766 0.000059
43 43 (0) 4 : 0.000061 0.000061 0.000061 0.999756 0.000061
44 44 (0) 4 : 0.000058 0.000059 0.000058 0.999765 0.000059
45 45 (0) 4 : 0.000059 0.000060 0.000059 0.999762 0.000060
46 46 (0) 4 : 0.000059 0.000059 0.000059 0.999764 0.000059
47 47 (0) 4 : 0.000061 0.000062 0.000061 0.999755 0.000062
48 48 (0) 4 : 0.000058 0.088944 0.000058 0.910882 0.000058
49 49 (0) 4 : 0.000056 0.000057 0.000056 0.999773 0.000057
50 50 (0) 4 : 0.000058 0.000058 0.000058 0.999767 0.000058
51 51 (0) 1 : 0.000039 0.999840 0.000039 0.000045 0.000039
52 52 (0) 1 : 0.000041 0.999830 0.000041 0.000048 0.000041
53 53 (0) 1 : 0.000066 0.682713 0.000066 0.317090 0.000065
54 54 (0) 1 : 0.000045 0.400312 0.000045 0.599553 0.000046
55 55 (0) 1 : 0.000070 0.667214 0.000070 0.332576 0.000071
56 56 (0) 1 : 0.000044 0.462613 0.000044 0.537255 0.000044
57 57 (0) 1 : 0.000042 0.484873 0.000042 0.515001 0.000042
58 58 (0) 1 : 0.000056 0.583979 0.000056 0.415852 0.000057
59 59 (0) 1 : 0.000055 0.983264 0.000055 0.016572 0.000054
60 60 (0) 1 : 0.000056 0.999770 0.000056 0.000061 0.000057
61 61 (0) 1 : 0.000039 0.999837 0.000039 0.000045 0.000040
62 62 (0) 1 : 0.000050 0.842412 0.000050 0.157437 0.000051
63 63 (0) 1 : 0.000053 0.878001 0.000053 0.121841 0.000053
64 64 (0) 1 : 0.000058 0.999763 0.000058 0.000061 0.000059
65 65 (0) 1 : 0.000057 0.999768 0.000057 0.000059 0.000058
66 66 (0) 1 : 0.000064 0.999740 0.000064 0.000068 0.000064
67 67 (0) 1 : 0.000056 0.999772 0.000056 0.000059 0.000057
68 68 (0) 1 : 0.000065 0.999736 0.000065 0.000068 0.000066
69 69 (0) 1 : 0.000069 0.999719 0.000069 0.000072 0.000070
70 70 (0) 1 : 0.000053 0.999785 0.000053 0.000056 0.000054
71 71 (0) 1 : 0.000062 0.999744 0.000062 0.000069 0.000063
72 72 (0) 1 : 0.000061 0.999755 0.000061 0.000063 0.000061
73 73 (0) 1 : 0.000057 0.999770 0.000057 0.000059 0.000057
74 74 (0) 1 : 0.000040 0.999835 0.000040 0.000045 0.000040
75 75 (0) 1 : 0.000039 0.999838 0.000039 0.000043 0.000040
76 76 (0) 1 : 0.000078 0.999684 0.000078 0.000081 0.000079
77 77 (0) 1 : 0.000061 0.999752 0.000061 0.000064 0.000062
78 78 (0) 1 : 0.000060 0.999757 0.000060 0.000062 0.000061
79 79 (0) 1 : 0.000050 0.702038 0.000050 0.297812 0.000050
80 80 (0) 1 : 0.000039 0.999835 0.000039 0.000047 0.000040
81 81 (0) 1 : 0.000040 0.999841 0.000040 0.000040 0.000040
82 82 (0) 1 : 0.000044 0.999816 0.000044 0.000051 0.000045
83 83 (0) 1 : 0.000057 0.999771 0.000057 0.000058 0.000056
84 84 (0) 1 : 0.000078 0.956172 0.000078 0.043589 0.000082
85 85 (0) 1 : 0.000040 0.999836 0.000040 0.000043 0.000041
86 86 (0) 1 : 0.000039 0.999834 0.000039 0.000047 0.000040
87 87 (0) 5 : 0.000061 0.335341 0.000061 0.664475 0.000062
88 88 (0) 5 : 0.000053 0.305132 0.000053 0.694710 0.000053
89 89 (0) 5 : 0.000042 0.448889 0.000042 0.550986 0.000042
90 90 (0) 5 : 0.000061 0.133537 0.000061 0.866280 0.000061
91 91 (0) 5 : 0.000058 0.000058 0.000058 0.999768 0.000058
92 92 (0) 5 : 0.000047 0.308636 0.000047 0.691223 0.000047
93 93 (0) 5 : 0.000065 0.193391 0.000065 0.806414 0.000065
94 94 (0) 5 : 0.000048 0.210266 0.000048 0.789588 0.000049
95 95 (0) 5 : 0.000063 0.000063 0.000063 0.999749 0.000063
96 96 (0) 5 : 0.000056 0.179181 0.000056 0.820652 0.000056
97 97 (0) 6 : 0.000055 0.999776 0.000055 0.000058 0.000056
98 98 (0) 6 : 0.000053 0.999783 0.000053 0.000056 0.000054
99 99 (0) 6 : 0.000053 0.999783 0.000053 0.000056 0.000054
100 100 (0) 6 : 0.000043 0.999821 0.000043 0.000049 0.000044
101 101 (0) 6 : 0.000043 0.999824 0.000043 0.000046 0.000044
102 102 (0) 6 : 0.000041 0.999832 0.000041 0.000046 0.000041
103 103 (0) 6 : 0.000054 0.999780 0.000054 0.000056 0.000055
104 104 (0) 6 : 0.000057 0.999768 0.000057 0.000059 0.000058
105 105 (0) 6 : 0.000056 0.999773 0.000056 0.000057 0.000057
106 106 (0) 6 : 0.000063 0.999742 0.000063 0.000067 0.000064
107 107 (0) 6 : 0.000057 0.999770 0.000057 0.000059 0.000057
108 108 (0) 6 : 0.000060 0.999759 0.000060 0.000061 0.000060
109 109 (0) 6 : 0.000058 0.999765 0.000058 0.000059 0.000059
110 110 (0) 2 : 0.000045 0.163044 0.000045 0.000049 0.836817
111 111 (0) 2 : 0.000058 0.000060 0.000058 0.000063 0.999762
112 112 (0) 2 : 0.000059 0.109073 0.000059 0.000063 0.890746
113 113 (0) 2 : 0.000054 0.000054 0.000054 0.000054 0.999784
114 114 (0) 2 : 0.000056 0.000057 0.000056 0.000066 0.999765
115 115 (0) 3 : 0.000040 0.930745 0.000040 0.000041 0.069134
1 1 (0) 1 : 0.999764 0.000059 0.000059 0.000059 0.000059
2 2 (0) 1 : 0.999775 0.000057 0.000056 0.000057 0.000056
3 3 (0) 1 : 0.999761 0.000060 0.000060 0.000060 0.000060
4 4 (0) 1 : 0.999760 0.000060 0.000060 0.000060 0.000060
5 5 (0) 1 : 0.999749 0.000063 0.000062 0.000063 0.000062
6 6 (0) 1 : 0.999758 0.000061 0.000060 0.000061 0.000060
7 7 (0) 1 : 0.999741 0.000065 0.000064 0.000065 0.000064
8 8 (0) 1 : 0.999818 0.000046 0.000045 0.000046 0.000045
9 9 (0) 1 : 0.999829 0.000043 0.000043 0.000043 0.000043
10 10 (0) 1 : 0.999799 0.000051 0.000050 0.000050 0.000050
11 11 (0) 1 : 0.999766 0.000059 0.000058 0.000059 0.000058
12 12 (0) 1 : 0.999808 0.000048 0.000048 0.000048 0.000048
13 13 (0) 1 : 0.999771 0.000058 0.000057 0.000058 0.000057
14 14 (0) 1 : 0.999769 0.000058 0.000057 0.000058 0.000057
15 15 (0) 1 : 0.999768 0.000058 0.000058 0.000058 0.000058
16 16 (0) 1 : 0.999755 0.000062 0.000061 0.000062 0.000061
17 17 (0) 1 : 0.999735 0.000067 0.000066 0.000067 0.000066
18 18 (0) 2 : 0.000045 0.999820 0.000045 0.000045 0.000045
19 19 (0) 2 : 0.000059 0.999767 0.000058 0.000059 0.000058
20 20 (0) 3 : 0.999816 0.000046 0.000046 0.000046 0.000046
21 21 (0) 3 : 0.999808 0.000048 0.000048 0.000048 0.000048
22 22 (0) 2 : 0.000060 0.999763 0.000059 0.000060 0.000059
23 23 (0) 2 : 0.000046 0.999817 0.000045 0.000046 0.000045
24 24 (0) 2 : 0.000045 0.999823 0.000044 0.000045 0.000044
25 25 (0) 4 : 0.000053 0.000053 0.000052 0.999789 0.000052
26 26 (0) 4 : 0.000047 0.000046 0.000046 0.999815 0.000046
27 27 (0) 4 : 0.000068 0.000068 0.000067 0.999728 0.000067
28 28 (0) 4 : 0.000060 0.000060 0.000059 0.999761 0.000059
29 29 (0) 4 : 0.000071 0.000071 0.000070 0.999718 0.000070
30 30 (0) 4 : 0.104634 0.000079 0.000078 0.895131 0.000078
31 31 (0) 4 : 0.000064 0.000064 0.000064 0.999744 0.000064
32 32 (0) 4 : 0.000068 0.000068 0.000067 0.999731 0.000067
33 33 (0) 4 : 0.000058 0.000058 0.000057 0.999771 0.000057
34 34 (0) 4 : 0.000044 0.000044 0.000044 0.999824 0.000044
35 35 (0) 4 : 0.000043 0.000043 0.000042 0.999830 0.000042
36 36 (0) 4 : 0.000043 0.000043 0.000042 0.999830 0.000042
37 37 (0) 4 : 0.000044 0.000044 0.000043 0.999827 0.000043
38 38 (0) 4 : 0.000055 0.000055 0.000054 0.999781 0.000054
39 39 (0) 4 : 0.000046 0.000046 0.000045 0.999818 0.000045
40 40 (0) 4 : 0.000043 0.000043 0.000042 0.999830 0.000042
41 41 (0) 4 : 0.000061 0.000061 0.000060 0.999758 0.000060
42 42 (0) 4 : 0.000059 0.000059 0.000058 0.999766 0.000058
43 43 (0) 4 : 0.000062 0.000061 0.000061 0.999756 0.000061
44 44 (0) 4 : 0.000059 0.000059 0.000058 0.999765 0.000058
45 45 (0) 4 : 0.000060 0.000060 0.000059 0.999762 0.000059
46 46 (0) 4 : 0.000060 0.000059 0.000059 0.999763 0.000059
47 47 (0) 4 : 0.000062 0.000062 0.000061 0.999755 0.000061
48 48 (0) 4 : 0.000059 0.000059 0.000058 0.999767 0.000058
49 49 (0) 4 : 0.000057 0.000057 0.000056 0.999773 0.000056
50 50 (0) 4 : 0.000059 0.000059 0.000058 0.999767 0.000058
51 51 (0) 1 : 0.999845 0.000039 0.000039 0.000039 0.000039
52 52 (0) 1 : 0.999837 0.000041 0.000041 0.000041 0.000041
53 53 (0) 1 : 0.692224 0.000066 0.000065 0.307580 0.000065
54 54 (0) 1 : 0.415976 0.000046 0.000045 0.583888 0.000045
55 55 (0) 1 : 0.676686 0.000071 0.000070 0.323104 0.000070
56 56 (0) 1 : 0.477484 0.000044 0.000044 0.522384 0.000044
57 57 (0) 1 : 0.499899 0.000042 0.000042 0.499975 0.000042
58 58 (0) 1 : 0.600737 0.000057 0.000056 0.399093 0.000056
59 59 (0) 1 : 0.999779 0.000055 0.000055 0.000055 0.000055
60 60 (0) 1 : 0.999773 0.000057 0.000056 0.000057 0.000056
61 61 (0) 1 : 0.999841 0.000040 0.000039 0.000040 0.000039
62 62 (0) 1 : 0.999798 0.000051 0.000050 0.000051 0.000050
63 63 (0) 1 : 0.999788 0.000053 0.000053 0.000053 0.000053
64 64 (0) 1 : 0.999765 0.000059 0.000058 0.000059 0.000058
65 65 (0) 1 : 0.999769 0.000058 0.000057 0.000058 0.000057
66 66 (0) 1 : 0.999744 0.000064 0.000064 0.000064 0.000064
67 67 (0) 1 : 0.999774 0.000057 0.000056 0.000057 0.000056
68 68 (0) 1 : 0.999738 0.000066 0.000065 0.000066 0.000065
69 69 (0) 1 : 0.999721 0.000070 0.000069 0.000070 0.000069
70 70 (0) 1 : 0.999787 0.000054 0.000053 0.000054 0.000053
71 71 (0) 1 : 0.999750 0.000063 0.000062 0.000063 0.000062
72 72 (0) 1 : 0.999756 0.000061 0.000061 0.000061 0.000061
73 73 (0) 1 : 0.999772 0.000057 0.000057 0.000057 0.000057
74 74 (0) 1 : 0.999839 0.000040 0.000040 0.000041 0.000040
75 75 (0) 1 : 0.999841 0.000040 0.000039 0.000040 0.000039
76 76 (0) 1 : 0.999687 0.000079 0.000078 0.000079 0.000078
77 77 (0) 1 : 0.999754 0.000062 0.000061 0.000062 0.000061
78 78 (0) 1 : 0.999758 0.000061 0.000060 0.000061 0.000060
79 79 (0) 1 : 0.724691 0.000051 0.000050 0.275158 0.000050
80 80 (0) 1 : 0.999842 0.000040 0.000039 0.000040 0.000039
81 81 (0) 1 : 0.999841 0.000040 0.000040 0.000040 0.000040
82 82 (0) 1 : 0.999822 0.000045 0.000044 0.000045 0.000044
83 83 (0) 1 : 0.999769 0.000058 0.000057 0.000058 0.000057
84 84 (0) 1 : 0.958984 0.000079 0.000078 0.040780 0.000078
85 85 (0) 1 : 0.999839 0.000041 0.000040 0.000041 0.000040
86 86 (0) 1 : 0.999841 0.000040 0.000039 0.000040 0.000039
87 87 (0) 5 : 0.319237 0.000062 0.000061 0.680579 0.000061
88 88 (0) 5 : 0.275425 0.000053 0.000053 0.724416 0.000053
89 89 (0) 5 : 0.425366 0.000042 0.000042 0.574509 0.000042
90 90 (0) 5 : 0.128287 0.000062 0.000061 0.871530 0.000061
91 91 (0) 5 : 0.000058 0.000058 0.000058 0.999768 0.000058
92 92 (0) 5 : 0.286808 0.000047 0.000047 0.713051 0.000047
93 93 (0) 5 : 0.172958 0.000066 0.000065 0.826846 0.000065
94 94 (0) 5 : 0.178291 0.000049 0.000048 0.821563 0.000048
95 95 (0) 5 : 0.000063 0.000063 0.000063 0.999748 0.000063
96 96 (0) 5 : 0.163462 0.000056 0.000056 0.836371 0.000056
97 97 (0) 6 : 0.999778 0.000056 0.000055 0.000056 0.000055
98 98 (0) 6 : 0.999785 0.000054 0.000053 0.000054 0.000053
99 99 (0) 6 : 0.999784 0.000054 0.000053 0.000054 0.000053
100 100 (0) 6 : 0.999826 0.000044 0.000043 0.000044 0.000043
101 101 (0) 6 : 0.999826 0.000044 0.000043 0.000044 0.000043
102 102 (0) 6 : 0.999836 0.000041 0.000041 0.000041 0.000041
103 103 (0) 6 : 0.999781 0.000055 0.000054 0.000055 0.000054
104 104 (0) 6 : 0.999769 0.000058 0.000057 0.000058 0.000057
105 105 (0) 6 : 0.999773 0.000057 0.000056 0.000057 0.000056
106 106 (0) 6 : 0.999744 0.000064 0.000063 0.000064 0.000063
107 107 (0) 6 : 0.999772 0.000057 0.000057 0.000057 0.000057
108 108 (0) 6 : 0.999760 0.000060 0.000060 0.000060 0.000060
109 109 (0) 6 : 0.999764 0.000059 0.000058 0.000059 0.000058
110 110 (0) 2 : 0.167683 0.832181 0.000045 0.000046 0.000045
111 111 (0) 2 : 0.000059 0.999767 0.000058 0.000059 0.000058
112 112 (0) 2 : 0.105158 0.894665 0.000059 0.000060 0.000059
113 113 (0) 2 : 0.000055 0.999783 0.000054 0.000055 0.000054
114 114 (0) 2 : 0.000057 0.999774 0.000056 0.000057 0.000056
115 115 (0) 3 : 0.952234 0.047645 0.000040 0.000041 0.000040
