1 1 (0) 1 : 0.000032 0.999743 0.000032 0.000032 0.000032 0.000032 0.000032 0.000032 0.000032
2 2 (0) 1 : 0.000031 0.999755 0.000031 0.000031 0.000031 0.000031 0.000031 0.000031 0.000031
3 3 (0) 1 : 0.000033 0.999740 0.000033 0.000033 0.000033 0.000033 0.000033 0.000033 0.000033
4 4 (0) 1 : 0.000033 0.999738 0.000033 0.000033 0.000033 0.000033 0.000033 0.000033 0.000033
5 5 (0) 1 : 0.000034 0.999727 0.000034 0.000034 0.000034 0.000034 0.000034 0.000034 0.000034
6 6 (0) 1 : 0.000033 0.999737 0.000033 0.000033 0.000033 0.000033 0.000033 0.000033 0.000033
7 7 (0) 1 : 0.000035 0.999717 0.000035 0.000035 0.000035 0.000035 0.000035 0.000035 0.000035
8 8 (0) 1 : 0.000025 0.999800 0.000025 0.000025 0.000025 0.000025 0.000025 0.000025 0.000025
9 9 (0) 1 : 0.000023 0.999813 0.000023 0.000023 0.000023 0.000023 0.000023 0.000023 0.000023
10 10 (0) 1 : 0.000027 0.999781 0.000027 0.000027 0.000027 0.000027 0.000027 0.000027 0.000027
11 11 (0) 1 : 0.000032 0.999744 0.000032 0.000032 0.000032 0.000032 0.000032 0.000032 0.000032
12 12 (0) 1 : 0.000026 0.999790 0.000026 0.000026 0.000026 0.000026 0.000026 0.000026 0.000026
13 13 (0) 1 : 0.000031 0.999750 0.000031 0.000031 0.000031 0.000031 0.000031 0.000031 0.000031
14 14 (0) 1 : 0.000032 0.999747 0.000032 0.000032 0.000032 0.000032 0.000032 0.000032 0.000032
15 15 (0) 1 : 0.000032 0.999746 0.000032 0.000032 0.000032 0.000032 0.000032 0.000032 0.000032
16 16 (0) 1 : 0.000033 0.999732 0.000033 0.000033 0.000033 0.000033 0.000033 0.000033 0.000033
17 17 (0) 1 : 0.000036 0.999709 0.000036 0.000036 0.000036 0.000036 0.000036 0.000036 0.000036
18 18 (0) 2 : 0.000025 0.000025 0.000025 0.000025 0.999803 0.000025 0.000025 0.000025 0.000025
19 19 (0) 2 : 0.000032 0.000032 0.000032 0.000032 0.999746 0.000032 0.000032 0.000032 0.000032
20 20 (0) 3 : 0.000025 0.999800 0.000025 0.000025 0.000025 0.000025 0.000025 0.000025 0.000025
21 21 (0) 3 : 0.000026 0.999791 0.000026 0.000026 0.000026 0.000026 0.000026 0.000026 0.000026
22 22 (0) 2 : 0.000032 0.000032 0.000032 0.000032 0.999740 0.000032 0.000032 0.000032 0.000032
23 23 (0) 2 : 0.000025 0.000025 0.000025 0.000025 0.999800 0.000025 0.000025 0.000025 0.000025
24 24 (0) 2 : 0.000024 0.000024 0.000024 0.000024 0.999807 0.000024 0.000024 0.000024 0.000024
25 25 (0) 4 : 0.000029 0.322869 0.000029 0.000029 0.000029 0.000029 0.000029 0.000029 0.676929
26 26 (0) 4 : 0.000025 0.000025 0.000025 0.000025 0.000025 0.000025 0.000025 0.000025 0.999798
27 27 (0) 4 : 0.000037 0.000037 0.000037 0.000037 0.000037 0.000037 0.000037 0.000037 0.999702
28 28 (0) 4 : 0.000033 0.000033 0.000033 0.000033 0.000033 0.000033 0.000033 0.000033 0.999738
29 29 (0) 4 : 0.000038 0.000038 0.000038 0.000038 0.000038 0.000038 0.000038 0.000038 0.999693
30 30 (0) 4 : 0.000043 0.000043 0.000043 0.000043 0.000043 0.000043 0.000043 0.000043 0.999657
31 31 (0) 4 : 0.000035 0.000035 0.000035 0.000035 0.000035 0.000035 0.000035 0.000035 0.999720
32 32 (0) 4 : 0.000037 0.000037 0.000037 0.000037 0.000037 0.000037 0.000037 0.000037 0.999708
33 33 (0) 4 : 0.000031 0.000031 0.000031 0.000031 0.000031 0.000031 0.000031 0.000031 0.999749
34 34 (0) 4 : 0.000024 0.226376 0.000024 0.000024 0.000024 0.773456 0.000024 0.000024 0.000024
35 35 (0) 4 : 0.000023 0.239497 0.000023 0.000023 0.000023 0.760341 0.000023 0.000023 0.000023
36 36 (0) 4 : 0.000023 0.000023 0.000023 0.000023 0.000023 0.999814 0.000023 0.000023 0.000023
37 37 (0) 4 : 0.000024 0.000024 0.000024 0.000024 0.000024 0.999811 0.000024 0.000024 0.000024
38 38 (0) 4 : 0.000030 0.000030 0.000030 0.000030 0.000030 0.000030 0.000030 0.000030 0.999761
39 39 (0) 4 : 0.000025 0.000025 0.000025 0.000025 0.000025 0.999802 0.000025 0.000025 0.000025
40 40 (0) 4 : 0.000023 0.000023 0.000023 0.000023 0.000023 0.999814 0.000023 0.000023 0.000023
41 41 (0) 4 : 0.000033 0.000033 0.000033 0.000033 0.000033 0.000033 0.000033 0.000033 0.999736
42 42 (0) 4 : 0.000032 0.000032 0.000032 0.000032 0.000032 0.000032 0.000032 0.000032 0.999744
43 43 (0) 4 : 0.000033 0.000033 0.000033 0.000033 0.000033 0.000033 0.000033 0.000033 0.999733
44 44 (0) 4 : 0.000032 0.000032 0.000032 0.000032 0.000032 0.000032 0.000032 0.000032 0.999743
45 45 (0) 4 : 0.000033 0.000033 0.000033 0.000033 0.000033 0.000033 0.000033 0.000033 0.999740
46 46 (0) 4 : 0.000032 0.000032 0.000032 0.000032 0.000032 0.000032 0.000032 0.000032 0.999742
47 47 (0) 4 : 0.000033 0.000033 0.000033 0.000033 0.000033 0.000033 0.000033 0.000033 0.999733
48 48 (0) 4 : 0.000032 0.112226 0.000032 0.000032 0.000032 0.887552 0.000032 0.000032 0.000032
49 49 (0) 4 : 0.000031 0.000031 0.000031 0.000031 0.000031 0.000031 0.000031 0.000031 0.999752
50 50 (0) 4 : 0.000032 0.000032 0.000032 0.000032 0.000032 0.000032 0.000032 0.000032 0.999745
51 51 (0) 1 : 0.000021 0.999831 0.000021 0.000021 0.000021 0.000021 0.000021 0.000021 0.000021
52 52 (0) 1 : 0.000022 0.999821 0.000022 0.000022 0.000022 0.000022 0.000022 0.000022 0.000022
53 53 (0) 1 : 0.000036 0.658484 0.000036 0.000036 0.000036 0.341267 0.000036 0.000036 0.000036
54 54 (0) 1 : 0.000025 0.321890 0.000025 0.000025 0.000025 0.677937 0.000025 0.000025 0.000025
55 55 (0) 1 : 0.000038 0.688553 0.000038 0.000038 0.000038 0.311179 0.000038 0.000038 0.000038
56 56 (0) 1 : 0.000024 0.352528 0.000024 0.000024 0.000024 0.647305 0.000024 0.000024 0.000024
57 57 (0) 1 : 0.000023 0.401698 0.000023 0.000023 0.000023 0.598143 0.000023 0.000023 0.000023
58 58 (0) 1 : 0.000031 0.535810 0.000031 0.000031 0.000031 0.463973 0.000031 0.000031 0.000031
59 59 (0) 1 : 0.000030 0.999760 0.000030 0.000030 0.000030 0.000030 0.000030 0.000030 0.000030
60 60 (0) 1 : 0.000031 0.999753 0.000031 0.000031 0.000031 0.000031 0.000031 0.000031 0.000031
61 61 (0) 1 : 0.000022 0.999827 0.000022 0.000022 0.000022 0.000022 0.000022 0.000022 0.000022
62 62 (0) 1 : 0.000028 0.839736 0.000028 0.000028 0.000028 0.160072 0.000028 0.000028 0.000028
63 63 (0) 1 : 0.000029 0.884484 0.000029 0.000029 0.000029 0.115314 0.000029 0.000029 0.000029
64 64 (0) 1 : 0.000032 0.999744 0.000032 0.000032 0.000032 0.000032 0.000032 0.000032 0.000032
65 65 (0) 1 : 0.000031 0.999748 0.000031 0.000031 0.000032 0.000032 0.000031 0.000032 0.000032
66 66 (0) 1 : 0.000035 0.999721 0.000035 0.000035 0.000035 0.000035 0.000035 0.000035 0.000035
67 67 (0) 1 : 0.000031 0.999754 0.000031 0.000031 0.000031 0.000031 0.000031 0.000031 0.000031
68 68 (0) 1 : 0.000036 0.999715 0.000036 0.000036 0.000036 0.000036 0.000036 0.000036 0.000036
69 69 (0) 1 : 0.000038 0.999695 0.000038 0.000038 0.000038 0.000038 0.000038 0.000038 0.000038
70 70 (0) 1 : 0.000029 0.999767 0.000029 0.000029 0.000029 0.000029 0.000029 0.000029 0.000029
71 71 (0) 1 : 0.000034 0.999727 0.000034 0.000034 0.000034 0.000034 0.000034 0.000034 0.000034
72 72 (0) 1 : 0.000033 0.999734 0.000033 0.000033 0.000033 0.000033 0.000033 0.000033 0.000033
73 73 (0) 1 : 0.000031 0.999752 0.000031 0.000031 0.000031 0.000031 0.000031 0.000031 0.000031
74 74 (0) 1 : 0.000022 0.999824 0.000022 0.000022 0.000022 0.000022 0.000022 0.000022 0.000022
75 75 (0) 1 : 0.000022 0.999826 0.000022 0.000022 0.000022 0.000022 0.000022 0.000022 0.000022
76 76 (0) 1 : 0.000043 0.999658 0.000043 0.000043 0.000043 0.000043 0.000043 0.000043 0.000043
77 77 (0) 1 : 0.000033 0.999733 0.000033 0.000033 0.000033 0.000033 0.000033 0.000033 0.000033
78 78 (0) 1 : 0.000033 0.999736 0.000033 0.000033 0.000033 0.000033 0.000033 0.000033 0.000033
79 79 (0) 1 : 0.000027 0.647732 0.000027 0.000027 0.000027 0.352077 0.000027 0.000027 0.000027
80 80 (0) 1 : 0.000022 0.999827 0.000022 0.000022 0.000022 0.000022 0.000022 0.000022 0.000022
81 81 (0) 1 : 0.000022 0.999827 0.000022 0.000022 0.000022 0.000022 0.000022 0.000022 0.000022
82 82 (0) 1 : 0.000024 0.999806 0.000024 0.000024 0.000024 0.000024 0.000024 0.000024 0.000024
83 83 (0) 1 : 0.000031 0.924110 0.000031 0.000031 0.000031 0.000031 0.000031 0.075670 0.000031
84 84 (0) 1 : 0.000043 0.999659 0.000043 0.000043 0.000043 0.000043 0.000043 0.000043 0.000043
85 85 (0) 1 : 0.000022 0.999824 0.000022 0.000022 0.000022 0.000022 0.000022 0.000022 0.000022
86 86 (0) 1 : 0.000022 0.999827 0.000022 0.000022 0.000022 0.000022 0.000022 0.000022 0.000022
87 87 (0) 5 : 0.000034 0.328593 0.000034 0.000034 0.000034 0.671172 0.000034 0.000034 0.000034
88 88 (0) 5 : 0.000029 0.242505 0.000029 0.000029 0.000029 0.757292 0.000029 0.000029 0.000029
89 89 (0) 5 : 0.000023 0.378118 0.000023 0.000023 0.000023 0.621722 0.000023 0.000023 0.000023
90 90 (0) 5 : 0.000033 0.000033 0.000033 0.000033 0.000033 0.999734 0.000033 0.000033 0.000033
91 91 (0) 5 : 0.000032 0.000032 0.000032 0.000032 0.000032 0.999747 0.000032 0.000032 0.000032
92 92 (0) 5 : 0.000026 0.274533 0.000026 0.000026 0.000026 0.725288 0.000026 0.000026 0.000026
93 93 (0) 5 : 0.000036 0.000036 0.000036 0.000036 0.000036 0.999714 0.000036 0.000036 0.000036
94 94 (0) 5 : 0.000027 0.260730 0.000027 0.000027 0.000027 0.739084 0.000027 0.000027 0.000027
95 95 (0) 5 : 0.000034 0.000034 0.000034 0.000034 0.000034 0.999725 0.000034 0.000034 0.000034
96 96 (0) 5 : 0.000030 0.000030 0.000030 0.000030 0.000030 0.999756 0.000030 0.000030 0.000030
97 97 (0) 6 : 0.000030 0.000030 0.000030 0.000030 0.000030 0.000030 0.000030 0.999757 0.000030
98 98 (0) 6 : 0.000029 0.000029 0.000029 0.000029 0.000029 0.000029 0.000029 0.999767 0.000029
99 99 (0) 6 : 0.000029 0.000029 0.000029 0.000029 0.000029 0.000029 0.000029 0.999765 0.000029
100 100 (0) 6 : 0.000024 0.999810 0.000024 0.000024 0.000024 0.000024 0.000024 0.000024 0.000024
101 101 (0) 6 : 0.000024 0.999810 0.000024 0.000024 0.000024 0.000024 0.000024 0.000024 0.000024
102 102 (0) 6 : 0.000022 0.999821 0.000022 0.000022 0.000022 0.000022 0.000022 0.000022 0.000022
103 103 (0) 6 : 0.000030 0.000030 0.000030 0.000030 0.000030 0.000030 0.000030 0.999761 0.000030
104 104 (0) 6 : 0.000032 0.000032 0.000032 0.000032 0.000032 0.000032 0.000032 0.999748 0.000032
105 105 (0) 6 : 0.000031 0.000031 0.000031 0.000031 0.000031 0.000031 0.000031 0.999752 0.000031
106 106 (0) 6 : 0.000035 0.000035 0.000035 0.000035 0.000035 0.000035 0.000035 0.999721 0.000035
107 107 (0) 6 : 0.000031 0.000031 0.000031 0.000031 0.000031 0.000031 0.000031 0.999751 0.000031
108 108 (0) 6 : 0.000033 0.000033 0.000033 0.000033 0.000033 0.000033 0.000033 0.999738 0.000033
109 109 (0) 6 : 0.000032 0.000032 0.000032 0.000032 0.000032 0.000032 0.000032 0.999743 0.000032
110 110 (0) 2 : 0.000025 0.183464 0.000025 0.000025 0.816363 0.000025 0.000025 0.000025 0.000025
111 111 (0) 2 : 0.000032 0.000032 0.000032 0.000032 0.999746 0.000032 0.000032 0.000032 0.000032
112 112 (0) 2 : 0.000032 0.000032 0.000032 0.000032 0.999742 0.000032 0.000032 0.000032 0.000032
113 113 (0) 2 : 0.000030 0.000030 0.000030 0.000030 0.999764 0.000030 0.000030 0.000030 0.000030
114 114 (0) 2 : 0.000031 0.000031 0.000031 0.000031 0.999754 0.000031 0.000031 0.000031 0.000031
115 115 (0) 3 : 0.000022 0.999824 0.000022 0.000022 0.000022 0.000022 0.000022 0.000022 0.000022
1 1 (0) 1 : 0.000032 0.000032 0.000032 0.000032 0.000032 0.000032 0.000032 0.999743 0.000032
2 2 (0) 1 : 0.000031 0.000031 0.000031 0.000031 0.000031 0.000031 0.000031 0.999755 0.000031
3 3 (0) 1 : 0.000033 0.000033 0.000033 0.000033 0.000033 0.000033 0.000033 0.999740 0.000033
4 4 (0) 1 : 0.000033 0.000033 0.000033 0.000033 0.000033 0.000033 0.000033 0.999738 0.000033
5 5 (0) 1 : 0.000034 0.000034 0.000034 0.000034 0.000034 0.000034 0.000034 0.999727 0.000034
6 6 (0) 1 : 0.000033 0.000033 0.000033 0.000033 0.000033 0.000033 0.000033 0.999737 0.000033
7 7 (0) 1 : 0.000035 0.000035 0.000035 0.000035 0.000035 0.000035 0.000035 0.999717 0.000035
8 8 (0) 1 : 0.000025 0.000025 0.000025 0.000025 0.000025 0.000025 0.000025 0.999800 0.000025
9 9 (0) 1 : 0.000023 0.000023 0.000023 0.000023 0.000023 0.000023 0.000023 0.999813 0.000023
10 10 (0) 1 : 0.000027 0.000027 0.000027 0.000027 0.000027 0.000027 0.000027 0.999781 0.000027
11 11 (0) 1 : 0.000032 0.000032 0.000032 0.000032 0.000032 0.000032 0.000032 0.999744 0.000032
12 12 (0) 1 : 0.000026 0.000026 0.000026 0.000026 0.000026 0.000026 0.000026 0.999790 0.000026
13 13 (0) 1 : 0.000031 0.000031 0.000031 0.000031 0.000031 0.000031 0.000031 0.999750 0.000031
14 14 (0) 1 : 0.000032 0.000032 0.000032 0.000032 0.000032 0.000032 0.000032 0.999747 0.000032
15 15 (0) 1 : 0.000032 0.000032 0.000032 0.000032 0.000032 0.000032 0.000032 0.999746 0.000032
16 16 (0) 1 : 0.000033 0.000033 0.000033 0.000033 0.000033 0.000033 0.000033 0.999732 0.000033
17 17 (0) 1 : 0.000036 0.000036 0.000036 0.000036 0.000036 0.000036 0.000036 0.999709 0.000036
18 18 (0) 2 : 0.000025 0.000025 0.000025 0.000025 0.000025 0.000025 0.999803 0.000025 0.000025
19 19 (0) 2 : 0.000032 0.000032 0.000032 0.000032 0.000032 0.000032 0.999746 0.000032 0.000032
20 20 (0) 3 : 0.000025 0.000025 0.000025 0.000025 0.000025 0.000025 0.000025 0.999800 0.000025
21 21 (0) 3 : 0.000026 0.000026 0.000026 0.000026 0.000026 0.000026 0.000026 0.999791 0.000026
22 22 (0) 2 : 0.000032 0.000032 0.000032 0.000032 0.000032 0.000032 0.999740 0.000032 0.000032
23 23 (0) 2 : 0.000025 0.000025 0.000025 0.000025 0.000025 0.000025 0.999800 0.000025 0.000025
24 24 (0) 2 : 0.000024 0.000024 0.000024 0.000024 0.000024 0.000024 0.999807 0.000024 0.000024
25 25 (0) 4 : 0.999769 0.000029 0.000029 0.000029 0.000029 0.000029 0.000029 0.000029 0.000029
26 26 (0) 4 : 0.999798 0.000025 0.000025 0.000025 0.000025 0.000025 0.000025 0.000025 0.000025
27 27 (0) 4 : 0.999702 0.000037 0.000037 0.000037 0.000037 0.000037 0.000037 0.000037 0.000037
28 28 (0) 4 : 0.999738 0.000033 0.000033 0.000033 0.000033 0.000033 0.000033 0.000033 0.000033
29 29 (0) 4 : 0.999693 0.000038 0.000038 0.000038 0.000038 0.000038 0.000038 0.000038 0.000038
30 30 (0) 4 : 0.910324 0.000043 0.000043 0.000043 0.000043 0.000043 0.000043 0.089376 0.000043
31 31 (0) 4 : 0.999720 0.000035 0.000035 0.000035 0.000035 0.000035 0.000035 0.000035 0.000035
32 32 (0) 4 : 0.999708 0.000037 0.000037 0.000037 0.000037 0.000037 0.000037 0.000037 0.000037
33 33 (0) 4 : 0.999749 0.000031 0.000031 0.000031 0.000031 0.000031 0.000031 0.000031 0.000031
34 34 (0) 4 : 0.999807 0.000024 0.000024 0.000024 0.000024 0.000024 0.000024 0.000024 0.000024
35 35 (0) 4 : 0.916127 0.000023 0.000023 0.000023 0.000023 0.000023 0.000023 0.083711 0.000023
36 36 (0) 4 : 0.999814 0.000023 0.000023 0.000023 0.000023 0.000023 0.000023 0.000023 0.000023
37 37 (0) 4 : 0.999811 0.000024 0.000024 0.000024 0.000024 0.000024 0.000024 0.000024 0.000024
38 38 (0) 4 : 0.999761 0.000030 0.000030 0.000030 0.000030 0.000030 0.000030 0.000030 0.000030
39 39 (0) 4 : 0.999802 0.000025 0.000025 0.000025 0.000025 0.000025 0.000025 0.000025 0.000025
40 40 (0) 4 : 0.999814 0.000023 0.000023 0.000023 0.000023 0.000023 0.000023 0.000023 0.000023
41 41 (0) 4 : 0.999737 0.000033 0.000033 0.000033 0.000033 0.000033 0.000033 0.000033 0.000033
42 42 (0) 4 : 0.999744 0.000032 0.000032 0.000032 0.000032 0.000032 0.000032 0.000032 0.000032
43 43 (0) 4 : 0.999733 0.000033 0.000033 0.000033 0.000033 0.000033 0.000033 0.000033 0.000033
44 44 (0) 4 : 0.999743 0.000032 0.000032 0.000032 0.000032 0.000032 0.000032 0.000032 0.000032
45 45 (0) 4 : 0.999740 0.000033 0.000033 0.000033 0.000033 0.000033 0.000033 0.000033 0.000033
46 46 (0) 4 : 0.943324 0.000032 0.000032 0.000032 0.000032 0.000032 0.000032 0.056450 0.000032
47 47 (0) 4 : 0.999733 0.000033 0.000033 0.000033 0.000033 0.000033 0.000033 0.000033 0.000033
48 48 (0) 4 : 0.999746 0.000032 0.000032 0.000032 0.000032 0.000032 0.000032 0.000032 0.000032
49 49 (0) 4 : 0.999752 0.000031 0.000031 0.000031 0.000031 0.000031 0.000031 0.000031 0.000031
50 50 (0) 4 : 0.999745 0.000032 0.000032 0.000032 0.000032 0.000032 0.000032 0.000032 0.000032
51 51 (0) 1 : 0.000021 0.000021 0.000021 0.000021 0.000021 0.000021 0.000021 0.999831 0.000021
52 52 (0) 1 : 0.000022 0.000022 0.000022 0.000022 0.000022 0.000022 0.000022 0.999821 0.000022
53 53 (0) 1 : 0.209972 0.000036 0.000036 0.000036 0.000036 0.000036 0.000036 0.789778 0.000036
54 54 (0) 1 : 0.594916 0.000025 0.000025 0.000025 0.000025 0.000025 0.000025 0.404911 0.000025
55 55 (0) 1 : 0.213584 0.000038 0.000038 0.000038 0.000038 0.000038 0.000038 0.786149 0.000038
56 56 (0) 1 : 0.566074 0.000024 0.000024 0.000024 0.000024 0.000024 0.000024 0.433758 0.000024
57 57 (0) 1 : 0.524879 0.000023 0.000023 0.000023 0.000023 0.000023 0.000023 0.474962 0.000023
58 58 (0) 1 : 0.408041 0.000031 0.000031 0.000031 0.000031 0.000031 0.000031 0.591742 0.000031
59 59 (0) 1 : 0.000030 0.000030 0.000030 0.000030 0.000030 0.000030 0.000030 0.999760 0.000030
60 60 (0) 1 : 0.000031 0.000031 0.000031 0.000031 0.000031 0.000031 0.000031 0.999753 0.000031
61 61 (0) 1 : 0.000022 0.000022 0.000022 0.000022 0.000022 0.000022 0.000022 0.999827 0.000022
62 62 (0) 1 : 0.132969 0.000028 0.000028 0.000028 0.000028 0.000028 0.000028 0.866838 0.000028
63 63 (0) 1 : 0.087459 0.000029 0.000029 0.000029 0.000029 0.000029 0.000029 0.912339 0.000029
64 64 (0) 1 : 0.000032 0.000032 0.000032 0.000032 0.000032 0.000032 0.000032 0.999744 0.000032
65 65 (0) 1 : 0.000032 0.000031 0.000031 0.000031 0.000031 0.000032 0.000032 0.999748 0.000031
66 66 (0) 1 : 0.000035 0.000035 0.000035 0.000035 0.000035 0.000035 0.000035 0.999721 0.000035
67 67 (0) 1 : 0.000031 0.000031 0.000031 0.000031 0.000031 0.000031 0.000031 0.999754 0.000031
68 68 (0) 1 : 0.000036 0.000036 0.000036 0.000036 0.000036 0.000036 0.000036 0.999715 0.000036
69 69 (0) 1 : 0.000038 0.000038 0.000038 0.000038 0.000038 0.000038 0.000038 0.999695 0.000038
70 70 (0) 1 : 0.000029 0.000029 0.000029 0.000029 0.000029 0.000029 0.000029 0.999768 0.000029
71 71 (0) 1 : 0.000034 0.000034 0.000034 0.000034 0.000034 0.000034 0.000034 0.999727 0.000034
72 72 (0) 1 : 0.000033 0.000033 0.000033 0.000033 0.000033 0.000033 0.000033 0.999734 0.000033
73 73 (0) 1 : 0.000031 0.000031 0.000031 0.000031 0.000031 0.000031 0.000031 0.999752 0.000031
74 74 (0) 1 : 0.000022 0.000022 0.000022 0.000022 0.000022 0.000022 0.000022 0.999824 0.000022
75 75 (0) 1 : 0.000022 0.000022 0.000022 0.000022 0.000022 0.000022 0.000022 0.999826 0.000022
76 76 (0) 1 : 0.000043 0.000043 0.000043 0.000043 0.000043 0.000043 0.000043 0.999658 0.000043
77 77 (0) 1 : 0.000033 0.000033 0.000033 0.000033 0.000033 0.000033 0.000033 0.999733 0.000033
78 78 (0) 1 : 0.000033 0.000033 0.000033 0.000033 0.000033 0.000033 0.000033 0.999736 0.000033
79 79 (0) 1 : 0.244021 0.000027 0.000027 0.000027 0.000027 0.000027 0.000027 0.755788 0.000027
80 80 (0) 1 : 0.000022 0.000022 0.000022 0.000022 0.000022 0.000022 0.000022 0.999827 0.000022
81 81 (0) 1 : 0.000022 0.000022 0.000022 0.000022 0.000022 0.000022 0.000022 0.999827 0.000022
82 82 (0) 1 : 0.000024 0.000024 0.000024 0.000024 0.000024 0.000024 0.000024 0.999806 0.000024
83 83 (0) 1 : 0.000031 0.000031 0.000031 0.000031 0.000031 0.105417 0.000031 0.894364 0.000031
84 84 (0) 1 : 0.000043 0.000043 0.000043 0.000043 0.000043 0.000043 0.000043 0.999659 0.000043
85 85 (0) 1 : 0.000022 0.000022 0.000022 0.000022 0.000022 0.000022 0.000022 0.999824 0.000022
86 86 (0) 1 : 0.000022 0.000022 0.000022 0.000022 0.000022 0.000022 0.000022 0.999827 0.000022
87 87 (0) 5 : 0.633983 0.000034 0.000034 0.000034 0.000034 0.000034 0.000034 0.365782 0.000034
88 88 (0) 5 : 0.784947 0.000029 0.000029 0.000029 0.000029 0.000029 0.000029 0.214850 0.000029
89 89 (0) 5 : 0.630635 0.000023 0.000023 0.000023 0.000023 0.000023 0.000023 0.369206 0.000023
90 90 (0) 5 : 0.999734 0.000033 0.000033 0.000033 0.000033 0.000033 0.000033 0.000033 0.000033
91 91 (0) 5 : 0.999747 0.000032 0.000032 0.000032 0.000032 0.000032 0.000032 0.000032 0.000032
92 92 (0) 5 : 0.738965 0.000026 0.000026 0.000026 0.000026 0.000026 0.000026 0.260856 0.000026
93 93 (0) 5 : 0.999714 0.000036 0.000036 0.000036 0.000036 0.000036 0.000036 0.000036 0.000036
94 94 (0) 5 : 0.792854 0.000027 0.000027 0.000027 0.000027 0.000027 0.000027 0.206960 0.000027
95 95 (0) 5 : 0.999725 0.000034 0.000034 0.000034 0.000034 0.000034 0.000034 0.000034 0.000034
96 96 (0) 5 : 0.999756 0.000030 0.000030 0.000030 0.000030 0.000030 0.000030 0.000030 0.000030
97 97 (0) 6 : 0.000030 0.000030 0.000030 0.000030 0.000030 0.999757 0.000030 0.000030 0.000030
98 98 (0) 6 : 0.000029 0.000029 0.000029 0.000029 0.000029 0.999767 0.000029 0.000029 0.000029
99 99 (0) 6 : 0.000029 0.000029 0.000029 0.000029 0.000029 0.999765 0.000029 0.000029 0.000029
100 100 (0) 6 : 0.000024 0.000024 0.000024 0.000024 0.000024 0.999810 0.000024 0.000024 0.000024
101 101 (0) 6 : 0.000024 0.000024 0.000024 0.000024 0.000024 0.999810 0.000024 0.000024 0.000024
102 102 (0) 6 : 0.000022 0.000022 0.000022 0.000022 0.000022 0.999821 0.000022 0.000022 0.000022
103 103 (0) 6 : 0.000030 0.000030 0.000030 0.000030 0.000030 0.999761 0.000030 0.000030 0.000030
104 104 (0) 6 : 0.000032 0.000032 0.000032 0.000032 0.000032 0.999748 0.000032 0.000032 0.000032
105 105 (0) 6 : 0.000031 0.000031 0.000031 0.000031 0.000031 0.999752 0.000031 0.000031 0.000031
106 106 (0) 6 : 0.000035 0.000035 0.000035 0.000035 0.000035 0.999721 0.000035 0.000035 0.000035
107 107 (0) 6 : 0.000031 0.000031 0.000031 0.000031 0.000031 0.999751 0.000031 0.000031 0.000031
108 108 (0) 6 : 0.000033 0.000033 0.000033 0.000033 0.000033 0.999738 0.000033 0.000033 0.000033
109 109 (0) 6 : 0.000032 0.000032 0.000032 0.000032 0.000032 0.999743 0.000032 0.000032 0.000032
110 110 (0) 2 : 0.000025 0.000025 0.000025 0.000025 0.000025 0.000025 0.999802 0.000025 0.000025
111 111 (0) 2 : 0.000032 0.000032 0.000032 0.000032 0.000032 0.000032 0.999746 0.000032 0.000032
112 112 (0) 2 : 0.000032 0.000032 0.000032 0.000032 0.000032 0.000032 0.999742 0.000032 0.000032
113 113 (0) 2 : 0.000030 0.000030 0.000030 0.000030 0.000030 0.000030 0.999764 0.000030 0.000030
114 114 (0) 2 : 0.000031 0.000031 0.000031 0.000031 0.000031 0.000031 0.999754 0.000031 0.000031
115 115 (0) 3 : 0.000022 0.000022 0.000022 0.000022 0.000022 0.000022 0.000022 0.999824 0.000022
1 1 (0) 1 : 0.000032 0.000032 0.000032 0.000032 0.000032 0.000032 0.000032 0.999743 0.000032
2 2 (0) 1 : 0.000031 0.000031 0.000031 0.000031 0.000031 0.000031 0.000031 0.999755 0.000031
3 3 (0) 1 : 0.000033 0.000033 0.000033 0.000033 0.000033 0.000033 0.000033 0.999740 0.000033
4 4 (0) 1 : 0.000033 0.000033 0.000033 0.000033 0.000033 0.000033 0.000033 0.999738 0.000033
5 5 (0) 1 : 0.000034 0.000034 0.000034 0.000034 0.000034 0.000034 0.000034 0.999727 0.000034
6 6 (0) 1 : 0.000033 0.000033 0.000033 0.000033 0.000033 0.000033 0.000033 0.999737 0.000033
7 7 (0) 1 : 0.000035 0.000035 0.000035 0.000035 0.000035 0.000035 0.000035 0.999717 0.000035
8 8 (0) 1 : 0.000025 0.000025 0.000025 0.000025 0.000025 0.000025 0.000025 0.999800 0.000025
9 9 (0) 1 : 0.000023 0.000023 0.000023 0.000023 0.000023 0.000023 0.000023 0.999813 0.000023
10 10 (0) 1 : 0.000027 0.000027 0.000027 0.000027 0.000027 0.000027 0.000027 0.999781 0.000027
11 11 (0) 1 : 0.000032 0.000032 0.000032 0.000032 0.000032 0.000032 0.000032 0.999744 0.000032
12 12 (0) 1 : 0.000026 0.000026 0.000026 0.000026 0.000026 0.000026 0.000026 0.999790 0.000026
13 13 (0) 1 : 0.000031 0.000031 0.000031 0.000031 0.000031 0.000031 0.000031 0.999750 0.000031
14 14 (0) 1 : 0.000032 0.000032 0.000032 0.000032 0.000032 0.000032 0.000032 0.999747 0.000032
15 15 (0) 1 : 0.000032 0.000032 0.000032 0.000032 0.000032 0.000032 0.000032 0.999746 0.000032
16 16 (0) 1 : 0.000033 0.000033 0.000033 0.000033 0.000033 0.000033 0.000033 0.999732 0.000033
17 17 (0) 1 : 0.000036 0.000036 0.000036 0.000036 0.000036 0.000036 0.000036 0.999709 0.000036
18 18 (0) 2 : 0.000025 0.000025 0.000025 0.000025 0.999803 0.000025 0.000025 0.000025 0.000025
19 19 (0) 2 : 0.000032 0.000032 0.000032 0.000032 0.876623 0.000032 0.000032 0.123155 0.000032
20 20 (0) 3 : 0.000025 0.000025 0.000025 0.000025 0.000025 0.000025 0.000025 0.999800 0.000025
21 21 (0) 3 : 0.000026 0.000026 0.000026 0.000026 0.000026 0.000026 0.000026 0.999791 0.000026
22 22 (0) 2 : 0.000032 0.000032 0.000032 0.000032 0.999740 0.000032 0.000032 0.000032 0.000032
23 23 (0) 2 : 0.000025 0.000025 0.000025 0.000025 0.999800 0.000025 0.000025 0.000025 0.000025
24 24 (0) 2 : 0.000024 0.000024 0.000024 0.000024 0.999807 0.000024 0.000024 0.000024 0.000024
25 25 (0) 4 : 0.000029 0.000029 0.000029 0.000029 0.000029 0.000029 0.893802 0.105996 0.000029
26 26 (0) 4 : 0.000025 0.000025 0.000025 0.000025 0.000025 0.000025 0.999798 0.000025 0.000025
27 27 (0) 4 : 0.000037 0.000037 0.000037 0.000037 0.000037 0.000037 0.999702 0.000037 0.000037
28 28 (0) 4 : 0.000033 0.000033 0.000033 0.000033 0.000033 0.000033 0.999738 0.000033 0.000033
29 29 (0) 4 : 0.000038 0.000038 0.000038 0.000038 0.000038 0.000038 0.999693 0.000038 0.000038
30 30 (0) 4 : 0.000043 0.000043 0.000043 0.000043 0.000043 0.000043 0.866634 0.133066 0.000043
31 31 (0) 4 : 0.000035 0.000035 0.000035 0.000035 0.000035 0.000035 0.999720 0.000035 0.000035
32 32 (0) 4 : 0.000037 0.000037 0.000037 0.000037 0.000037 0.000037 0.999708 0.000037 0.000037
33 33 (0) 4 : 0.000031 0.000031 0.000031 0.000031 0.000031 0.000031 0.999749 0.000031 0.000031
34 34 (0) 4 : 0.000024 0.000024 0.000024 0.000024 0.000024 0.000024 0.901567 0.098265 0.000024
35 35 (0) 4 : 0.000023 0.000023 0.000023 0.000023 0.000023 0.000023 0.835683 0.164155 0.000023
36 36 (0) 4 : 0.000023 0.000023 0.000023 0.000023 0.000023 0.000023 0.999814 0.000023 0.000023
37 37 (0) 4 : 0.000024 0.000024 0.000024 0.000024 0.000024 0.000024 0.999811 0.000024 0.000024
38 38 (0) 4 : 0.000030 0.000030 0.000030 0.000030 0.000030 0.000030 0.999761 0.000030 0.000030
39 39 (0) 4 : 0.000025 0.000025 0.000025 0.000025 0.000025 0.000025 0.999802 0.000025 0.000025
40 40 (0) 4 : 0.000023 0.000023 0.000023 0.000023 0.000023 0.000023 0.999814 0.000023 0.000023
41 41 (0) 4 : 0.000033 0.000033 0.000033 0.000033 0.000033 0.000033 0.999737 0.000033 0.000033
42 42 (0) 4 : 0.000032 0.000032 0.000032 0.000032 0.000032 0.000032 0.999744 0.000032 0.000032
43 43 (0) 4 : 0.000033 0.000033 0.000033 0.000033 0.000033 0.000033 0.999733 0.000033 0.000033
44 44 (0) 4 : 0.000032 0.000032 0.000032 0.000032 0.000032 0.000032 0.999743 0.000032 0.000032
45 45 (0) 4 : 0.000033 0.000033 0.000033 0.000033 0.000033 0.000033 0.999740 0.000033 0.000033
46 46 (0) 4 : 0.000032 0.000032 0.000032 0.000032 0.000032 0.000032 0.917307 0.082468 0.000032
47 47 (0) 4 : 0.000033 0.000033 0.000033 0.000033 0.000033 0.000033 0.999733 0.000033 0.000033
48 48 (0) 4 : 0.000032 0.000032 0.000032 0.000032 0.000032 0.000032 0.844675 0.155102 0.000032
49 49 (0) 4 : 0.000031 0.000031 0.000031 0.000031 0.000031 0.000031 0.999752 0.000031 0.000031
50 50 (0) 4 : 0.000032 0.000032 0.000032 0.000032 0.000032 0.000032 0.999745 0.000032 0.000032
51 51 (0) 1 : 0.000021 0.000021 0.000021 0.000021 0.000021 0.000021 0.000021 0.999831 0.000021
52 52 (0) 1 : 0.000022 0.000022 0.000022 0.000022 0.000022 0.000022 0.000022 0.999821 0.000022
53 53 (0) 1 : 0.000036 0.000036 0.000036 0.000036 0.000036 0.000036 0.000036 0.999715 0.000036
54 54 (0) 1 : 0.000025 0.000025 0.000025 0.000025 0.000025 0.000025 0.517708 0.482119 0.000025
55 55 (0) 1 : 0.000038 0.000038 0.000038 0.000038 0.000038 0.000038 0.000038 0.999694 0.000038
56 56 (0) 1 : 0.000024 0.000024 0.000024 0.000024 0.000024 0.000024 0.494517 0.505315 0.000024
57 57 (0) 1 : 0.000023 0.000023 0.000023 0.000023 0.000023 0.000023 0.449851 0.549989 0.000023
58 58 (0) 1 : 0.000031 0.000031 0.000031 0.000031 0.000031 0.000031 0.334050 0.665733 0.000031
59 59 (0) 1 : 0.000030 0.000030 0.000030 0.000030 0.000030 0.000030 0.000030 0.999760 0.000030
60 60 (0) 1 : 0.000031 0.000031 0.000031 0.000031 0.000031 0.000031 0.000031 0.999753 0.000031
61 61 (0) 1 : 0.000022 0.000022 0.000022 0.000022 0.000022 0.000022 0.000022 0.999827 0.000022
62 62 (0) 1 : 0.000028 0.000028 0.000028 0.000028 0.000028 0.000028 0.000028 0.999780 0.000028
63 63 (0) 1 : 0.000029 0.000029 0.000029 0.000029 0.000029 0.000029 0.000029 0.999769 0.000029
64 64 (0) 1 : 0.000032 0.000032 0.000032 0.000032 0.000032 0.000032 0.000032 0.999744 0.000032
65 65 (0) 1 : 0.000031 0.000032 0.000031 0.000031 0.000032 0.000031 0.000032 0.999748 0.000031
66 66 (0) 1 : 0.000035 0.000035 0.000035 0.000035 0.000035 0.000035 0.000035 0.999721 0.000035
67 67 (0) 1 : 0.000031 0.000031 0.000031 0.000031 0.000031 0.000031 0.000031 0.999754 0.000031
68 68 (0) 1 : 0.000036 0.000036 0.000036 0.000036 0.000036 0.000036 0.000036 0.999715 0.000036
69 69 (0) 1 : 0.000038 0.000038 0.000038 0.000038 0.000038 0.000038 0.000038 0.999695 0.000038
70 70 (0) 1 : 0.000029 0.000029 0.000029 0.000029 0.000029 0.000029 0.000029 0.999768 0.000029
71 71 (0) 1 : 0.000034 0.000034 0.000034 0.000034 0.000034 0.000034 0.000034 0.999727 0.000034
72 72 (0) 1 : 0.000033 0.000033 0.000033 0.000033 0.000033 0.000033 0.000033 0.999734 0.000033
73 73 (0) 1 : 0.000031 0.000031 0.000031 0.000031 0.000031 0.000031 0.000031 0.999752 0.000031
74 74 (0) 1 : 0.000022 0.000022 0.000022 0.000022 0.000022 0.000022 0.000022 0.999824 0.000022
75 75 (0) 1 : 0.000022 0.000022 0.000022 0.000022 0.000022 0.000022 0.000022 0.999826 0.000022
76 76 (0) 1 : 0.000043 0.000043 0.000043 0.000043 0.000043 0.000043 0.000043 0.999658 0.000043
77 77 (0) 1 : 0.000033 0.000033 0.000033 0.000033 0.000033 0.000033 0.000033 0.999733 0.000033
78 78 (0) 1 : 0.000033 0.000033 0.000033 0.000033 0.000033 0.000033 0.000033 0.999736 0.000033
79 79 (0) 1 : 0.000027 0.000027 0.000027 0.000027 0.000027 0.000027 0.000027 0.999782 0.000027
80 80 (0) 1 : 0.000022 0.000022 0.000022 0.000022 0.000022 0.000022 0.000022 0.999827 0.000022
81 81 (0) 1 : 0.000022 0.000022 0.000022 0.000022 0.000022 0.000022 0.000022 0.999827 0.000022
82 82 (0) 1 : 0.000024 0.000024 0.000024 0.000024 0.000024 0.000024 0.000024 0.999806 0.000024
83 83 (0) 1 : 0.000031 0.096251 0.000031 0.000031 0.000031 0.000031 0.000031 0.903530 0.000031
84 84 (0) 1 : 0.000043 0.000043 0.000043 0.000043 0.000043 0.000043 0.000043 0.999659 0.000043
85 85 (0) 1 : 0.000022 0.000022 0.000022 0.000022 0.000022 0.000022 0.000022 0.999824 0.000022
86 86 (0) 1 : 0.000022 0.000022 0.000022 0.000022 0.000022 0.000022 0.000022 0.999827 0.000022
87 87 (0) 5 : 0.000034 0.000034 0.000034 0.000034 0.000034 0.000034 0.550289 0.449476 0.000034
88 88 (0) 5 : 0.000029 0.000029 0.000029 0.000029 0.000029 0.000029 0.694049 0.305748 0.000029
89 89 (0) 5 : 0.000023 0.000023 0.000023 0.000023 0.000023 0.000023 0.549938 0.449902 0.000023
90 90 (0) 5 : 0.000033 0.000033 0.000033 0.000033 0.000033 0.000033 0.905028 0.094739 0.000033
91 91 (0) 5 : 0.000032 0.000032 0.000032 0.000032 0.000032 0.000032 0.999747 0.000032 0.000032
92 92 (0) 5 : 0.000026 0.000026 0.000026 0.000026 0.000026 0.000026 0.652207 0.347614 0.000026
93 93 (0) 5 : 0.000036 0.000036 0.000036 0.000036 0.000036 0.000036 0.795031 0.204719 0.000036
94 94 (0) 5 : 0.000027 0.000027 0.000027 0.000027 0.000027 0.000027 0.727838 0.271976 0.000027
95 95 (0) 5 : 0.000034 0.000034 0.000034 0.000034 0.000034 0.000034 0.999725 0.000034 0.000034
96 96 (0) 5 : 0.000030 0.000030 0.000030 0.000030 0.000030 0.000030 0.849760 0.150027 0.000030
97 97 (0) 6 : 0.000030 0.999757 0.000030 0.000030 0.000030 0.000030 0.000030 0.000030 0.000030
98 98 (0) 6 : 0.000029 0.999767 0.000029 0.000029 0.000029 0.000029 0.000029 0.000029 0.000029
99 99 (0) 6 : 0.000029 0.999765 0.000029 0.000029 0.000029 0.000029 0.000029 0.000029 0.000029
100 100 (0) 6 : 0.000024 0.229816 0.000024 0.000024 0.000024 0.000024 0.000024 0.770017 0.000024
101 101 (0) 6 : 0.000024 0.162662 0.000024 0.000024 0.000024 0.000024 0.000024 0.837172 0.000024
102 102 (0) 6 : 0.000022 0.999821 0.000022 0.000022 0.000022 0.000022 0.000022 0.000022 0.000022
103 103 (0) 6 : 0.000030 0.999761 0.000030 0.000030 0.000030 0.000030 0.000030 0.000030 0.000030
104 104 (0) 6 : 0.000032 0.999748 0.000032 0.000032 0.000032 0.000032 0.000032 0.000032 0.000032
105 105 (0) 6 : 0.000031 0.999752 0.000031 0.000031 0.000031 0.000031 0.000031 0.000031 0.000031
106 106 (0) 6 : 0.000035 0.999721 0.000035 0.000035 0.000035 0.000035 0.000035 0.000035 0.000035
107 107 (0) 6 : 0.000031 0.999751 0.000031 0.000031 0.000031 0.000031 0.000031 0.000031 0.000031
108 108 (0) 6 : 0.000033 0.999738 0.000033 0.000033 0.000033 0.000033 0.000033 0.000033 0.000033
109 109 (0) 6 : 0.000032 0.999743 0.000032 0.000032 0.000032 0.000032 0.000032 0.000032 0.000032
110 110 (0) 2 : 0.000025 0.000025 0.000025 0.000025 0.757415 0.000025 0.000025 0.242412 0.000025
111 111 (0) 2 : 0.000032 0.000032 0.000032 0.000032 0.850390 0.000032 0.000032 0.149388 0.000032
112 112 (0) 2 : 0.000032 0.000032 0.000032 0.000032 0.819641 0.000032 0.000032 0.180133 0.000032
113 113 (0) 2 : 0.000030 0.000030 0.000030 0.000030 0.999764 0.000030 0.000030 0.000030 0.000030
114 114 (0) 2 : 0.000031 0.000031 0.000031 0.000031 0.999754 0.000031 0.000031 0.000031 0.000031
115 115 (0) 3 : 0.000022 0.000022 0.000022 0.000022 0.000022 0.000022 0.000022 0.999824 0.000022
1 1 (0) 1 : 0.000032 0.000032 0.000032 0.000032 0.000032 0.999743 0.000032 0.000032 0.000032
2 2 (0) 1 : 0.000031 0.000031 0.000031 0.000031 0.000031 0.999755 0.000031 0.000031 0.000031
3 3 (0) 1 : 0.000033 0.000033 0.000033 0.000033 0.000033 0.999740 0.000033 0.000033 0.000033
4 4 (0) 1 : 0.000033 0.000033 0.000033 0.000033 0.000033 0.999738 0.000033 0.000033 0.000033
5 5 (0) 1 : 0.000034 0.000034 0.000034 0.000034 0.000034 0.999727 0.000034 0.000034 0.000034
6 6 (0) 1 : 0.000033 0.000033 0.000033 0.000033 0.000033 0.999737 0.000033 0.000033 0.000033
7 7 (0) 1 : 0.000035 0.000035 0.000035 0.000035 0.000035 0.999717 0.000035 0.000035 0.000035
8 8 (0) 1 : 0.000025 0.000025 0.000025 0.000025 0.000025 0.999800 0.000025 0.000025 0.000025
9 9 (0) 1 : 0.000023 0.000023 0.000023 0.000023 0.000023 0.999813 0.000023 0.000023 0.000023
10 10 (0) 1 : 0.000027 0.000027 0.000027 0.000027 0.000027 0.999781 0.000027 0.000027 0.000027
11 11 (0) 1 : 0.000032 0.000032 0.000032 0.000032 0.000032 0.999744 0.000032 0.000032 0.000032
12 12 (0) 1 : 0.000026 0.000026 0.000026 0.000026 0.000026 0.999790 0.000026 0.000026 0.000026
13 13 (0) 1 : 0.000031 0.000031 0.000031 0.000031 0.000031 0.999750 0.000031 0.000031 0.000031
14 14 (0) 1 : 0.000032 0.000032 0.000032 0.000032 0.000032 0.999747 0.000032 0.000032 0.000032
15 15 (0) 1 : 0.000032 0.000032 0.000032 0.000032 0.000032 0.999746 0.000032 0.000032 0.000032
16 16 (0) 1 : 0.000033 0.000033 0.000033 0.000033 0.000033 0.999732 0.000033 0.000033 0.000033
17 17 (0) 1 : 0.000036 0.000036 0.000036 0.000036 0.000036 0.999709 0.000036 0.000036 0.000036
18 18 (0) 2 : 0.000025 0.000025 0.000025 0.999803 0.000025 0.000025 0.000025 0.000025 0.000025
19 19 (0) 2 : 0.000032 0.000032 0.000032 0.779765 0.000032 0.220013 0.000032 0.000032 0.000032
20 20 (0) 3 : 0.000025 0.000025 0.000025 0.058785 0.000025 0.941040 0.000025 0.000025 0.000025
21 21 (0) 3 : 0.000026 0.000026 0.000026 0.038819 0.000026 0.960998 0.000026 0.000026 0.000026
22 22 (0) 2 : 0.000032 0.000032 0.000032 0.999741 0.000032 0.000032 0.000032 0.000032 0.000032
23 23 (0) 2 : 0.000025 0.000025 0.000025 0.999800 0.000025 0.000025 0.000025 0.000025 0.000025
24 24 (0) 2 : 0.000024 0.000024 0.000024 0.913396 0.000024 0.086435 0.000024 0.000024 0.000024
25 25 (0) 4 : 0.000029 0.000029 0.872692 0.000029 0.000029 0.127106 0.000029 0.000029 0.000029
26 26 (0) 4 : 0.000025 0.000025 0.999798 0.000025 0.000025 0.000025 0.000025 0.000025 0.000025
27 27 (0) 4 : 0.000037 0.000037 0.999702 0.000037 0.000037 0.000037 0.000037 0.000037 0.000037
28 28 (0) 4 : 0.000033 0.000033 0.999738 0.000033 0.000033 0.000033 0.000033 0.000033 0.000033
29 29 (0) 4 : 0.000038 0.000038 0.999693 0.000038 0.000038 0.000038 0.000038 0.000038 0.000038
30 30 (0) 4 : 0.000043 0.000043 0.869336 0.000043 0.000043 0.130364 0.000043 0.000043 0.000043
31 31 (0) 4 : 0.000035 0.000035 0.999720 0.000035 0.000035 0.000035 0.000035 0.000035 0.000035
32 32 (0) 4 : 0.000037 0.000037 0.999708 0.000037 0.000037 0.000037 0.000037 0.000037 0.000037
33 33 (0) 4 : 0.000031 0.000031 0.999749 0.000031 0.000031 0.000031 0.000031 0.000031 0.000031
34 34 (0) 4 : 0.000024 0.000024 0.889808 0.000024 0.000024 0.110023 0.000024 0.000024 0.000024
35 35 (0) 4 : 0.000023 0.000023 0.842118 0.000023 0.000023 0.157719 0.000023 0.000023 0.000023
36 36 (0) 4 : 0.000023 0.000023 0.999814 0.000023 0.000023 0.000023 0.000023 0.000023 0.000023
37 37 (0) 4 : 0.000024 0.000024 0.999811 0.000024 0.000024 0.000024 0.000024 0.000024 0.000024
38 38 (0) 4 : 0.000030 0.000030 0.999761 0.000030 0.000030 0.000030 0.000030 0.000030 0.000030
39 39 (0) 4 : 0.000025 0.000025 0.999802 0.000025 0.000025 0.000025 0.000025 0.000025 0.000025
40 40 (0) 4 : 0.000023 0.000023 0.999814 0.000023 0.000023 0.000023 0.000023 0.000023 0.000023
41 41 (0) 4 : 0.000033 0.000033 0.999737 0.000033 0.000033 0.000033 0.000033 0.000033 0.000033
42 42 (0) 4 : 0.000032 0.000032 0.999744 0.000032 0.000032 0.000032 0.000032 0.000032 0.000032
43 43 (0) 4 : 0.000033 0.000033 0.999733 0.000033 0.000033 0.000033 0.000033 0.000033 0.000033
44 44 (0) 4 : 0.000032 0.000032 0.999743 0.000032 0.000032 0.000032 0.000032 0.000032 0.000032
45 45 (0) 4 : 0.000033 0.000033 0.999740 0.000033 0.000033 0.000033 0.000033 0.000033 0.000033
46 46 (0) 4 : 0.000032 0.000032 0.932878 0.000032 0.000032 0.066897 0.000032 0.000032 0.000032
47 47 (0) 4 : 0.000033 0.000033 0.999733 0.000033 0.000033 0.000033 0.000033 0.000033 0.000033
48 48 (0) 4 : 0.000032 0.000032 0.845433 0.000032 0.000032 0.154344 0.000032 0.000032 0.000032
49 49 (0) 4 : 0.000031 0.000031 0.999752 0.000031 0.000031 0.000031 0.000031 0.000031 0.000031
50 50 (0) 4 : 0.000032 0.000032 0.999745 0.000032 0.000032 0.000032 0.000032 0.000032 0.000032
51 51 (0) 1 : 0.000021 0.000021 0.000021 0.000021 0.000021 0.999831 0.000021 0.000021 0.000021
52 52 (0) 1 : 0.000022 0.000022 0.000022 0.000022 0.000022 0.999821 0.000022 0.000022 0.000022
53 53 (0) 1 : 0.000036 0.000036 0.270592 0.000036 0.000036 0.729159 0.000036 0.000036 0.000036
54 54 (0) 1 : 0.000025 0.000025 0.605246 0.000025 0.000025 0.394581 0.000025 0.000025 0.000025
55 55 (0) 1 : 0.000038 0.000038 0.242433 0.000038 0.000038 0.757299 0.000038 0.000038 0.000038
56 56 (0) 1 : 0.000024 0.000024 0.583655 0.000024 0.000024 0.416178 0.000024 0.000024 0.000024
57 57 (0) 1 : 0.000023 0.000023 0.542724 0.000023 0.000023 0.457116 0.000023 0.000023 0.000023
58 58 (0) 1 : 0.000031 0.000031 0.429027 0.000031 0.000031 0.570756 0.000031 0.000031 0.000031
59 59 (0) 1 : 0.000030 0.000030 0.037842 0.000030 0.000030 0.961948 0.000030 0.000030 0.000030
60 60 (0) 1 : 0.000031 0.000031 0.000031 0.000031 0.000031 0.999753 0.000031 0.000031 0.000031
61 61 (0) 1 : 0.000022 0.000022 0.000022 0.000022 0.000022 0.999827 0.000022 0.000022 0.000022
62 62 (0) 1 : 0.000028 0.000028 0.169258 0.000028 0.000028 0.830550 0.000028 0.000028 0.000028
63 63 (0) 1 : 0.000029 0.000029 0.121604 0.000029 0.000029 0.878194 0.000029 0.000029 0.000029
64 64 (0) 1 : 0.000032 0.000032 0.000032 0.000032 0.000032 0.999744 0.000032 0.000032 0.000032
65 65 (0) 1 : 0.000031 0.000031 0.000032 0.000032 0.000031 0.999748 0.000031 0.000031 0.000031
66 66 (0) 1 : 0.000035 0.000035 0.000035 0.000035 0.000035 0.999721 0.000035 0.000035 0.000035
67 67 (0) 1 : 0.000031 0.000031 0.000031 0.000031 0.000031 0.999754 0.000031 0.000031 0.000031
68 68 (0) 1 : 0.000036 0.000036 0.000036 0.000036 0.000036 0.999715 0.000036 0.000036 0.000036
69 69 (0) 1 : 0.000038 0.000038 0.000038 0.000038 0.000038 0.999695 0.000038 0.000038 0.000038
70 70 (0) 1 : 0.000029 0.000029 0.000029 0.000029 0.000029 0.999768 0.000029 0.000029 0.000029
71 71 (0) 1 : 0.000034 0.000034 0.000034 0.000034 0.000034 0.999727 0.000034 0.000034 0.000034
72 72 (0) 1 : 0.000033 0.000033 0.000033 0.000033 0.000033 0.999734 0.000033 0.000033 0.000033
73 73 (0) 1 : 0.000031 0.000031 0.000031 0.000031 0.000031 0.999752 0.000031 0.000031 0.000031
74 74 (0) 1 : 0.000022 0.000022 0.000022 0.000022 0.000022 0.999824 0.000022 0.000022 0.000022
75 75 (0) 1 : 0.000022 0.000022 0.000022 0.000022 0.000022 0.999826 0.000022 0.000022 0.000022
76 76 (0) 1 : 0.000043 0.000043 0.000043 0.000043 0.000043 0.999658 0.000043 0.000043 0.000043
77 77 (0) 1 : 0.000033 0.000033 0.000033 0.000033 0.000033 0.999733 0.000033 0.000033 0.000033
78 78 (0) 1 : 0.000033 0.000033 0.000033 0.000033 0.000033 0.999737 0.000033 0.000033 0.000033
79 79 (0) 1 : 0.000027 0.000027 0.295530 0.000027 0.000027 0.704279 0.000027 0.000027 0.000027
80 80 (0) 1 : 0.000022 0.000022 0.000022 0.000022 0.000022 0.999827 0.000022 0.000022 0.000022
81 81 (0) 1 : 0.000022 0.000022 0.000022 0.000022 0.000022 0.999827 0.000022 0.000022 0.000022
82 82 (0) 1 : 0.000024 0.000024 0.000024 0.000024 0.000024 0.999806 0.000024 0.000024 0.000024
83 83 (0) 1 : 0.000031 0.000031 0.000031 0.000031 0.000031 0.999749 0.000031 0.000031 0.000031
84 84 (0) 1 : 0.000043 0.000043 0.054616 0.000043 0.000043 0.945086 0.000043 0.000043 0.000043
85 85 (0) 1 : 0.000022 0.000022 0.000022 0.000022 0.000022 0.999824 0.000022 0.000022 0.000022
86 86 (0) 1 : 0.000022 0.000022 0.000022 0.000022 0.000022 0.999827 0.000022 0.000022 0.000022
87 87 (0) 5 : 0.000034 0.000034 0.598532 0.000034 0.000034 0.401233 0.000034 0.000034 0.000034
88 88 (0) 5 : 0.000029 0.000029 0.729513 0.000029 0.000029 0.270284 0.000029 0.000029 0.000029
89 89 (0) 5 : 0.000023 0.000023 0.585227 0.000023 0.000023 0.414614 0.000023 0.000023 0.000023
90 90 (0) 5 : 0.000033 0.000033 0.921654 0.000033 0.000033 0.078113 0.000033 0.000033 0.000033
91 91 (0) 5 : 0.000032 0.000032 0.999747 0.000032 0.000032 0.000032 0.000032 0.000032 0.000032
92 92 (0) 5 : 0.000026 0.000026 0.691346 0.000026 0.000026 0.308475 0.000026 0.000026 0.000026
93 93 (0) 5 : 0.000036 0.000036 0.821981 0.000036 0.000036 0.177768 0.000036 0.000036 0.000036
94 94 (0) 5 : 0.000027 0.000027 0.741200 0.000027 0.000027 0.258613 0.000027 0.000027 0.000027
95 95 (0) 5 : 0.000034 0.000034 0.999725 0.000034 0.000034 0.000034 0.000034 0.000034 0.000034
96 96 (0) 5 : 0.000030 0.000030 0.872821 0.000030 0.000030 0.126965 0.000030 0.000030 0.000030
97 97 (0) 6 : 0.000030 0.000030 0.000030 0.000030 0.000030 0.999757 0.000030 0.000030 0.000030
98 98 (0) 6 : 0.000029 0.000029 0.000029 0.000029 0.000029 0.999767 0.000029 0.000029 0.000029
99 99 (0) 6 : 0.000029 0.000029 0.000029 0.000029 0.000029 0.999765 0.000029 0.000029 0.000029
100 100 (0) 6 : 0.000024 0.000024 0.000024 0.000024 0.000024 0.999810 0.000024 0.000024 0.000024
101 101 (0) 6 : 0.000024 0.000024 0.000024 0.000024 0.000024 0.999810 0.000024 0.000024 0.000024
102 102 (0) 6 : 0.000022 0.000022 0.000022 0.000022 0.000022 0.999821 0.000022 0.000022 0.000022
103 103 (0) 6 : 0.000030 0.000030 0.000030 0.000030 0.000030 0.999761 0.000030 0.000030 0.000030
104 104 (0) 6 : 0.000032 0.000032 0.000032 0.000032 0.000032 0.999748 0.000032 0.000032 0.000032
105 105 (0) 6 : 0.000031 0.000031 0.000031 0.000031 0.000031 0.999752 0.000031 0.000031 0.000031
106 106 (0) 6 : 0.000035 0.000035 0.000035 0.000035 0.000035 0.999721 0.000035 0.000035 0.000035
107 107 (0) 6 : 0.000031 0.000031 0.000031 0.000031 0.000031 0.999751 0.000031 0.000031 0.000031
108 108 (0) 6 : 0.000033 0.000033 0.000033 0.000033 0.000033 0.999738 0.000033 0.000033 0.000033
109 109 (0) 6 : 0.000032 0.000032 0.000032 0.000032 0.000032 0.999743 0.000032 0.000032 0.000032
110 110 (0) 2 : 0.000025 0.000025 0.000025 0.693778 0.000025 0.306049 0.000025 0.000025 0.000025
111 111 (0) 2 : 0.000032 0.000032 0.000032 0.768016 0.000032 0.231762 0.000032 0.000032 0.000032
112 112 (0) 2 : 0.000032 0.000032 0.000032 0.696869 0.000032 0.302905 0.000032 0.000032 0.000032
113 113 (0) 2 : 0.000030 0.000030 0.000030 0.735478 0.000030 0.264315 0.000030 0.000030 0.000030
114 114 (0) 2 : 0.000031 0.000031 0.000031 0.789238 0.000031 0.210547 0.000031 0.000031 0.000031
115 115 (0) 3 : 0.000022 0.000022 0.000022 0.058483 0.000022 0.941364 0.000022 0.000022 0.000022
1 1 (0) 1 : 0.000032 0.000032 0.000032 0.000032 0.999743 0.000032 0.000032 0.000032 0.000032
2 2 (0) 1 : 0.000031 0.000031 0.000031 0.000031 0.999755 0.000031 0.000031 0.000031 0.000031
3 3 (0) 1 : 0.000033 0.000033 0.000033 0.000033 0.999740 0.000033 0.000033 0.000033 0.000033
4 4 (0) 1 : 0.000033 0.000033 0.000033 0.000033 0.999738 0.000033 0.000033 0.000033 0.000033
5 5 (0) 1 : 0.000034 0.000034 0.000034 0.000034 0.999727 0.000034 0.000034 0.000034 0.000034
6 6 (0) 1 : 0.000033 0.000033 0.000033 0.000033 0.999737 0.000033 0.000033 0.000033 0.000033
7 7 (0) 1 : 0.000035 0.000035 0.000035 0.000035 0.999717 0.000035 0.000035 0.000035 0.000035
8 8 (0) 1 : 0.000025 0.000025 0.000025 0.000025 0.999800 0.000025 0.000025 0.000025 0.000025
9 9 (0) 1 : 0.000023 0.000023 0.000023 0.000023 0.999813 0.000023 0.000023 0.000023 0.000023
10 10 (0) 1 : 0.000027 0.000027 0.000027 0.000027 0.999781 0.000027 0.000027 0.000027 0.000027
11 11 (0) 1 : 0.000032 0.000032 0.000032 0.000032 0.999744 0.000032 0.000032 0.000032 0.000032
12 12 (0) 1 : 0.000026 0.000026 0.000026 0.000026 0.999790 0.000026 0.000026 0.000026 0.000026
13 13 (0) 1 : 0.000031 0.000031 0.000031 0.000031 0.999750 0.000031 0.000031 0.000031 0.000031
14 14 (0) 1 : 0.000032 0.000032 0.000032 0.000032 0.999747 0.000032 0.000032 0.000032 0.000032
15 15 (0) 1 : 0.000032 0.000032 0.000032 0.000032 0.999746 0.000032 0.000032 0.000032 0.000032
16 16 (0) 1 : 0.000033 0.000033 0.000033 0.000033 0.999732 0.000033 0.000033 0.000033 0.000033
17 17 (0) 1 : 0.000036 0.000036 0.000036 0.000036 0.999709 0.000036 0.000036 0.000036 0.000036
18 18 (0) 2 : 0.000025 0.000025 0.000025 0.000025 0.000025 0.000025 0.000025 0.000025 0.999803
19 19 (0) 2 : 0.000032 0.000032 0.000032 0.000032 0.000032 0.000032 0.000032 0.000032 0.999746
20 20 (0) 3 : 0.000025 0.000025 0.000025 0.000025 0.947706 0.000025 0.000025 0.000025 0.052118
21 21 (0) 3 : 0.000026 0.000026 0.000026 0.000026 0.966197 0.000026 0.000026 0.000026 0.033620
22 22 (0) 2 : 0.000032 0.000032 0.000032 0.000032 0.000032 0.000032 0.000032 0.000032 0.999741
23 23 (0) 2 : 0.000025 0.000025 0.000025 0.000025 0.000025 0.000025 0.000025 0.000025 0.999800
24 24 (0) 2 : 0.000024 0.000024 0.000024 0.000024 0.000024 0.000024 0.000024 0.000024 0.999807
25 25 (0) 4 : 0.000029 0.000029 0.872821 0.000029 0.126976 0.000029 0.000029 0.000029 0.000029
26 26 (0) 4 : 0.000025 0.000025 0.999798 0.000025 0.000025 0.000025 0.000025 0.000025 0.000025
27 27 (0) 4 : 0.000037 0.000037 0.999702 0.000037 0.000037 0.000037 0.000037 0.000037 0.000037
28 28 (0) 4 : 0.000033 0.000033 0.999738 0.000033 0.000033 0.000033 0.000033 0.000033 0.000033
29 29 (0) 4 : 0.000038 0.000038 0.999693 0.000038 0.000038 0.000038 0.000038 0.000038 0.000038
30 30 (0) 4 : 0.000043 0.000043 0.870711 0.000043 0.128989 0.000043 0.000043 0.000043 0.000043
31 31 (0) 4 : 0.000035 0.000035 0.999720 0.000035 0.000035 0.000035 0.000035 0.000035 0.000035
32 32 (0) 4 : 0.000037 0.000037 0.999708 0.000037 0.000037 0.000037 0.000037 0.000037 0.000037
33 33 (0) 4 : 0.000031 0.000031 0.999749 0.000031 0.000031 0.000031 0.000031 0.000031 0.000031
34 34 (0) 4 : 0.000024 0.000024 0.890342 0.000024 0.109489 0.000024 0.000024 0.000024 0.000024
35 35 (0) 4 : 0.000023 0.000023 0.834983 0.000023 0.164854 0.000023 0.000023 0.000023 0.000023
36 36 (0) 4 : 0.000023 0.000023 0.999814 0.000023 0.000023 0.000023 0.000023 0.000023 0.000023
37 37 (0) 4 : 0.000024 0.000024 0.999811 0.000024 0.000024 0.000024 0.000024 0.000024 0.000024
38 38 (0) 4 : 0.000030 0.000030 0.999761 0.000030 0.000030 0.000030 0.000030 0.000030 0.000030
39 39 (0) 4 : 0.000025 0.000025 0.999802 0.000025 0.000025 0.000025 0.000025 0.000025 0.000025
40 40 (0) 4 : 0.000023 0.000023 0.999814 0.000023 0.000023 0.000023 0.000023 0.000023 0.000023
41 41 (0) 4 : 0.000033 0.000033 0.999737 0.000033 0.000033 0.000033 0.000033 0.000033 0.000033
42 42 (0) 4 : 0.000032 0.000032 0.999744 0.000032 0.000032 0.000032 0.000032 0.000032 0.000032
43 43 (0) 4 : 0.000033 0.000033 0.999733 0.000033 0.000033 0.000033 0.000033 0.000033 0.000033
44 44 (0) 4 : 0.000032 0.000032 0.999743 0.000032 0.000032 0.000032 0.000032 0.000032 0.000032
45 45 (0) 4 : 0.000033 0.000033 0.999740 0.000033 0.000033 0.000033 0.000033 0.000033 0.000033
46 46 (0) 4 : 0.000032 0.000032 0.933500 0.000032 0.066274 0.000032 0.000032 0.000032 0.000032
47 47 (0) 4 : 0.000033 0.000033 0.999733 0.000033 0.000033 0.000033 0.000033 0.000033 0.000033
48 48 (0) 4 : 0.000032 0.000032 0.846386 0.000032 0.153392 0.000032 0.000032 0.000032 0.000032
49 49 (0) 4 : 0.000031 0.000031 0.999752 0.000031 0.000031 0.000031 0.000031 0.000031 0.000031
50 50 (0) 4 : 0.000032 0.000032 0.999745 0.000032 0.000032 0.000032 0.000032 0.000032 0.000032
51 51 (0) 1 : 0.000021 0.000021 0.000021 0.000021 0.999831 0.000021 0.000021 0.000021 0.000021
52 52 (0) 1 : 0.000022 0.000022 0.000022 0.000022 0.999821 0.000022 0.000022 0.000022 0.000022
53 53 (0) 1 : 0.000036 0.000036 0.255411 0.000036 0.744340 0.000036 0.000036 0.000036 0.000036
54 54 (0) 1 : 0.000025 0.000025 0.594150 0.000025 0.405677 0.000025 0.000025 0.000025 0.000025
55 55 (0) 1 : 0.000038 0.000038 0.232315 0.000038 0.767418 0.000038 0.000038 0.000038 0.000038
56 56 (0) 1 : 0.000024 0.000024 0.570804 0.000024 0.429028 0.000024 0.000024 0.000024 0.000024
57 57 (0) 1 : 0.000023 0.000023 0.528922 0.000023 0.470918 0.000023 0.000023 0.000023 0.000023
58 58 (0) 1 : 0.000031 0.000031 0.419803 0.000031 0.579981 0.000031 0.000031 0.000031 0.000031
59 59 (0) 1 : 0.000030 0.000030 0.000030 0.000030 0.999760 0.000030 0.000030 0.000030 0.000030
60 60 (0) 1 : 0.000031 0.000031 0.000031 0.000031 0.999753 0.000031 0.000031 0.000031 0.000031
61 61 (0) 1 : 0.000022 0.000022 0.000022 0.000022 0.999827 0.000022 0.000022 0.000022 0.000022
62 62 (0) 1 : 0.000028 0.000028 0.165766 0.000028 0.834042 0.000028 0.000028 0.000028 0.000028
63 63 (0) 1 : 0.000029 0.000029 0.117455 0.000029 0.882343 0.000029 0.000029 0.000029 0.000029
64 64 (0) 1 : 0.000032 0.000032 0.000032 0.000032 0.999744 0.000032 0.000032 0.000032 0.000032
65 65 (0) 1 : 0.000032 0.000031 0.000032 0.000031 0.999748 0.000031 0.000031 0.000031 0.000032
66 66 (0) 1 : 0.000035 0.000035 0.000035 0.000035 0.999721 0.000035 0.000035 0.000035 0.000035
67 67 (0) 1 : 0.000031 0.000031 0.000031 0.000031 0.999754 0.000031 0.000031 0.000031 0.000031
68 68 (0) 1 : 0.000036 0.000036 0.000036 0.000036 0.999715 0.000036 0.000036 0.000036 0.000036
69 69 (0) 1 : 0.000038 0.000038 0.000038 0.000038 0.999695 0.000038 0.000038 0.000038 0.000038
70 70 (0) 1 : 0.000029 0.000029 0.000029 0.000029 0.999768 0.000029 0.000029 0.000029 0.000029
71 71 (0) 1 : 0.000034 0.000034 0.000034 0.000034 0.999727 0.000034 0.000034 0.000034 0.000034
72 72 (0) 1 : 0.000033 0.000033 0.000033 0.000033 0.999734 0.000033 0.000033 0.000033 0.000033
73 73 (0) 1 : 0.000031 0.000031 0.000031 0.000031 0.999752 0.000031 0.000031 0.000031 0.000031
74 74 (0) 1 : 0.000022 0.000022 0.000022 0.000022 0.999824 0.000022 0.000022 0.000022 0.000022
75 75 (0) 1 : 0.000022 0.000022 0.000022 0.000022 0.999826 0.000022 0.000022 0.000022 0.000022
76 76 (0) 1 : 0.000043 0.000043 0.000043 0.000043 0.999658 0.000043 0.000043 0.000043 0.000043
77 77 (0) 1 : 0.000033 0.000033 0.000033 0.000033 0.999733 0.000033 0.000033 0.000033 0.000033
78 78 (0) 1 : 0.000033 0.000033 0.000033 0.000033 0.999737 0.000033 0.000033 0.000033 0.000033
79 79 (0) 1 : 0.000027 0.000027 0.279667 0.000027 0.720142 0.000027 0.000027 0.000027 0.000027
80 80 (0) 1 : 0.000022 0.000022 0.000022 0.000022 0.999827 0.000022 0.000022 0.000022 0.000022
81 81 (0) 1 : 0.000022 0.000022 0.000022 0.000022 0.999827 0.000022 0.000022 0.000022 0.000022
82 82 (0) 1 : 0.000024 0.000024 0.000024 0.000024 0.999806 0.000024 0.000024 0.000024 0.000024
83 83 (0) 1 : 0.000031 0.000031 0.000031 0.000031 0.999749 0.000031 0.000031 0.000031 0.000031
84 84 (0) 1 : 0.000043 0.000043 0.000043 0.000043 0.999659 0.000043 0.000043 0.000043 0.000043
85 85 (0) 1 : 0.000022 0.000022 0.000022 0.000022 0.999824 0.000022 0.000022 0.000022 0.000022
86 86 (0) 1 : 0.000022 0.000022 0.000022 0.000022 0.999827 0.000022 0.000022 0.000022 0.000022
87 87 (0) 5 : 0.000034 0.000034 0.587104 0.000034 0.412660 0.000034 0.000034 0.000034 0.000034
88 88 (0) 5 : 0.000029 0.000029 0.724430 0.000029 0.275367 0.000029 0.000029 0.000029 0.000029
89 89 (0) 5 : 0.000023 0.000023 0.574051 0.000023 0.425790 0.000023 0.000023 0.000023 0.000023
90 90 (0) 5 : 0.000033 0.000033 0.921306 0.000033 0.078461 0.000033 0.000033 0.000033 0.000033
91 91 (0) 5 : 0.000032 0.000032 0.999747 0.000032 0.000032 0.000032 0.000032 0.000032 0.000032
92 92 (0) 5 : 0.000026 0.000026 0.681304 0.000026 0.318517 0.000026 0.000026 0.000026 0.000026
93 93 (0) 5 : 0.000036 0.000036 0.817250 0.000036 0.182500 0.000036 0.000036 0.000036 0.000036
94 94 (0) 5 : 0.000027 0.000027 0.739814 0.000027 0.259999 0.000027 0.000027 0.000027 0.000027
95 95 (0) 5 : 0.000034 0.000034 0.999725 0.000034 0.000034 0.000034 0.000034 0.000034 0.000034
96 96 (0) 5 : 0.000030 0.000030 0.867661 0.000030 0.132125 0.000030 0.000030 0.000030 0.000030
97 97 (0) 6 : 0.000030 0.000030 0.000030 0.000030 0.999757 0.000030 0.000030 0.000030 0.000030
98 98 (0) 6 : 0.000029 0.000029 0.000029 0.000029 0.999767 0.000029 0.000029 0.000029 0.000029
99 99 (0) 6 : 0.000029 0.000029 0.000029 0.000029 0.999765 0.000029 0.000029 0.000029 0.000029
100 100 (0) 6 : 0.000024 0.000024 0.000024 0.000024 0.999810 0.000024 0.000024 0.000024 0.000024
101 101 (0) 6 : 0.000024 0.000024 0.000024 0.000024 0.999810 0.000024 0.000024 0.000024 0.000024
102 102 (0) 6 : 0.000022 0.000022 0.000022 0.000022 0.999821 0.000022 0.000022 0.000022 0.000022
103 103 (0) 6 : 0.000030 0.000030 0.000030 0.000030 0.999761 0.000030 0.000030 0.000030 0.000030
104 104 (0) 6 : 0.000032 0.000032 0.000032 0.000032 0.999748 0.000032 0.000032 0.000032 0.000032
105 105 (0) 6 : 0.999752 0.000031 0.000031 0.000031 0.000031 0.000031 0.000031 0.000031 0.000031
106 106 (0) 6 : 0.000035 0.000035 0.000035 0.000035 0.999721 0.000035 0.000035 0.000035 0.000035
107 107 (0) 6 : 0.000031 0.000031 0.000031 0.000031 0.999751 0.000031 0.000031 0.000031 0.000031
108 108 (0) 6 : 0.000033 0.000033 0.000033 0.000033 0.999738 0.000033 0.000033 0.000033 0.000033
109 109 (0) 6 : 0.999743 0.000032 0.000032 0.000032 0.000032 0.000032 0.000032 0.000032 0.000032
110 110 (0) 2 : 0.000025 0.000025 0.000025 0.000025 0.000025 0.000025 0.000025 0.000025 0.999802
111 111 (0) 2 : 0.000032 0.000032 0.000032 0.000032 0.000032 0.000032 0.000032 0.000032 0.999746
112 112 (0) 2 : 0.000032 0.000032 0.000032 0.000032 0.000032 0.000032 0.000032 0.000032 0.999742
113 113 (0) 2 : 0.000030 0.000030 0.000030 0.000030 0.000030 0.000030 0.000030 0.000030 0.999764
114 114 (0) 2 : 0.000031 0.000031 0.000031 0.000031 0.000031 0.000031 0.000031 0.000031 0.999754
115 115 (0) 3 : 0.000022 0.000022 0.000022 0.000022 0.945250 0.000022 0.000022 0.000022 0.054596
