1 1 (0) 1 : 0.000032 0.999743 0.000032 0.000032 0.000032 0.000032 0.000032 0.000032 0.000032
2 2 (0) 1 : 0.000031 0.999755 0.000031 0.000031 0.000031 0.000031 0.000031 0.000031 0.000031
3 3 (0) 1 : 0.000033 0.999740 0.000033 0.000033 0.000033 0.000033 0.000033 0.000033 0.000033
4 4 (0) 1 : 0.000033 0.999738 0.000033 0.000033 0.000033 0.000033 0.000033 0.000033 0.000033
5 5 (0) 1 : 0.000034 0.999726 0.000034 0.000034 0.000034 0.000034 0.000034 0.000034 0.000034
6 6 (0) 1 : 0.000033 0.999737 0.000033 0.000033 0.000033 0.000033 0.000033 0.000033 0.000033
7 7 (0) 1 : 0.000035 0.999718 0.000035 0.000035 0.000035 0.000035 0.000035 0.000035 0.000035
8 8 (0) 1 : 0.000025 0.999801 0.000025 0.000025 0.000025 0.000025 0.000025 0.000025 0.000025
9 9 (0) 1 : 0.000023 0.999813 0.000023 0.000023 0.000023 0.000023 0.000023 0.000023 0.000023
10 10 (0) 1 : 0.000027 0.999781 0.000027 0.000027 0.000027 0.000027 0.000027 0.000027 0.000027
11 11 (0) 1 : 0.000032 0.999745 0.000032 0.000032 0.000032 0.000032 0.000032 0.000032 0.000032
12 12 (0) 1 : 0.000026 0.999791 0.000026 0.000026 0.000026 0.000026 0.000026 0.000026 0.000026
13 13 (0) 1 : 0.000031 0.999750 0.000031 0.000031 0.000031 0.000031 0.000031 0.000031 0.000031
14 14 (0) 1 : 0.000032 0.999748 0.000032 0.000032 0.000032 0.000032 0.000032 0.000032 0.000032
15 15 (0) 1 : 0.000032 0.999747 0.000032 0.000032 0.000032 0.000032 0.000032 0.000032 0.000032
16 16 (0) 1 : 0.000033 0.999733 0.000033 0.000033 0.000033 0.000033 0.000033 0.000033 0.000033
17 17 (0) 1 : 0.000036 0.999711 0.000036 0.000036 0.000036 0.000036 0.000036 0.000036 0.000036
18 18 (0) 2 : 0.000025 0.000025 0.000025 0.000025 0.999803 0.000025 0.000025 0.000025 0.000025
19 19 (0) 2 : 0.000032 0.000032 0.000032 0.000032 0.999746 0.000032 0.000032 0.000032 0.000032
20 20 (0) 3 : 0.000025 0.999800 0.000025 0.000025 0.000025 0.000025 0.000025 0.000025 0.000025
21 21 (0) 3 : 0.000026 0.999791 0.000026 0.000026 0.000026 0.000026 0.000026 0.000026 0.000026
22 22 (0) 2 : 0.000032 0.000032 0.000032 0.000032 0.999741 0.000032 0.000032 0.000032 0.000032
23 23 (0) 2 : 0.000025 0.000025 0.000025 0.000025 0.999800 0.000025 0.000025 0.000025 0.000025
24 24 (0) 2 : 0.000024 0.000024 0.000024 0.000024 0.999807 0.000024 0.000024 0.000024 0.000024
25 25 (0) 4 : 0.999770 0.000029 0.000029 0.000029 0.000029 0.000029 0.000029 0.000029 0.000029
26 26 (0) 4 : 0.999799 0.000025 0.000025 0.000025 0.000025 0.000025 0.000025 0.000025 0.000025
27 27 (0) 4 : 0.999704 0.000037 0.000037 0.000037 0.000037 0.000037 0.000037 0.000037 0.000037
28 28 (0) 4 : 0.999739 0.000033 0.000033 0.000033 0.000033 0.000033 0.000033 0.000033 0.000033
29 29 (0) 4 : 0.999693 0.000038 0.000038 0.000038 0.000038 0.000038 0.000038 0.000038 0.000038
30 30 (0) 4 : 0.999659 0.000043 0.000043 0.000043 0.000043 0.000043 0.000043 0.000043 0.000043
31 31 (0) 4 : 0.999721 0.000035 0.000035 0.000035 0.000035 0.000035 0.000035 0.000035 0.000035
32 32 (0) 4 : 0.999707 0.000037 0.000037 0.000037 0.000037 0.000037 0.000037 0.000037 0.000037
33 33 (0) 4 : 0.999750 0.000031 0.000031 0.000031 0.000031 0.000031 0.000031 0.000031 0.000031
34 34 (0) 4 : 0.999808 0.000024 0.000024 0.000024 0.000024 0.000024 0.000024 0.000024 0.000024
35 35 (0) 4 : 0.999815 0.000023 0.000023 0.000023 0.000023 0.000023 0.000023 0.000023 0.000023
36 36 (0) 4 : 0.999814 0.000023 0.000023 0.000023 0.000023 0.000023 0.000023 0.000023 0.000023
37 37 (0) 4 : 0.999811 0.000024 0.000024 0.000024 0.000024 0.000024 0.000024 0.000024 0.000024
38 38 (0) 4 : 0.999761 0.000030 0.000030 0.000030 0.000030 0.000030 0.000030 0.000030 0.000030
39 39 (0) 4 : 0.999802 0.000025 0.000025 0.000025 0.000025 0.000025 0.000025 0.000025 0.000025
40 40 (0) 4 : 0.999815 0.000023 0.000023 0.000023 0.000023 0.000023 0.000023 0.000023 0.000023
41 41 (0) 4 : 0.999736 0.000033 0.000033 0.000033 0.000033 0.000033 0.000033 0.000033 0.000033
42 42 (0) 4 : 0.999745 0.000032 0.000032 0.000032 0.000032 0.000032 0.000032 0.000032 0.000032
43 43 (0) 4 : 0.999734 0.000033 0.000033 0.000033 0.000033 0.000033 0.000033 0.000033 0.000033
44 44 (0) 4 : 0.999743 0.000032 0.000032 0.000032 0.000032 0.000032 0.000032 0.000032 0.000032
45 45 (0) 4 : 0.999740 0.000032 0.000032 0.000032 0.000032 0.000032 0.000032 0.000032 0.000032
46 46 (0) 4 : 0.999743 0.000032 0.000032 0.000032 0.000032 0.000032 0.000032 0.000032 0.000032
47 47 (0) 4 : 0.999733 0.000033 0.000033 0.000033 0.000033 0.000033 0.000033 0.000033 0.000033
48 48 (0) 4 : 0.999747 0.000032 0.000032 0.000032 0.000032 0.000032 0.000032 0.000032 0.000032
49 49 (0) 4 : 0.999752 0.000031 0.000031 0.000031 0.000031 0.000031 0.000031 0.000031 0.000031
50 50 (0) 4 : 0.999746 0.000032 0.000032 0.000032 0.000032 0.000032 0.000032 0.000032 0.000032
51 51 (0) 1 : 0.000021 0.999831 0.000021 0.000021 0.000021 0.000021 0.000021 0.000021 0.000021
52 52 (0) 1 : 0.000022 0.999823 0.000022 0.000022 0.000022 0.000022 0.000022 0.000022 0.000022
53 53 (0) 1 : 0.000036 0.999716 0.000036 0.000036 0.000036 0.000036 0.000036 0.000036 0.000036
54 54 (0) 1 : 0.000025 0.999803 0.000025 0.000025 0.000025 0.000025 0.000025 0.000025 0.000025
55 55 (0) 1 : 0.208925 0.790808 0.000038 0.000038 0.000038 0.000038 0.000038 0.000038 0.000038
56 56 (0) 1 : 0.000024 0.999809 0.000024 0.000024 0.000024 0.000024 0.000024 0.000024 0.000024
57 57 (0) 1 : 0.269873 0.729968 0.000023 0.000023 0.000023 0.000023 0.000023 0.000023 0.000023
58 58 (0) 1 : 0.000031 0.999754 0.000031 0.000031 0.000031 0.000031 0.000031 0.000031 0.000031
59 59 (0) 1 : 0.000030 0.999761 0.000030 0.000030 0.000030 0.000030 0.000030 0.000030 0.000030
60 60 (0) 1 : 0.000031 0.999753 0.000031 0.000031 0.000031 0.000031 0.000031 0.000031 0.000031
61 61 (0) 1 : 0.000022 0.999827 0.000022 0.000022 0.000022 0.000022 0.000022 0.000022 0.000022
62 62 (0) 1 : 0.000027 0.999781 0.000027 0.000027 0.000027 0.000027 0.000027 0.000027 0.000027
63 63 (0) 1 : 0.000029 0.999770 0.000029 0.000029 0.000029 0.000029 0.000029 0.000029 0.000029
64 64 (0) 1 : 0.000032 0.999744 0.000032 0.000032 0.000032 0.000032 0.000032 0.000032 0.000032
65 65 (0) 1 : 0.000031 0.999748 0.000031 0.000031 0.000031 0.000031 0.000031 0.000031 0.000031
66 66 (0) 1 : 0.000035 0.999721 0.000035 0.000035 0.000035 0.000035 0.000035 0.000035 0.000035
67 67 (0) 1 : 0.000031 0.999754 0.000031 0.000031 0.000031 0.000031 0.000031 0.000031 0.000031
68 68 (0) 1 : 0.000036 0.999715 0.000036 0.000036 0.000036 0.000036 0.000036 0.000036 0.000036
69 69 (0) 1 : 0.000038 0.999696 0.000038 0.000038 0.000038 0.000038 0.000038 0.000038 0.000038
70 70 (0) 1 : 0.000029 0.999767 0.000029 0.000029 0.000029 0.000029 0.000029 0.000029 0.000029
71 71 (0) 1 : 0.000034 0.999728 0.000034 0.000034 0.000034 0.000034 0.000034 0.000034 0.000034
72 72 (0) 1 : 0.000033 0.999734 0.000033 0.000033 0.000033 0.000033 0.000033 0.000033 0.000033
73 73 (0) 1 : 0.000031 0.999752 0.000031 0.000031 0.000031 0.000031 0.000031 0.000031 0.000031
74 74 (0) 1 : 0.000022 0.999824 0.000022 0.000022 0.000022 0.000022 0.000022 0.000022 0.000022
75 75 (0) 1 : 0.000022 0.999827 0.000022 0.000022 0.000022 0.000022 0.000022 0.000022 0.000022
76 76 (0) 1 : 0.000043 0.999659 0.000043 0.000043 0.000043 0.000043 0.000043 0.000043 0.000043
77 77 (0) 1 : 0.000033 0.999732 0.000033 0.000033 0.000033 0.000033 0.000033 0.000033 0.000033
78 78 (0) 1 : 0.000033 0.999736 0.000033 0.000033 0.000033 0.000033 0.000033 0.000033 0.000033
79 79 (0) 1 : 0.000027 0.999781 0.000027 0.000027 0.000027 0.000027 0.000027 0.000027 0.000027
80 80 (0) 1 : 0.000022 0.999827 0.000022 0.000022 0.000022 0.000022 0.000022 0.000022 0.000022
81 81 (0) 1 : 0.000022 0.999827 0.000022 0.000022 0.000022 0.000022 0.000022 0.000022 0.000022
82 82 (0) 1 : 0.000024 0.999807 0.000024 0.000024 0.000024 0.000024 0.000024 0.000024 0.000024
83 83 (0) 1 : 0.000031 0.879254 0.000031 0.000031 0.000031 0.000031 0.000031 0.120527 0.000031
84 84 (0) 1 : 0.000043 0.999658 0.000043 0.000043 0.000043 0.000043 0.000043 0.000043 0.000043
85 85 (0) 1 : 0.000022 0.999824 0.000022 0.000022 0.000022 0.000022 0.000022 0.000022 0.000022
86 86 (0) 1 : 0.000022 0.999827 0.000022 0.000022 0.000022 0.000022 0.000022 0.000022 0.000022
87 87 (0) 5 : 0.690735 0.309031 0.000033 0.000033 0.000033 0.000033 0.000033 0.000033 0.000033
88 88 (0) 5 : 0.783420 0.216379 0.000029 0.000029 0.000029 0.000029 0.000029 0.000029 0.000029
89 89 (0) 5 : 0.596011 0.403830 0.000023 0.000023 0.000023 0.000023 0.000023 0.000023 0.000023
90 90 (0) 5 : 0.999733 0.000033 0.000033 0.000033 0.000033 0.000033 0.000033 0.000033 0.000033
91 91 (0) 5 : 0.999747 0.000032 0.000032 0.000032 0.000032 0.000032 0.000032 0.000032 0.000032
92 92 (0) 5 : 0.735182 0.264639 0.000026 0.000026 0.000026 0.000026 0.000026 0.000026 0.000026
93 93 (0) 5 : 0.999715 0.000036 0.000036 0.000036 0.000036 0.000036 0.000036 0.000036 0.000036
94 94 (0) 5 : 0.920523 0.079291 0.000027 0.000027 0.000027 0.000027 0.000027 0.000027 0.000027
95 95 (0) 5 : 0.999726 0.000034 0.000034 0.000034 0.000034 0.000034 0.000034 0.000034 0.000034
96 96 (0) 5 : 0.999756 0.000031 0.000030 0.000030 0.000031 0.000030 0.000030 0.000031 0.000030
97 97 (0) 6 : 0.000030 0.000030 0.000030 0.000030 0.000030 0.000030 0.000030 0.999758 0.000030
98 98 (0) 6 : 0.000029 0.000029 0.000029 0.000029 0.000029 0.000029 0.000029 0.999766 0.000029
99 99 (0) 6 : 0.000029 0.000029 0.000029 0.000029 0.000029 0.000029 0.000029 0.999765 0.000029
100 100 (0) 6 : 0.000024 0.965445 0.000024 0.000024 0.000024 0.000024 0.000024 0.034389 0.000024
101 101 (0) 6 : 0.000024 0.999811 0.000024 0.000024 0.000024 0.000024 0.000024 0.000024 0.000024
102 102 (0) 6 : 0.000022 0.988579 0.000022 0.000022 0.000022 0.000022 0.000022 0.011265 0.000022
103 103 (0) 6 : 0.000030 0.000030 0.000030 0.000030 0.000030 0.000030 0.000030 0.999762 0.000030
104 104 (0) 6 : 0.000032 0.000032 0.000032 0.000032 0.000032 0.000032 0.000032 0.999748 0.000032
105 105 (0) 6 : 0.000031 0.000031 0.000031 0.000031 0.000031 0.000031 0.000031 0.999752 0.000031
106 106 (0) 6 : 0.000035 0.000035 0.000035 0.000035 0.000035 0.000035 0.000035 0.999721 0.000035
107 107 (0) 6 : 0.000031 0.000031 0.000031 0.000031 0.000031 0.000031 0.000031 0.999752 0.000031
108 108 (0) 6 : 0.000033 0.000033 0.000033 0.000033 0.000033 0.000033 0.000033 0.999739 0.000033
109 109 (0) 6 : 0.000032 0.000032 0.000032 0.000032 0.000032 0.000032 0.000032 0.999743 0.000032
110 110 (0) 2 : 0.000025 0.000025 0.000025 0.000025 0.999802 0.000025 0.000025 0.000025 0.000025
111 111 (0) 2 : 0.000032 0.000032 0.000032 0.000032 0.999746 0.000032 0.000032 0.000032 0.000032
112 112 (0) 2 : 0.000032 0.000032 0.000032 0.000032 0.999742 0.000032 0.000032 0.000032 0.000032
113 113 (0) 2 : 0.000030 0.000030 0.000030 0.000030 0.999763 0.000030 0.000030 0.000030 0.000030
114 114 (0) 2 : 0.000031 0.000031 0.000031 0.000031 0.999754 0.000031 0.000031 0.000031 0.000031
115 115 (0) 3 : 0.000022 0.999824 0.000022 0.000022 0.000022 0.000022 0.000022 0.000022 0.000022
1 1 (0) 1 : 0.000032 0.000032 0.000032 0.000032 0.000032 0.999743 0.000032 0.000032 0.000032
2 2 (0) 1 : 0.000031 0.000031 0.000031 0.000031 0.000031 0.999755 0.000031 0.000031 0.000031
3 3 (0) 1 : 0.000033 0.000033 0.000033 0.000033 0.000033 0.999740 0.000033 0.000033 0.000033
4 4 (0) 1 : 0.000033 0.000033 0.000033 0.000033 0.000033 0.999738 0.000033 0.000033 0.000033
5 5 (0) 1 : 0.000034 0.000034 0.000034 0.000034 0.000034 0.999726 0.000034 0.000034 0.000034
6 6 (0) 1 : 0.000033 0.000033 0.000033 0.000033 0.000033 0.999737 0.000033 0.000033 0.000033
7 7 (0) 1 : 0.000035 0.000035 0.000035 0.000035 0.000035 0.999718 0.000035 0.000035 0.000035
8 8 (0) 1 : 0.000025 0.000025 0.000025 0.000025 0.000025 0.999801 0.000025 0.000025 0.000025
9 9 (0) 1 : 0.000023 0.000023 0.000023 0.000023 0.000023 0.999813 0.000023 0.000023 0.000023
10 10 (0) 1 : 0.000027 0.000027 0.000027 0.000027 0.000027 0.999781 0.000027 0.000027 0.000027
11 11 (0) 1 : 0.000032 0.000032 0.000032 0.000032 0.000032 0.999745 0.000032 0.000032 0.000032
12 12 (0) 1 : 0.000026 0.000026 0.000026 0.000026 0.000026 0.999791 0.000026 0.000026 0.000026
13 13 (0) 1 : 0.000031 0.000031 0.000031 0.000031 0.000031 0.999750 0.000031 0.000031 0.000031
14 14 (0) 1 : 0.000032 0.000032 0.000032 0.000032 0.000032 0.999748 0.000032 0.000032 0.000032
15 15 (0) 1 : 0.000032 0.000032 0.000032 0.000032 0.000032 0.999747 0.000032 0.000032 0.000032
16 16 (0) 1 : 0.000033 0.000033 0.000033 0.000033 0.000033 0.999733 0.000033 0.000033 0.000033
17 17 (0) 1 : 0.000036 0.000036 0.000036 0.000036 0.000036 0.999711 0.000036 0.000036 0.000036
18 18 (0) 2 : 0.000025 0.000025 0.000025 0.000025 0.000025 0.000025 0.999803 0.000025 0.000025
19 19 (0) 2 : 0.000032 0.000032 0.000032 0.000032 0.000032 0.000032 0.999746 0.000032 0.000032
20 20 (0) 3 : 0.000025 0.000025 0.000025 0.000025 0.000025 0.956008 0.043817 0.000025 0.000025
21 21 (0) 3 : 0.000026 0.000026 0.000026 0.000026 0.000026 0.959832 0.039985 0.000026 0.000026
22 22 (0) 2 : 0.000032 0.000032 0.000032 0.000032 0.000032 0.000032 0.999741 0.000032 0.000032
23 23 (0) 2 : 0.000025 0.000025 0.000025 0.000025 0.000025 0.000025 0.999800 0.000025 0.000025
24 24 (0) 2 : 0.000024 0.000024 0.000024 0.000024 0.000024 0.000024 0.999807 0.000024 0.000024
25 25 (0) 4 : 0.902117 0.000029 0.000029 0.000029 0.000029 0.097682 0.000029 0.000029 0.000029
26 26 (0) 4 : 0.999799 0.000025 0.000025 0.000025 0.000025 0.000025 0.000025 0.000025 0.000025
27 27 (0) 4 : 0.999704 0.000037 0.000037 0.000037 0.000037 0.000037 0.000037 0.000037 0.000037
28 28 (0) 4 : 0.999739 0.000033 0.000033 0.000033 0.000033 0.000033 0.000033 0.000033 0.000033
29 29 (0) 4 : 0.999693 0.000038 0.000038 0.000038 0.000038 0.000038 0.000038 0.000038 0.000038
30 30 (0) 4 : 0.891527 0.000043 0.000043 0.000043 0.000043 0.108175 0.000043 0.000043 0.000043
31 31 (0) 4 : 0.999721 0.000035 0.000035 0.000035 0.000035 0.000035 0.000035 0.000035 0.000035
32 32 (0) 4 : 0.999707 0.000037 0.000037 0.000037 0.000037 0.000037 0.000037 0.000037 0.000037
33 33 (0) 4 : 0.999750 0.000031 0.000031 0.000031 0.000031 0.000031 0.000031 0.000031 0.000031
34 34 (0) 4 : 0.999808 0.000024 0.000024 0.000024 0.000024 0.000024 0.000024 0.000024 0.000024
35 35 (0) 4 : 0.911051 0.000023 0.000023 0.000023 0.000023 0.088787 0.000023 0.000023 0.000023
36 36 (0) 4 : 0.999814 0.000023 0.000023 0.000023 0.000023 0.000023 0.000023 0.000023 0.000023
37 37 (0) 4 : 0.999811 0.000024 0.000024 0.000024 0.000024 0.000024 0.000024 0.000024 0.000024
38 38 (0) 4 : 0.999761 0.000030 0.000030 0.000030 0.000030 0.000030 0.000030 0.000030 0.000030
39 39 (0) 4 : 0.999802 0.000025 0.000025 0.000025 0.000025 0.000025 0.000025 0.000025 0.000025
40 40 (0) 4 : 0.999815 0.000023 0.000023 0.000023 0.000023 0.000023 0.000023 0.000023 0.000023
41 41 (0) 4 : 0.999736 0.000033 0.000033 0.000033 0.000033 0.000033 0.000033 0.000033 0.000033
42 42 (0) 4 : 0.999745 0.000032 0.000032 0.000032 0.000032 0.000032 0.000032 0.000032 0.000032
43 43 (0) 4 : 0.999734 0.000033 0.000033 0.000033 0.000033 0.000033 0.000033 0.000033 0.000033
44 44 (0) 4 : 0.999743 0.000032 0.000032 0.000032 0.000032 0.000032 0.000032 0.000032 0.000032
45 45 (0) 4 : 0.999741 0.000032 0.000032 0.000032 0.000032 0.000032 0.000032 0.000032 0.000032
46 46 (0) 4 : 0.999743 0.000032 0.000032 0.000032 0.000032 0.000032 0.000032 0.000032 0.000032
47 47 (0) 4 : 0.999733 0.000033 0.000033 0.000033 0.000033 0.000033 0.000033 0.000033 0.000033
48 48 (0) 4 : 0.911200 0.000032 0.000032 0.000032 0.000032 0.088578 0.000032 0.000032 0.000032
49 49 (0) 4 : 0.999752 0.000031 0.000031 0.000031 0.000031 0.000031 0.000031 0.000031 0.000031
50 50 (0) 4 : 0.999746 0.000032 0.000032 0.000032 0.000032 0.000032 0.000032 0.000032 0.000032
51 51 (0) 1 : 0.000021 0.000021 0.000021 0.000021 0.000021 0.999831 0.000021 0.000021 0.000021
52 52 (0) 1 : 0.000022 0.000022 0.000022 0.000022 0.000022 0.999823 0.000022 0.000022 0.000022
53 53 (0) 1 : 0.315124 0.000036 0.000036 0.000036 0.000036 0.684627 0.000036 0.000036 0.000036
54 54 (0) 1 : 0.599198 0.000025 0.000025 0.000025 0.000025 0.400629 0.000025 0.000025 0.000025
55 55 (0) 1 : 0.331278 0.000038 0.000038 0.000038 0.000038 0.668455 0.000038 0.000038 0.000038
56 56 (0) 1 : 0.537028 0.000024 0.000024 0.000024 0.000024 0.462805 0.000024 0.000024 0.000024
57 57 (0) 1 : 0.514807 0.000023 0.000023 0.000023 0.000023 0.485033 0.000023 0.000023 0.000023
58 58 (0) 1 : 0.414921 0.000031 0.000031 0.000031 0.000031 0.584864 0.000031 0.000031 0.000031
59 59 (0) 1 : 0.000030 0.000030 0.000030 0.000030 0.000030 0.999761 0.000030 0.000030 0.000030
60 60 (0) 1 : 0.000031 0.000031 0.000031 0.000031 0.000031 0.999753 0.000031 0.000031 0.000031
61 61 (0) 1 : 0.000022 0.000022 0.000022 0.000022 0.000022 0.999827 0.000022 0.000022 0.000022
62 62 (0) 1 : 0.157266 0.000027 0.000027 0.000027 0.000027 0.842542 0.000027 0.000027 0.000027
63 63 (0) 1 : 0.120910 0.000029 0.000029 0.000029 0.000029 0.878889 0.000029 0.000029 0.000029
64 64 (0) 1 : 0.000032 0.000032 0.000032 0.000032 0.000032 0.999744 0.000032 0.000032 0.000032
65 65 (0) 1 : 0.000031 0.000031 0.000031 0.000031 0.000031 0.999748 0.000031 0.000031 0.000031
66 66 (0) 1 : 0.000035 0.000035 0.000035 0.000035 0.000035 0.999721 0.000035 0.000035 0.000035
67 67 (0) 1 : 0.000031 0.000031 0.000031 0.000031 0.000031 0.999754 0.000031 0.000031 0.000031
68 68 (0) 1 : 0.000036 0.000036 0.000036 0.000036 0.000036 0.999715 0.000036 0.000036 0.000036
69 69 (0) 1 : 0.000038 0.000038 0.000038 0.000038 0.000038 0.999696 0.000038 0.000038 0.000038
70 70 (0) 1 : 0.000029 0.000029 0.000029 0.000029 0.000029 0.999767 0.000029 0.000029 0.000029
71 71 (0) 1 : 0.000034 0.000034 0.000034 0.000034 0.000034 0.999728 0.000034 0.000034 0.000034
72 72 (0) 1 : 0.000033 0.000033 0.000033 0.000033 0.000033 0.999734 0.000033 0.000033 0.000033
73 73 (0) 1 : 0.000031 0.000031 0.000031 0.000031 0.000031 0.999752 0.000031 0.000031 0.000031
74 74 (0) 1 : 0.000022 0.000022 0.000022 0.000022 0.000022 0.999824 0.000022 0.000022 0.000022
75 75 (0) 1 : 0.000022 0.000022 0.000022 0.000022 0.000022 0.999827 0.000022 0.000022 0.000022
76 76 (0) 1 : 0.000043 0.000043 0.000043 0.000043 0.000043 0.999659 0.000043 0.000043 0.000043
77 77 (0) 1 : 0.000033 0.000033 0.000033 0.000033 0.000033 0.999732 0.000033 0.000033 0.000033
78 78 (0) 1 : 0.000033 0.000033 0.000033 0.000033 0.000033 0.999737 0.000033 0.000033 0.000033
79 79 (0) 1 : 0.296081 0.000027 0.000027 0.000027 0.000027 0.703728 0.000027 0.000027 0.000027
80 80 (0) 1 : 0.000022 0.000022 0.000022 0.000022 0.000022 0.999827 0.000022 0.000022 0.000022
81 81 (0) 1 : 0.000022 0.000022 0.000022 0.000022 0.000022 0.999827 0.000022 0.000022 0.000022
82 82 (0) 1 : 0.000024 0.000024 0.000024 0.000024 0.000024 0.999807 0.000024 0.000024 0.000024
83 83 (0) 1 : 0.000031 0.000031 0.000031 0.000031 0.000031 0.999749 0.000031 0.000031 0.000031
84 84 (0) 1 : 0.000043 0.000043 0.000043 0.000043 0.000043 0.999658 0.000043 0.000043 0.000043
85 85 (0) 1 : 0.000022 0.000022 0.000022 0.000022 0.000022 0.999824 0.000022 0.000022 0.000022
86 86 (0) 1 : 0.000022 0.000022 0.000022 0.000022 0.000022 0.999827 0.000022 0.000022 0.000022
87 87 (0) 5 : 0.664030 0.000033 0.000033 0.000033 0.000033 0.335736 0.000033 0.000033 0.000033
88 88 (0) 5 : 0.695037 0.000029 0.000029 0.000029 0.000029 0.304761 0.000029 0.000029 0.000029
89 89 (0) 5 : 0.550150 0.000023 0.000023 0.000023 0.000023 0.449691 0.000023 0.000023 0.000023
90 90 (0) 5 : 0.866639 0.000033 0.000033 0.000033 0.000033 0.133128 0.000033 0.000033 0.000033
91 91 (0) 5 : 0.999747 0.000032 0.000032 0.000032 0.000032 0.000032 0.000032 0.000032 0.000032
92 92 (0) 5 : 0.690624 0.000026 0.000026 0.000026 0.000026 0.309198 0.000026 0.000026 0.000026
93 93 (0) 5 : 0.805554 0.000036 0.000036 0.000036 0.000036 0.194197 0.000036 0.000036 0.000036
94 94 (0) 5 : 0.789474 0.000027 0.000027 0.000027 0.000027 0.210340 0.000027 0.000027 0.000027
95 95 (0) 5 : 0.999726 0.000034 0.000034 0.000034 0.000034 0.000034 0.000034 0.000034 0.000034
96 96 (0) 5 : 0.820366 0.000030 0.000030 0.000030 0.000030 0.179421 0.000031 0.000030 0.000030
97 97 (0) 6 : 0.000030 0.000030 0.000030 0.000030 0.000030 0.999758 0.000030 0.000030 0.000030
98 98 (0) 6 : 0.000029 0.000029 0.000029 0.000029 0.000029 0.999766 0.000029 0.000029 0.000029
99 99 (0) 6 : 0.000029 0.000029 0.000029 0.000029 0.000029 0.999765 0.000029 0.000029 0.000029
100 100 (0) 6 : 0.000024 0.000024 0.000024 0.000024 0.000024 0.999810 0.000024 0.000024 0.000024
101 101 (0) 6 : 0.000024 0.000024 0.000024 0.000024 0.000024 0.999811 0.000024 0.000024 0.000024
102 102 (0) 6 : 0.000022 0.000022 0.000022 0.000022 0.000022 0.999821 0.000022 0.000022 0.000022
103 103 (0) 6 : 0.000030 0.000030 0.000030 0.000030 0.000030 0.999762 0.000030 0.000030 0.000030
104 104 (0) 6 : 0.000032 0.000032 0.000032 0.000032 0.000032 0.999748 0.000032 0.000032 0.000032
105 105 (0) 6 : 0.000031 0.000031 0.000031 0.000031 0.000031 0.999752 0.000031 0.000031 0.000031
106 106 (0) 6 : 0.000035 0.000035 0.000035 0.000035 0.000035 0.999721 0.000035 0.000035 0.000035
107 107 (0) 6 : 0.000031 0.000031 0.000031 0.000031 0.000031 0.999752 0.000031 0.000031 0.000031
108 108 (0) 6 : 0.000033 0.000033 0.000033 0.000033 0.000033 0.999739 0.000033 0.000033 0.000033
109 109 (0) 6 : 0.000032 0.000032 0.000032 0.000032 0.000032 0.999743 0.000032 0.000032 0.000032
110 110 (0) 2 : 0.000025 0.000025 0.000025 0.000025 0.000025 0.000025 0.999802 0.000025 0.000025
111 111 (0) 2 : 0.000032 0.000032 0.000032 0.000032 0.000032 0.000032 0.999746 0.000032 0.000032
112 112 (0) 2 : 0.000032 0.000032 0.000032 0.000032 0.000032 0.000032 0.999742 0.000032 0.000032
113 113 (0) 2 : 0.000030 0.000030 0.000030 0.000030 0.000030 0.000030 0.999763 0.000030 0.000030
114 114 (0) 2 : 0.000031 0.000031 0.000031 0.000031 0.000031 0.000031 0.999754 0.000031 0.000031
115 115 (0) 3 : 0.000022 0.000022 0.000022 0.000022 0.000022 0.932274 0.067572 0.000022 0.000022
1 1 (0) 1 : 0.000032 0.999743 0.000032 0.000032 0.000032 0.000032 0.000032 0.000032 0.000032
2 2 (0) 1 : 0.000031 0.999755 0.000031 0.000031 0.000031 0.000031 0.000031 0.000031 0.000031
3 3 (0) 1 : 0.000033 0.999740 0.000033 0.000033 0.000033 0.000033 0.000033 0.000033 0.000033
4 4 (0) 1 : 0.000033 0.999738 0.000033 0.000033 0.000033 0.000033 0.000033 0.000033 0.000033
5 5 (0) 1 : 0.000034 0.999726 0.000034 0.000034 0.000034 0.000034 0.000034 0.000034 0.000034
6 6 (0) 1 : 0.000033 0.999737 0.000033 0.000033 0.000033 0.000033 0.000033 0.000033 0.000033
7 7 (0) 1 : 0.000035 0.999718 0.000035 0.000035 0.000035 0.000035 0.000035 0.000035 0.000035
8 8 (0) 1 : 0.000025 0.999801 0.000025 0.000025 0.000025 0.000025 0.000025 0.000025 0.000025
9 9 (0) 1 : 0.000023 0.999813 0.000023 0.000023 0.000023 0.000023 0.000023 0.000023 0.000023
10 10 (0) 1 : 0.000027 0.999781 0.000027 0.000027 0.000027 0.000027 0.000027 0.000027 0.000027
11 11 (0) 1 : 0.000032 0.999745 0.000032 0.000032 0.000032 0.000032 0.000032 0.000032 0.000032
12 12 (0) 1 : 0.000026 0.999791 0.000026 0.000026 0.000026 0.000026 0.000026 0.000026 0.000026
13 13 (0) 1 : 0.000031 0.999750 0.000031 0.000031 0.000031 0.000031 0.000031 0.000031 0.000031
14 14 (0) 1 : 0.000032 0.999748 0.000032 0.000032 0.000032 0.000032 0.000032 0.000032 0.000032
15 15 (0) 1 : 0.000032 0.999747 0.000032 0.000032 0.000032 0.000032 0.000032 0.000032 0.000032
16 16 (0) 1 : 0.000033 0.999733 0.000033 0.000033 0.000033 0.000033 0.000033 0.000033 0.000033
17 17 (0) 1 : 0.000036 0.999711 0.000036 0.000036 0.000036 0.000036 0.000036 0.000036 0.000036
18 18 (0) 2 : 0.000025 0.000025 0.000025 0.000025 0.999803 0.000025 0.000025 0.000025 0.000025
19 19 (0) 2 : 0.000032 0.000032 0.000032 0.000032 0.999746 0.000032 0.000032 0.000032 0.000032
20 20 (0) 3 : 0.000025 0.999800 0.000025 0.000025 0.000025 0.000025 0.000025 0.000025 0.000025
21 21 (0) 3 : 0.000026 0.999791 0.000026 0.000026 0.000026 0.000026 0.000026 0.000026 0.000026
22 22 (0) 2 : 0.000032 0.000032 0.000032 0.000032 0.999741 0.000032 0.000032 0.000032 0.000032
23 23 (0) 2 : 0.000025 0.000025 0.000025 0.000025 0.999800 0.000025 0.000025 0.000025 0.000025
24 24 (0) 2 : 0.000024 0.000024 0.000024 0.000024 0.999807 0.000024 0.000024 0.000024 0.000024
25 25 (0) 4 : 0.000029 0.000029 0.000029 0.000029 0.000029 0.000029 0.999770 0.000029 0.000029
26 26 (0) 4 : 0.000025 0.000025 0.000025 0.000025 0.000025 0.000025 0.999799 0.000025 0.000025
27 27 (0) 4 : 0.000037 0.000037 0.000037 0.000037 0.000037 0.000037 0.999704 0.000037 0.000037
28 28 (0) 4 : 0.000033 0.000033 0.000033 0.000033 0.000033 0.000033 0.999739 0.000033 0.000033
29 29 (0) 4 : 0.000038 0.000038 0.000038 0.000038 0.000038 0.000038 0.999693 0.000038 0.000038
30 30 (0) 4 : 0.000043 0.132414 0.000043 0.000043 0.000043 0.000043 0.867288 0.000043 0.000043
31 31 (0) 4 : 0.000035 0.000035 0.000035 0.000035 0.000035 0.000035 0.999721 0.000035 0.000035
32 32 (0) 4 : 0.000037 0.000037 0.000037 0.000037 0.000037 0.000037 0.999707 0.000037 0.000037
33 33 (0) 4 : 0.000031 0.000031 0.000031 0.000031 0.000031 0.000031 0.999750 0.000031 0.000031
34 34 (0) 4 : 0.000024 0.000024 0.000024 0.000024 0.000024 0.000024 0.999808 0.000024 0.000024
35 35 (0) 4 : 0.000023 0.000023 0.000023 0.000023 0.000023 0.000023 0.999815 0.000023 0.000023
36 36 (0) 4 : 0.000023 0.000023 0.000023 0.000023 0.000023 0.000023 0.999814 0.000023 0.000023
37 37 (0) 4 : 0.000024 0.000024 0.000024 0.000024 0.000024 0.000024 0.999811 0.000024 0.000024
38 38 (0) 4 : 0.000030 0.000030 0.000030 0.000030 0.000030 0.000030 0.999761 0.000030 0.000030
39 39 (0) 4 : 0.000025 0.000025 0.000025 0.000025 0.000025 0.000025 0.999802 0.000025 0.000025
40 40 (0) 4 : 0.000023 0.000023 0.000023 0.000023 0.000023 0.000023 0.999815 0.000023 0.000023
41 41 (0) 4 : 0.000033 0.000033 0.000033 0.000033 0.000033 0.000033 0.999736 0.000033 0.000033
42 42 (0) 4 : 0.000032 0.000032 0.000032 0.000032 0.000032 0.000032 0.999745 0.000032 0.000032
43 43 (0) 4 : 0.000033 0.000033 0.000033 0.000033 0.000033 0.000033 0.999734 0.000033 0.000033
44 44 (0) 4 : 0.000032 0.000032 0.000032 0.000032 0.000032 0.000032 0.999743 0.000032 0.000032
45 45 (0) 4 : 0.000032 0.000032 0.000032 0.000032 0.000032 0.000032 0.999741 0.000032 0.000032
46 46 (0) 4 : 0.000032 0.000032 0.000032 0.000032 0.000032 0.000032 0.999743 0.000032 0.000032
47 47 (0) 4 : 0.000033 0.000033 0.000033 0.000033 0.000033 0.000033 0.999733 0.000033 0.000033
48 48 (0) 4 : 0.000032 0.089677 0.000032 0.000032 0.000032 0.000032 0.910101 0.000032 0.000032
49 49 (0) 4 : 0.000031 0.000031 0.000031 0.000031 0.000031 0.000031 0.999752 0.000031 0.000031
50 50 (0) 4 : 0.000032 0.000032 0.000032 0.000032 0.000032 0.000032 0.999746 0.000032 0.000032
51 51 (0) 1 : 0.000021 0.999831 0.000021 0.000021 0.000021 0.000021 0.000021 0.000021 0.000021
52 52 (0) 1 : 0.000022 0.999823 0.000022 0.000022 0.000022 0.000022 0.000022 0.000022 0.000022
53 53 (0) 1 : 0.000036 0.932693 0.000036 0.000036 0.000036 0.000036 0.000036 0.067058 0.000036
54 54 (0) 1 : 0.000025 0.000025 0.000025 0.000025 0.000025 0.000025 0.000025 0.999803 0.000025
55 55 (0) 1 : 0.000038 0.999694 0.000038 0.000038 0.000038 0.000038 0.000038 0.000038 0.000038
56 56 (0) 1 : 0.000024 0.949302 0.000024 0.000024 0.000024 0.000024 0.000024 0.050530 0.000024
57 57 (0) 1 : 0.000023 0.981996 0.000023 0.000023 0.000023 0.000023 0.000023 0.017844 0.000023
58 58 (0) 1 : 0.000031 0.999754 0.000031 0.000031 0.000031 0.000031 0.000031 0.000031 0.000031
59 59 (0) 1 : 0.000030 0.999761 0.000030 0.000030 0.000030 0.000030 0.000030 0.000030 0.000030
60 60 (0) 1 : 0.000031 0.999753 0.000031 0.000031 0.000031 0.000031 0.000031 0.000031 0.000031
61 61 (0) 1 : 0.000022 0.999827 0.000022 0.000022 0.000022 0.000022 0.000022 0.000022 0.000022
62 62 (0) 1 : 0.000027 0.999781 0.000027 0.000027 0.000027 0.000027 0.000027 0.000027 0.000027
63 63 (0) 1 : 0.000029 0.999770 0.000029 0.000029 0.000029 0.000029 0.000029 0.000029 0.000029
64 64 (0) 1 : 0.000032 0.999744 0.000032 0.000032 0.000032 0.000032 0.000032 0.000032 0.000032
65 65 (0) 1 : 0.000031 0.999748 0.000031 0.000031 0.000031 0.000031 0.000031 0.000031 0.000031
66 66 (0) 1 : 0.000035 0.999721 0.000035 0.000035 0.000035 0.000035 0.000035 0.000035 0.000035
67 67 (0) 1 : 0.000031 0.999754 0.000031 0.000031 0.000031 0.000031 0.000031 0.000031 0.000031
68 68 (0) 1 : 0.000036 0.999715 0.000036 0.000036 0.000036 0.000036 0.000036 0.000036 0.000036
69 69 (0) 1 : 0.000038 0.999696 0.000038 0.000038 0.000038 0.000038 0.000038 0.000038 0.000038
70 70 (0) 1 : 0.000029 0.999767 0.000029 0.000029 0.000029 0.000029 0.000029 0.000029 0.000029
71 71 (0) 1 : 0.000034 0.999728 0.000034 0.000034 0.000034 0.000034 0.000034 0.000034 0.000034
72 72 (0) 1 : 0.000033 0.999734 0.000033 0.000033 0.000033 0.000033 0.000033 0.000033 0.000033
73 73 (0) 1 : 0.000031 0.999752 0.000031 0.000031 0.000031 0.000031 0.000031 0.000031 0.000031
74 74 (0) 1 : 0.000022 0.999824 0.000022 0.000022 0.000022 0.000022 0.000022 0.000022 0.000022
75 75 (0) 1 : 0.000022 0.999827 0.000022 0.000022 0.000022 0.000022 0.000022 0.000022 0.000022
76 76 (0) 1 : 0.000043 0.999659 0.000043 0.000043 0.000043 0.000043 0.000043 0.000043 0.000043
77 77 (0) 1 : 0.000033 0.999732 0.000033 0.000033 0.000033 0.000033 0.000033 0.000033 0.000033
78 78 (0) 1 : 0.000033 0.999737 0.000033 0.000033 0.000033 0.000033 0.000033 0.000033 0.000033
79 79 (0) 1 : 0.000027 0.999781 0.000027 0.000027 0.000027 0.000027 0.000027 0.000027 0.000027
80 80 (0) 1 : 0.000022 0.999827 0.000022 0.000022 0.000022 0.000022 0.000022 0.000022 0.000022
81 81 (0) 1 : 0.000022 0.999827 0.000022 0.000022 0.000022 0.000022 0.000022 0.000022 0.000022
82 82 (0) 1 : 0.000024 0.999807 0.000024 0.000024 0.000024 0.000024 0.000024 0.000024 0.000024
83 83 (0) 1 : 0.000031 0.999749 0.000031 0.000031 0.000031 0.000031 0.000031 0.000031 0.000031
84 84 (0) 1 : 0.000043 0.999658 0.000043 0.000043 0.000043 0.000043 0.000043 0.000043 0.000043
85 85 (0) 1 : 0.000022 0.999824 0.000022 0.000022 0.000022 0.000022 0.000022 0.000022 0.000022
86 86 (0) 1 : 0.000022 0.999827 0.000022 0.000022 0.000022 0.000022 0.000022 0.000022 0.000022
87 87 (0) 5 : 0.000033 0.360608 0.000033 0.000033 0.000033 0.000033 0.639158 0.000033 0.000033
88 88 (0) 5 : 0.000029 0.276198 0.000029 0.000029 0.000029 0.000029 0.723600 0.000029 0.000029
89 89 (0) 5 : 0.000023 0.433680 0.000023 0.000023 0.000023 0.000023 0.566161 0.000023 0.000023
90 90 (0) 5 : 0.000033 0.164184 0.000033 0.000033 0.000033 0.000033 0.835583 0.000033 0.000033
91 91 (0) 5 : 0.000032 0.012913 0.000032 0.000032 0.000032 0.000032 0.986866 0.000032 0.000032
92 92 (0) 5 : 0.000026 0.313423 0.000026 0.000026 0.000026 0.000026 0.686398 0.000026 0.000026
93 93 (0) 5 : 0.000036 0.217191 0.000036 0.000036 0.000036 0.000036 0.782560 0.000036 0.000036
94 94 (0) 5 : 0.000027 0.142280 0.000027 0.000027 0.000027 0.000027 0.857534 0.000027 0.000027
95 95 (0) 5 : 0.000034 0.061535 0.000034 0.000034 0.000034 0.000034 0.938225 0.000034 0.000034
96 96 (0) 5 : 0.000030 0.203043 0.000030 0.000030 0.000031 0.000030 0.796744 0.000030 0.000030
97 97 (0) 6 : 0.000030 0.999758 0.000030 0.000030 0.000030 0.000030 0.000030 0.000030 0.000030
98 98 (0) 6 : 0.000029 0.999766 0.000029 0.000029 0.000029 0.000029 0.000029 0.000029 0.000029
99 99 (0) 6 : 0.000029 0.999765 0.000029 0.000029 0.000029 0.000029 0.000029 0.000029 0.000029
100 100 (0) 6 : 0.000024 0.999810 0.000024 0.000024 0.000024 0.000024 0.000024 0.000024 0.000024
101 101 (0) 6 : 0.000024 0.999811 0.000024 0.000024 0.000024 0.000024 0.000024 0.000024 0.000024
102 102 (0) 6 : 0.000022 0.999821 0.000022 0.000022 0.000022 0.000022 0.000022 0.000022 0.000022
103 103 (0) 6 : 0.000030 0.999762 0.000030 0.000030 0.000030 0.000030 0.000030 0.000030 0.000030
104 104 (0) 6 : 0.000032 0.999748 0.000032 0.000032 0.000032 0.000032 0.000032 0.000032 0.000032
105 105 (0) 6 : 0.000031 0.999752 0.000031 0.000031 0.000031 0.000031 0.000031 0.000031 0.000031
106 106 (0) 6 : 0.000035 0.999721 0.000035 0.000035 0.000035 0.000035 0.000035 0.000035 0.000035
107 107 (0) 6 : 0.000031 0.999752 0.000031 0.000031 0.000031 0.000031 0.000031 0.000031 0.000031
108 108 (0) 6 : 0.000033 0.999739 0.000033 0.000033 0.000033 0.000033 0.000033 0.000033 0.000033
109 109 (0) 6 : 0.000032 0.999743 0.000032 0.000032 0.000032 0.000032 0.000032 0.000032 0.000032
110 110 (0) 2 : 0.000025 0.176469 0.000025 0.000025 0.823357 0.000025 0.000025 0.000025 0.000025
111 111 (0) 2 : 0.000032 0.000032 0.000032 0.000032 0.999746 0.000032 0.000032 0.000032 0.000032
112 112 (0) 2 : 0.000032 0.117609 0.000032 0.000032 0.882165 0.000032 0.000032 0.000032 0.000032
113 113 (0) 2 : 0.000030 0.000030 0.000030 0.000030 0.999763 0.000030 0.000030 0.000030 0.000030
114 114 (0) 2 : 0.000031 0.000031 0.000031 0.000031 0.999754 0.000031 0.000031 0.000031 0.000031
115 115 (0) 3 : 0.000022 0.951274 0.000022 0.000022 0.048572 0.000022 0.000022 0.000022 0.000022
1 1 (0) 1 : 0.000032 0.000032 0.000032 0.000032 0.000032 0.999743 0.000032 0.000032 0.000032
2 2 (0) 1 : 0.000031 0.000031 0.000031 0.000031 0.000031 0.999755 0.000031 0.000031 0.000031
3 3 (0) 1 : 0.000033 0.000033 0.000033 0.000033 0.000033 0.999740 0.000033 0.000033 0.000033
4 4 (0) 1 : 0.000033 0.000033 0.000033 0.000033 0.000033 0.999738 0.000033 0.000033 0.000033
5 5 (0) 1 : 0.000034 0.000034 0.000034 0.000034 0.000034 0.999726 0.000034 0.000034 0.000034
6 6 (0) 1 : 0.000033 0.000033 0.000033 0.000033 0.000033 0.999737 0.000033 0.000033 0.000033
7 7 (0) 1 : 0.000035 0.000035 0.000035 0.000035 0.000035 0.999718 0.000035 0.000035 0.000035
8 8 (0) 1 : 0.000025 0.000025 0.000025 0.000025 0.000025 0.999801 0.000025 0.000025 0.000025
9 9 (0) 1 : 0.000023 0.000023 0.000023 0.000023 0.000023 0.999813 0.000023 0.000023 0.000023
10 10 (0) 1 : 0.000027 0.000027 0.000027 0.000027 0.000027 0.999781 0.000027 0.000027 0.000027
11 11 (0) 1 : 0.000032 0.000032 0.000032 0.000032 0.000032 0.999745 0.000032 0.000032 0.000032
12 12 (0) 1 : 0.000026 0.000026 0.000026 0.000026 0.000026 0.999791 0.000026 0.000026 0.000026
13 13 (0) 1 : 0.000031 0.000031 0.000031 0.000031 0.000031 0.999750 0.000031 0.000031 0.000031
14 14 (0) 1 : 0.000032 0.000032 0.000032 0.000032 0.000032 0.999748 0.000032 0.000032 0.000032
15 15 (0) 1 : 0.000032 0.000032 0.000032 0.000032 0.000032 0.999747 0.000032 0.000032 0.000032
16 16 (0) 1 : 0.000033 0.000033 0.000033 0.000033 0.000033 0.999733 0.000033 0.000033 0.000033
17 17 (0) 1 : 0.000036 0.000036 0.000036 0.000036 0.000036 0.999711 0.000036 0.000036 0.000036
18 18 (0) 2 : 0.000025 0.999803 0.000025 0.000025 0.000025 0.000025 0.000025 0.000025 0.000025
19 19 (0) 2 : 0.000032 0.999746 0.000032 0.000032 0.000032 0.000032 0.000032 0.000032 0.000032
20 20 (0) 3 : 0.000025 0.045252 0.000025 0.000025 0.000025 0.954573 0.000025 0.000025 0.000025
21 21 (0) 3 : 0.000026 0.041810 0.000026 0.000026 0.000026 0.958008 0.000026 0.000026 0.000026
22 22 (0) 2 : 0.000032 0.999741 0.000032 0.000032 0.000032 0.000032 0.000032 0.000032 0.000032
23 23 (0) 2 : 0.000025 0.999800 0.000025 0.000025 0.000025 0.000025 0.000025 0.000025 0.000025
24 24 (0) 2 : 0.000024 0.999807 0.000024 0.000024 0.000024 0.000024 0.000024 0.000024 0.000024
25 25 (0) 4 : 0.000029 0.000029 0.898440 0.000029 0.000029 0.101358 0.000029 0.000029 0.000029
26 26 (0) 4 : 0.000025 0.000025 0.999799 0.000025 0.000025 0.000025 0.000025 0.000025 0.000025
27 27 (0) 4 : 0.000037 0.000037 0.999704 0.000037 0.000037 0.000037 0.000037 0.000037 0.000037
28 28 (0) 4 : 0.000033 0.000033 0.999739 0.000033 0.000033 0.000033 0.000033 0.000033 0.000033
29 29 (0) 4 : 0.000038 0.000038 0.999693 0.000038 0.000038 0.000038 0.000038 0.000038 0.000038
30 30 (0) 4 : 0.000043 0.000043 0.888559 0.000043 0.000043 0.111143 0.000043 0.000043 0.000043
31 31 (0) 4 : 0.000035 0.000035 0.999721 0.000035 0.000035 0.000035 0.000035 0.000035 0.000035
32 32 (0) 4 : 0.000037 0.000037 0.999707 0.000037 0.000037 0.000037 0.000037 0.000037 0.000037
33 33 (0) 4 : 0.000031 0.000031 0.999750 0.000031 0.000031 0.000031 0.000031 0.000031 0.000031
34 34 (0) 4 : 0.000024 0.000024 0.999808 0.000024 0.000024 0.000024 0.000024 0.000024 0.000024
35 35 (0) 4 : 0.000023 0.000023 0.907998 0.000023 0.000023 0.091840 0.000023 0.000023 0.000023
36 36 (0) 4 : 0.000023 0.000023 0.999814 0.000023 0.000023 0.000023 0.000023 0.000023 0.000023
37 37 (0) 4 : 0.000024 0.000024 0.999811 0.000024 0.000024 0.000024 0.000024 0.000024 0.000024
38 38 (0) 4 : 0.000030 0.000030 0.999761 0.000030 0.000030 0.000030 0.000030 0.000030 0.000030
39 39 (0) 4 : 0.000025 0.000025 0.999802 0.000025 0.000025 0.000025 0.000025 0.000025 0.000025
40 40 (0) 4 : 0.000023 0.000023 0.999815 0.000023 0.000023 0.000023 0.000023 0.000023 0.000023
41 41 (0) 4 : 0.000033 0.000033 0.999736 0.000033 0.000033 0.000033 0.000033 0.000033 0.000033
42 42 (0) 4 : 0.000032 0.000032 0.999745 0.000032 0.000032 0.000032 0.000032 0.000032 0.000032
43 43 (0) 4 : 0.000033 0.000033 0.999734 0.000033 0.000033 0.000033 0.000033 0.000033 0.000033
44 44 (0) 4 : 0.000032 0.000032 0.999743 0.000032 0.000032 0.000032 0.000032 0.000032 0.000032
45 45 (0) 4 : 0.000032 0.000032 0.999741 0.000032 0.000032 0.000032 0.000032 0.000032 0.000032
46 46 (0) 4 : 0.000032 0.000032 0.999743 0.000032 0.000032 0.000032 0.000032 0.000032 0.000032
47 47 (0) 4 : 0.000033 0.000033 0.999733 0.000033 0.000033 0.000033 0.000033 0.000033 0.000033
48 48 (0) 4 : 0.000032 0.000032 0.909115 0.000032 0.000032 0.090663 0.000032 0.000032 0.000032
49 49 (0) 4 : 0.000031 0.000031 0.999752 0.000031 0.000031 0.000031 0.000031 0.000031 0.000031
50 50 (0) 4 : 0.000032 0.000032 0.999746 0.000032 0.000032 0.000032 0.000032 0.000032 0.000032
51 51 (0) 1 : 0.000021 0.000021 0.000021 0.000021 0.000021 0.999831 0.000021 0.000021 0.000021
52 52 (0) 1 : 0.000022 0.000022 0.000022 0.000022 0.000022 0.999823 0.000022 0.000022 0.000022
53 53 (0) 1 : 0.000036 0.000036 0.314930 0.000036 0.000036 0.684821 0.000036 0.000036 0.000036
54 54 (0) 1 : 0.000025 0.000025 0.597246 0.000025 0.000025 0.402582 0.000025 0.000025 0.000025
55 55 (0) 1 : 0.000038 0.000038 0.330434 0.000038 0.000038 0.669299 0.000038 0.000038 0.000038
56 56 (0) 1 : 0.000024 0.000024 0.535171 0.000024 0.000024 0.464662 0.000024 0.000024 0.000024
57 57 (0) 1 : 0.000023 0.000023 0.512929 0.000023 0.000023 0.486912 0.000023 0.000023 0.000023
58 58 (0) 1 : 0.000031 0.000031 0.413647 0.000031 0.000031 0.586137 0.000031 0.000031 0.000031
59 59 (0) 1 : 0.000030 0.000030 0.013806 0.000030 0.000030 0.985985 0.000030 0.000030 0.000030
60 60 (0) 1 : 0.000031 0.000031 0.000031 0.000031 0.000031 0.999753 0.000031 0.000031 0.000031
61 61 (0) 1 : 0.000022 0.000022 0.000022 0.000022 0.000022 0.999827 0.000022 0.000022 0.000022
62 62 (0) 1 : 0.000027 0.000027 0.156329 0.000027 0.000027 0.843479 0.000027 0.000027 0.000027
63 63 (0) 1 : 0.000029 0.000029 0.121006 0.000029 0.000029 0.878793 0.000029 0.000029 0.000029
64 64 (0) 1 : 0.000032 0.000032 0.000032 0.000032 0.000032 0.999744 0.000032 0.000032 0.000032
65 65 (0) 1 : 0.000031 0.000031 0.000031 0.000031 0.000031 0.999748 0.000031 0.000031 0.000031
66 66 (0) 1 : 0.000035 0.000035 0.000035 0.000035 0.000035 0.999721 0.000035 0.000035 0.000035
67 67 (0) 1 : 0.000031 0.000031 0.000031 0.000031 0.000031 0.999754 0.000031 0.000031 0.000031
68 68 (0) 1 : 0.000036 0.000036 0.000036 0.000036 0.000036 0.999715 0.000036 0.000036 0.000036
69 69 (0) 1 : 0.000038 0.000038 0.000038 0.000038 0.000038 0.999696 0.000038 0.000038 0.000038
70 70 (0) 1 : 0.000029 0.000029 0.000029 0.000029 0.000029 0.999767 0.000029 0.000029 0.000029
71 71 (0) 1 : 0.000034 0.000034 0.000034 0.000034 0.000034 0.999728 0.000034 0.000034 0.000034
72 72 (0) 1 : 0.000033 0.000033 0.000033 0.000033 0.000033 0.999734 0.000033 0.000033 0.000033
73 73 (0) 1 : 0.000031 0.000031 0.000031 0.000031 0.000031 0.999752 0.000031 0.000031 0.000031
74 74 (0) 1 : 0.000022 0.000022 0.000022 0.000022 0.000022 0.999824 0.000022 0.000022 0.000022
75 75 (0) 1 : 0.000022 0.000022 0.000022 0.000022 0.000022 0.999827 0.000022 0.000022 0.000022
76 76 (0) 1 : 0.000043 0.000043 0.000043 0.000043 0.000043 0.999659 0.000043 0.000043 0.000043
77 77 (0) 1 : 0.000033 0.000033 0.000033 0.000033 0.000033 0.999732 0.000033 0.000033 0.000033
78 78 (0) 1 : 0.000033 0.000033 0.000033 0.000033 0.000033 0.999737 0.000033 0.000033 0.000033
79 79 (0) 1 : 0.000027 0.000027 0.295792 0.000027 0.000027 0.704017 0.000027 0.000027 0.000027
80 80 (0) 1 : 0.000022 0.000022 0.000022 0.000022 0.000022 0.999827 0.000022 0.000022 0.000022
81 81 (0) 1 : 0.000022 0.000022 0.000022 0.000022 0.000022 0.999827 0.000022 0.000022 0.000022
82 82 (0) 1 : 0.000024 0.000024 0.000024 0.000024 0.000024 0.999807 0.000024 0.000024 0.000024
83 83 (0) 1 : 0.000031 0.000031 0.000031 0.000031 0.000031 0.999749 0.000031 0.000031 0.000031
84 84 (0) 1 : 0.000043 0.000043 0.040739 0.000043 0.000043 0.958962 0.000043 0.000043 0.000043
85 85 (0) 1 : 0.000022 0.000022 0.000022 0.000022 0.000022 0.999824 0.000022 0.000022 0.000022
86 86 (0) 1 : 0.000022 0.000022 0.000022 0.000022 0.000022 0.999827 0.000022 0.000022 0.000022
87 87 (0) 5 : 0.000033 0.000033 0.660926 0.000033 0.000033 0.338840 0.000033 0.000033 0.000033
88 88 (0) 5 : 0.000029 0.000029 0.691006 0.000029 0.000029 0.308793 0.000029 0.000029 0.000029
89 89 (0) 5 : 0.000023 0.000023 0.547652 0.000023 0.000023 0.452189 0.000023 0.000023 0.000023
90 90 (0) 5 : 0.000033 0.000033 0.861978 0.000033 0.000033 0.137789 0.000033 0.000033 0.000033
91 91 (0) 5 : 0.000032 0.000032 0.999747 0.000032 0.000032 0.000032 0.000032 0.000032 0.000032
92 92 (0) 5 : 0.000026 0.000026 0.687319 0.000026 0.000026 0.312502 0.000026 0.000026 0.000026
93 93 (0) 5 : 0.000036 0.000036 0.802638 0.000036 0.000036 0.197112 0.000036 0.000036 0.000036
94 94 (0) 5 : 0.000027 0.000027 0.785053 0.000027 0.000027 0.214761 0.000027 0.000027 0.000027
95 95 (0) 5 : 0.000034 0.000034 0.962206 0.000034 0.000034 0.037555 0.000034 0.000034 0.000034
96 96 (0) 5 : 0.000030 0.000031 0.816093 0.000030 0.000030 0.183694 0.000030 0.000030 0.000030
97 97 (0) 6 : 0.000030 0.000030 0.000030 0.000030 0.000030 0.999758 0.000030 0.000030 0.000030
98 98 (0) 6 : 0.000029 0.000029 0.000029 0.000029 0.000029 0.999766 0.000029 0.000029 0.000029
99 99 (0) 6 : 0.000029 0.000029 0.000029 0.000029 0.000029 0.999765 0.000029 0.000029 0.000029
100 100 (0) 6 : 0.000024 0.000024 0.000024 0.000024 0.000024 0.999810 0.000024 0.000024 0.000024
101 101 (0) 6 : 0.000024 0.000024 0.000024 0.000024 0.000024 0.999811 0.000024 0.000024 0.000024
102 102 (0) 6 : 0.000022 0.000022 0.000022 0.000022 0.000022 0.999821 0.000022 0.000022 0.000022
103 103 (0) 6 : 0.000030 0.000030 0.000030 0.000030 0.000030 0.999762 0.000030 0.000030 0.000030
104 104 (0) 6 : 0.000032 0.000032 0.000032 0.000032 0.000032 0.999748 0.000032 0.000032 0.000032
105 105 (0) 6 : 0.000031 0.000031 0.000031 0.000031 0.000031 0.999752 0.000031 0.000031 0.000031
106 106 (0) 6 : 0.000035 0.000035 0.000035 0.000035 0.000035 0.999721 0.000035 0.000035 0.000035
107 107 (0) 6 : 0.000031 0.000031 0.000031 0.000031 0.000031 0.999752 0.000031 0.000031 0.000031
108 108 (0) 6 : 0.000033 0.000033 0.000033 0.000033 0.000033 0.999739 0.000033 0.000033 0.000033
109 109 (0) 6 : 0.000032 0.000032 0.000032 0.000032 0.000032 0.999743 0.000032 0.000032 0.000032
110 110 (0) 2 : 0.000025 0.836908 0.000025 0.000025 0.000025 0.162919 0.000025 0.000025 0.000025
111 111 (0) 2 : 0.000032 0.999746 0.000032 0.000032 0.000032 0.000032 0.000032 0.000032 0.000032
112 112 (0) 2 : 0.000032 0.893111 0.000032 0.000032 0.000032 0.106663 0.000032 0.000032 0.000032
113 113 (0) 2 : 0.000030 0.999763 0.000030 0.000030 0.000030 0.000030 0.000030 0.000030 0.000030
114 114 (0) 2 : 0.000031 0.999754 0.000031 0.000031 0.000031 0.000031 0.000031 0.000031 0.000031
115 115 (0) 3 : 0.000022 0.068195 0.000022 0.000022 0.000022 0.931651 0.000022 0.000022 0.000022
1 1 (0) 1 : 0.000032 0.000032 0.000032 0.000032 0.000032 0.000032 0.000032 0.000032 0.999743
2 2 (0) 1 : 0.000031 0.000031 0.000031 0.000031 0.000031 0.000031 0.000031 0.000031 0.999755
3 3 (0) 1 : 0.000033 0.000033 0.000033 0.000033 0.000033 0.000033 0.000033 0.000033 0.999740
4 4 (0) 1 : 0.000033 0.000033 0.000033 0.000033 0.000033 0.000033 0.000033 0.000033 0.999738
5 5 (0) 1 : 0.000034 0.000034 0.000034 0.000034 0.000034 0.000034 0.000034 0.000034 0.999726
6 6 (0) 1 : 0.000033 0.000033 0.000033 0.000033 0.000033 0.000033 0.000033 0.000033 0.999737
7 7 (0) 1 : 0.000035 0.000035 0.000035 0.000035 0.999718 0.000035 0.000035 0.000035 0.000035
8 8 (0) 1 : 0.000025 0.000025 0.000025 0.000025 0.999801 0.000025 0.000025 0.000025 0.000025
9 9 (0) 1 : 0.000023 0.000023 0.000023 0.000023 0.999813 0.000023 0.000023 0.000023 0.000023
10 10 (0) 1 : 0.000027 0.000027 0.000027 0.000027 0.999781 0.000027 0.000027 0.000027 0.000027
11 11 (0) 1 : 0.000032 0.000032 0.000032 0.000032 0.999745 0.000032 0.000032 0.000032 0.000032
12 12 (0) 1 : 0.000026 0.000026 0.000026 0.000026 0.999791 0.000026 0.000026 0.000026 0.000026
13 13 (0) 1 : 0.000031 0.000031 0.000031 0.000031 0.999750 0.000031 0.000031 0.000031 0.000031
14 14 (0) 1 : 0.000032 0.000032 0.000032 0.000032 0.999748 0.000032 0.000032 0.000032 0.000032
15 15 (0) 1 : 0.000032 0.000032 0.000032 0.000032 0.999747 0.000032 0.000032 0.000032 0.000032
16 16 (0) 1 : 0.000033 0.000033 0.000033 0.000033 0.999733 0.000033 0.000033 0.000033 0.000033
17 17 (0) 1 : 0.000036 0.000036 0.000036 0.000036 0.999711 0.000036 0.000036 0.000036 0.000036
18 18 (0) 2 : 0.000025 0.999803 0.000025 0.000025 0.000025 0.000025 0.000025 0.000025 0.000025
19 19 (0) 2 : 0.000032 0.999746 0.000032 0.000032 0.000032 0.000032 0.000032 0.000032 0.000032
20 20 (0) 3 : 0.000025 0.000025 0.000025 0.000025 0.000025 0.000025 0.000025 0.000025 0.999800
21 21 (0) 3 : 0.000026 0.000026 0.000026 0.000026 0.000026 0.000026 0.000026 0.000026 0.999791
22 22 (0) 2 : 0.000032 0.999741 0.000032 0.000032 0.000032 0.000032 0.000032 0.000032 0.000032
23 23 (0) 2 : 0.000025 0.999800 0.000025 0.000025 0.000025 0.000025 0.000025 0.000025 0.000025
24 24 (0) 2 : 0.000024 0.999807 0.000024 0.000024 0.000024 0.000024 0.000024 0.000024 0.000024
25 25 (0) 4 : 0.000029 0.000029 0.999770 0.000029 0.000029 0.000029 0.000029 0.000029 0.000029
26 26 (0) 4 : 0.000025 0.000025 0.999799 0.000025 0.000025 0.000025 0.000025 0.000025 0.000025
27 27 (0) 4 : 0.000037 0.000037 0.999704 0.000037 0.000037 0.000037 0.000037 0.000037 0.000037
28 28 (0) 4 : 0.000033 0.000033 0.999739 0.000033 0.000033 0.000033 0.000033 0.000033 0.000033
29 29 (0) 4 : 0.000038 0.000038 0.999693 0.000038 0.000038 0.000038 0.000038 0.000038 0.000038
30 30 (0) 4 : 0.000043 0.000043 0.914756 0.000043 0.084945 0.000043 0.000043 0.000043 0.000043
31 31 (0) 4 : 0.000035 0.000035 0.999721 0.000035 0.000035 0.000035 0.000035 0.000035 0.000035
32 32 (0) 4 : 0.000037 0.000037 0.999707 0.000037 0.000037 0.000037 0.000037 0.000037 0.000037
33 33 (0) 4 : 0.000031 0.000031 0.999750 0.000031 0.000031 0.000031 0.000031 0.000031 0.000031
34 34 (0) 4 : 0.000024 0.000024 0.999808 0.000024 0.000024 0.000024 0.000024 0.000024 0.000024
35 35 (0) 4 : 0.000023 0.000023 0.999815 0.000023 0.000023 0.000023 0.000023 0.000023 0.000023
36 36 (0) 4 : 0.000023 0.000023 0.999814 0.000023 0.000023 0.000023 0.000023 0.000023 0.000023
37 37 (0) 4 : 0.000024 0.000024 0.999811 0.000024 0.000024 0.000024 0.000024 0.000024 0.000024
38 38 (0) 4 : 0.000030 0.000030 0.999761 0.000030 0.000030 0.000030 0.000030 0.000030 0.000030
39 39 (0) 4 : 0.000025 0.000025 0.999802 0.000025 0.000025 0.000025 0.000025 0.000025 0.000025
40 40 (0) 4 : 0.000023 0.000023 0.999815 0.000023 0.000023 0.000023 0.000023 0.000023 0.000023
41 41 (0) 4 : 0.000033 0.000033 0.999736 0.000033 0.000033 0.000033 0.000033 0.000033 0.000033
42 42 (0) 4 : 0.000032 0.000032 0.999745 0.000032 0.000032 0.000032 0.000032 0.000032 0.000032
43 43 (0) 4 : 0.000033 0.000033 0.999734 0.000033 0.000033 0.000033 0.000033 0.000033 0.000033
44 44 (0) 4 : 0.000032 0.000032 0.999743 0.000032 0.000032 0.000032 0.000032 0.000032 0.000032
45 45 (0) 4 : 0.000032 0.000032 0.999740 0.000032 0.000032 0.000032 0.000032 0.000032 0.000032
46 46 (0) 4 : 0.000032 0.000032 0.999743 0.000032 0.000032 0.000032 0.000032 0.000032 0.000032
47 47 (0) 4 : 0.000033 0.000033 0.999733 0.000033 0.000033 0.000033 0.000033 0.000033 0.000033
48 48 (0) 4 : 0.000032 0.000032 0.999747 0.000032 0.000032 0.000032 0.000032 0.000032 0.000032
49 49 (0) 4 : 0.000031 0.000031 0.999752 0.000031 0.000031 0.000031 0.000031 0.000031 0.000031
50 50 (0) 4 : 0.000032 0.000032 0.999746 0.000032 0.000032 0.000032 0.000032 0.000032 0.000032
51 51 (0) 1 : 0.000021 0.000021 0.000021 0.000021 0.999831 0.000021 0.000021 0.000021 0.000021
52 52 (0) 1 : 0.000022 0.000022 0.000022 0.000022 0.999823 0.000022 0.000022 0.000022 0.000022
53 53 (0) 1 : 0.000036 0.000036 0.205430 0.000036 0.794321 0.000036 0.000036 0.000036 0.000036
54 54 (0) 1 : 0.000025 0.000025 0.550505 0.000025 0.449323 0.000025 0.000025 0.000025 0.000025
55 55 (0) 1 : 0.000038 0.000038 0.307285 0.000038 0.692448 0.000038 0.000038 0.000038 0.000038
56 56 (0) 1 : 0.000024 0.000024 0.502652 0.000024 0.497181 0.000024 0.000024 0.000024 0.000024
57 57 (0) 1 : 0.000023 0.000023 0.458817 0.000023 0.541023 0.000023 0.000023 0.000023 0.000023
58 58 (0) 1 : 0.000031 0.000031 0.370377 0.000031 0.629408 0.000031 0.000031 0.000031 0.000031
59 59 (0) 1 : 0.000030 0.000030 0.027357 0.000030 0.972434 0.000030 0.000030 0.000030 0.000030
60 60 (0) 1 : 0.000031 0.000031 0.000031 0.000031 0.999753 0.000031 0.000031 0.000031 0.000031
61 61 (0) 1 : 0.000022 0.000022 0.000022 0.000022 0.999827 0.000022 0.000022 0.000022 0.000022
62 62 (0) 1 : 0.000027 0.000027 0.000027 0.000027 0.999781 0.000027 0.000027 0.000027 0.000027
63 63 (0) 1 : 0.000029 0.000029 0.000029 0.000029 0.999770 0.000029 0.000029 0.000029 0.000029
64 64 (0) 1 : 0.000032 0.000032 0.000032 0.000032 0.999744 0.000032 0.000032 0.000032 0.000032
65 65 (0) 1 : 0.000031 0.000031 0.000031 0.000031 0.999748 0.000031 0.000031 0.000031 0.000031
66 66 (0) 1 : 0.000035 0.000035 0.000035 0.000035 0.999721 0.000035 0.000035 0.000035 0.000035
67 67 (0) 1 : 0.000031 0.000031 0.000031 0.000031 0.999754 0.000031 0.000031 0.000031 0.000031
68 68 (0) 1 : 0.000036 0.000036 0.000036 0.000036 0.999715 0.000036 0.000036 0.000036 0.000036
69 69 (0) 1 : 0.000038 0.000038 0.000038 0.000038 0.999696 0.000038 0.000038 0.000038 0.000038
70 70 (0) 1 : 0.000029 0.000029 0.000029 0.000029 0.999767 0.000029 0.000029 0.000029 0.000029
71 71 (0) 1 : 0.000034 0.000034 0.000034 0.000034 0.999728 0.000034 0.000034 0.000034 0.000034
72 72 (0) 1 : 0.000033 0.000033 0.000033 0.000033 0.999734 0.000033 0.000033 0.000033 0.000033
73 73 (0) 1 : 0.000031 0.000031 0.000031 0.000031 0.999752 0.000031 0.000031 0.000031 0.000031
74 74 (0) 1 : 0.000022 0.000022 0.000022 0.000022 0.999824 0.000022 0.000022 0.000022 0.000022
75 75 (0) 1 : 0.000022 0.000022 0.000022 0.000022 0.999827 0.000022 0.000022 0.000022 0.000022
76 76 (0) 1 : 0.000043 0.000043 0.000043 0.000043 0.999659 0.000043 0.000043 0.000043 0.000043
77 77 (0) 1 : 0.000033 0.000033 0.000033 0.000033 0.999732 0.000033 0.000033 0.000033 0.000033
78 78 (0) 1 : 0.000033 0.000033 0.000033 0.000033 0.999737 0.000033 0.000033 0.000033 0.000033
79 79 (0) 1 : 0.000027 0.000027 0.196700 0.000027 0.803108 0.000027 0.000027 0.000027 0.000027
80 80 (0) 1 : 0.000022 0.000022 0.000022 0.000022 0.999827 0.000022 0.000022 0.000022 0.000022
81 81 (0) 1 : 0.000022 0.000022 0.000022 0.000022 0.999827 0.000022 0.000022 0.000022 0.000022
82 82 (0) 1 : 0.000024 0.000024 0.000024 0.000024 0.999807 0.000024 0.000024 0.000024 0.000024
83 83 (0) 1 : 0.000031 0.000031 0.000031 0.000031 0.388331 0.000031 0.000031 0.000031 0.611450
84 84 (0) 1 : 0.000043 0.000043 0.000043 0.000043 0.999658 0.000043 0.000043 0.000043 0.000043
85 85 (0) 1 : 0.000022 0.000022 0.000022 0.000022 0.999824 0.000022 0.000022 0.000022 0.000022
86 86 (0) 1 : 0.000022 0.000022 0.000022 0.000022 0.999827 0.000022 0.000022 0.000022 0.000022
87 87 (0) 5 : 0.000033 0.000033 0.728121 0.000033 0.271645 0.000033 0.000033 0.000033 0.000033
88 88 (0) 5 : 0.000029 0.000029 0.795466 0.000029 0.204332 0.000029 0.000029 0.000029 0.000029
89 89 (0) 5 : 0.000023 0.000023 0.594741 0.000023 0.405100 0.000023 0.000023 0.000023 0.000023
90 90 (0) 5 : 0.000033 0.000033 0.916368 0.000033 0.083399 0.000033 0.000033 0.000033 0.000033
91 91 (0) 5 : 0.000032 0.000032 0.999747 0.000032 0.000032 0.000032 0.000032 0.000032 0.000032
92 92 (0) 5 : 0.000026 0.000026 0.762482 0.000026 0.237340 0.000026 0.000026 0.000026 0.000026
93 93 (0) 5 : 0.000036 0.000036 0.858128 0.000036 0.141623 0.000036 0.000036 0.000036 0.000036
94 94 (0) 5 : 0.000027 0.000027 0.999788 0.000027 0.000027 0.000027 0.000027 0.000027 0.000027
95 95 (0) 5 : 0.000034 0.000034 0.999726 0.000034 0.000034 0.000034 0.000034 0.000034 0.000034
96 96 (0) 5 : 0.000030 0.000031 0.999756 0.000030 0.000031 0.000030 0.000030 0.000030 0.000031
97 97 (0) 6 : 0.000030 0.000030 0.000030 0.000030 0.000030 0.000030 0.000030 0.000030 0.999758
98 98 (0) 6 : 0.000029 0.000029 0.000029 0.000029 0.000029 0.000029 0.000029 0.000029 0.999766
99 99 (0) 6 : 0.000029 0.000029 0.000029 0.000029 0.000029 0.000029 0.000029 0.000029 0.999765
100 100 (0) 6 : 0.000024 0.000024 0.000024 0.000024 0.000024 0.000024 0.000024 0.000024 0.999810
101 101 (0) 6 : 0.000024 0.000024 0.000024 0.000024 0.000024 0.000024 0.000024 0.000024 0.999811
102 102 (0) 6 : 0.000022 0.000022 0.000022 0.000022 0.000022 0.000022 0.000022 0.000022 0.999821
103 103 (0) 6 : 0.000030 0.000030 0.000030 0.000030 0.000030 0.000030 0.000030 0.000030 0.999762
104 104 (0) 6 : 0.000032 0.000032 0.000032 0.000032 0.000032 0.000032 0.000032 0.000032 0.999748
105 105 (0) 6 : 0.000031 0.000031 0.000031 0.000031 0.000031 0.000031 0.000031 0.000031 0.999752
106 106 (0) 6 : 0.000035 0.000035 0.000035 0.000035 0.000035 0.000035 0.000035 0.000035 0.999721
107 107 (0) 6 : 0.000031 0.000031 0.000031 0.000031 0.000031 0.000031 0.000031 0.000031 0.999752
108 108 (0) 6 : 0.000033 0.000033 0.000033 0.000033 0.000033 0.000033 0.000033 0.000033 0.999739
109 109 (0) 6 : 0.000032 0.000032 0.000032 0.000032 0.000032 0.000032 0.000032 0.000032 0.999743
110 110 (0) 2 : 0.000025 0.865660 0.000025 0.000025 0.134167 0.000025 0.000025 0.000025 0.000025
111 111 (0) 2 : 0.000032 0.999746 0.000032 0.000032 0.000032 0.000032 0.000032 0.000032 0.000032
112 112 (0) 2 : 0.000032 0.999742 0.000032 0.000032 0.000032 0.000032 0.000032 0.000032 0.000032
113 113 (0) 2 : 0.000030 0.999763 0.000030 0.000030 0.000030 0.000030 0.000030 0.000030 0.000030
114 114 (0) 2 : 0.000031 0.999754 0.000031 0.000031 0.000031 0.000031 0.000031 0.000031 0.000031
115 115 (0) 3 : 0.000022 0.000022 0.000022 0.000022 0.000022 0.000022 0.000022 0.000022 0.999824
