1 1 (0) 1 : 0.999748 0.000036 0.000036 0.000036 0.000036 0.000036 0.000036 0.000036
2 2 (0) 1 : 0.999759 0.000034 0.000034 0.000034 0.000034 0.000034 0.000034 0.000034
3 3 (0) 1 : 0.999744 0.000037 0.000037 0.000037 0.000037 0.000037 0.000037 0.000037
4 4 (0) 1 : 0.999742 0.000037 0.000037 0.000037 0.000037 0.000037 0.000037 0.000037
5 5 (0) 1 : 0.999732 0.000038 0.000038 0.000038 0.000038 0.000038 0.000038 0.000038
6 6 (0) 1 : 0.999741 0.000037 0.000037 0.000037 0.000037 0.000037 0.000037 0.000037
7 7 (0) 1 : 0.999722 0.000040 0.000040 0.000040 0.000040 0.000040 0.000040 0.000040
8 8 (0) 1 : 0.999804 0.000028 0.000028 0.000028 0.000028 0.000028 0.000028 0.000028
9 9 (0) 1 : 0.999816 0.000026 0.000026 0.000026 0.000026 0.000026 0.000026 0.000026
10 10 (0) 1 : 0.999785 0.000031 0.000031 0.000031 0.000031 0.000031 0.000031 0.000031
11 11 (0) 1 : 0.999749 0.000036 0.000036 0.000036 0.000036 0.000036 0.000036 0.000036
12 12 (0) 1 : 0.999795 0.000029 0.000029 0.000029 0.000029 0.000029 0.000029 0.000029
13 13 (0) 1 : 0.999754 0.000035 0.000035 0.000035 0.000035 0.000035 0.000035 0.000035
14 14 (0) 1 : 0.999752 0.000035 0.000036 0.000035 0.000036 0.000035 0.000036 0.000035
15 15 (0) 1 : 0.999750 0.000036 0.000036 0.000036 0.000036 0.000036 0.000036 0.000036
16 16 (0) 1 : 0.999737 0.000038 0.000038 0.000038 0.000038 0.000038 0.000038 0.000038
17 17 (0) 1 : 0.999715 0.000041 0.000041 0.000041 0.000041 0.000041 0.000041 0.000041
18 18 (0) 2 : 0.000028 0.000028 0.000028 0.000028 0.000028 0.999807 0.000028 0.000028
19 19 (0) 2 : 0.000036 0.000036 0.000036 0.000036 0.000036 0.999751 0.000036 0.000036
20 20 (0) 3 : 0.999803 0.000028 0.000028 0.000028 0.000028 0.000028 0.000028 0.000028
21 21 (0) 3 : 0.999795 0.000029 0.000029 0.000029 0.000029 0.000029 0.000029 0.000029
22 22 (0) 2 : 0.000036 0.000036 0.000036 0.000036 0.000036 0.999747 0.000036 0.000036
23 23 (0) 2 : 0.000028 0.000028 0.000028 0.000028 0.000028 0.999805 0.000028 0.000028
24 24 (0) 2 : 0.000027 0.000027 0.000027 0.000027 0.000027 0.999810 0.000027 0.000027
25 25 (0) 4 : 0.000032 0.000032 0.000032 0.000032 0.999774 0.000032 0.000032 0.000032
26 26 (0) 4 : 0.000028 0.000028 0.000028 0.000028 0.999802 0.000028 0.000028 0.000028
27 27 (0) 4 : 0.000042 0.000042 0.000042 0.000042 0.999707 0.000042 0.000042 0.000042
28 28 (0) 4 : 0.000037 0.000037 0.000037 0.000037 0.999742 0.000037 0.000037 0.000037
29 29 (0) 4 : 0.000043 0.000043 0.000043 0.000043 0.999698 0.000043 0.000043 0.000043
30 30 (0) 4 : 0.132217 0.000048 0.000048 0.000048 0.867494 0.000048 0.000048 0.000048
31 31 (0) 4 : 0.000039 0.000039 0.000039 0.000039 0.999724 0.000039 0.000039 0.000039
32 32 (0) 4 : 0.000041 0.000041 0.000041 0.000041 0.999712 0.000041 0.000041 0.000041
33 33 (0) 4 : 0.000035 0.000035 0.000035 0.000035 0.999754 0.000035 0.000035 0.000035
34 34 (0) 4 : 0.000027 0.000027 0.000027 0.000027 0.999810 0.000027 0.000027 0.000027
35 35 (0) 4 : 0.107477 0.000026 0.000026 0.000026 0.892367 0.000026 0.000026 0.000026
36 36 (0) 4 : 0.000026 0.000026 0.000026 0.000026 0.999817 0.000026 0.000026 0.000026
37 37 (0) 4 : 0.000027 0.000026 0.000027 0.000026 0.999815 0.000026 0.000026 0.000026
38 38 (0) 4 : 0.000034 0.000034 0.000034 0.000034 0.999765 0.000034 0.000034 0.000034
39 39 (0) 4 : 0.000028 0.000028 0.000028 0.000028 0.999805 0.000028 0.000028 0.000028
40 40 (0) 4 : 0.000026 0.000026 0.000026 0.000026 0.999818 0.000026 0.000026 0.000026
41 41 (0) 4 : 0.000037 0.000037 0.000037 0.000037 0.999740 0.000037 0.000037 0.000037
42 42 (0) 4 : 0.000036 0.000036 0.000036 0.000036 0.999748 0.000036 0.000036 0.000036
43 43 (0) 4 : 0.000037 0.000037 0.000037 0.000037 0.999738 0.000037 0.000037 0.000037
44 44 (0) 4 : 0.000036 0.000036 0.000036 0.000036 0.999748 0.000036 0.000036 0.000036
45 45 (0) 4 : 0.000037 0.000036 0.000037 0.000036 0.999744 0.000037 0.000037 0.000036
46 46 (0) 4 : 0.000036 0.000036 0.000036 0.000036 0.999746 0.000036 0.000036 0.000036
47 47 (0) 4 : 0.000038 0.000038 0.000038 0.000038 0.999737 0.000038 0.000038 0.000038
48 48 (0) 4 : 0.131085 0.000035 0.000035 0.000035 0.868702 0.000035 0.000035 0.000035
49 49 (0) 4 : 0.000035 0.000035 0.000035 0.000035 0.999757 0.000035 0.000035 0.000035
50 50 (0) 4 : 0.000036 0.000036 0.000036 0.000036 0.999750 0.000036 0.000036 0.000036
51 51 (0) 1 : 0.999834 0.000024 0.000024 0.000024 0.000024 0.000024 0.000024 0.000024
52 52 (0) 1 : 0.999825 0.000025 0.000025 0.000025 0.000025 0.000025 0.000025 0.000025
53 53 (0) 1 : 0.000040 0.000040 0.999719 0.000040 0.000040 0.000040 0.000040 0.000040
54 54 (0) 1 : 0.000028 0.000028 0.999806 0.000028 0.000028 0.000028 0.000028 0.000028
55 55 (0) 1 : 0.000043 0.000043 0.773848 0.000043 0.225895 0.000043 0.000043 0.000043
56 56 (0) 1 : 0.000027 0.000027 0.999812 0.000027 0.000027 0.000027 0.000027 0.000027
57 57 (0) 1 : 0.000026 0.000026 0.999820 0.000026 0.000026 0.000026 0.000026 0.000026
58 58 (0) 1 : 0.000035 0.000035 0.999757 0.000035 0.000035 0.000035 0.000035 0.000035
59 59 (0) 1 : 0.999764 0.000034 0.000034 0.000034 0.000034 0.000034 0.000034 0.000034
60 60 (0) 1 : 0.999757 0.000035 0.000035 0.000035 0.000035 0.000035 0.000035 0.000035
61 61 (0) 1 : 0.999830 0.000024 0.000024 0.000024 0.000024 0.000024 0.000024 0.000024
62 62 (0) 1 : 0.888329 0.000031 0.111485 0.000031 0.000031 0.000031 0.000031 0.000031
63 63 (0) 1 : 0.915163 0.000032 0.084643 0.000032 0.000032 0.000032 0.000032 0.000032
64 64 (0) 1 : 0.999748 0.000036 0.000036 0.000036 0.000036 0.000036 0.000036 0.000036
65 65 (0) 1 : 0.999753 0.000035 0.000035 0.000035 0.000035 0.000035 0.000035 0.000035
66 66 (0) 1 : 0.999726 0.000039 0.000039 0.000039 0.000039 0.000039 0.000039 0.000039
67 67 (0) 1 : 0.999757 0.000035 0.000035 0.000035 0.000035 0.000035 0.000035 0.000035
68 68 (0) 1 : 0.999719 0.000040 0.000040 0.000040 0.000040 0.000040 0.000040 0.000040
69 69 (0) 1 : 0.999700 0.000043 0.000043 0.000043 0.000043 0.000043 0.000043 0.000043
70 70 (0) 1 : 0.999771 0.000033 0.000033 0.000033 0.000033 0.000033 0.000033 0.000033
71 71 (0) 1 : 0.999732 0.000038 0.000038 0.000038 0.000038 0.000038 0.000038 0.000038
72 72 (0) 1 : 0.999738 0.000037 0.000037 0.000037 0.000037 0.000037 0.000037 0.000037
73 73 (0) 1 : 0.999756 0.000035 0.000035 0.000035 0.000035 0.000035 0.000035 0.000035
74 74 (0) 1 : 0.999827 0.000025 0.000025 0.000025 0.000025 0.000025 0.000025 0.000025
75 75 (0) 1 : 0.999829 0.000024 0.000024 0.000024 0.000024 0.000024 0.000024 0.000024
76 76 (0) 1 : 0.999664 0.000048 0.000048 0.000048 0.000048 0.000048 0.000048 0.000048
77 77 (0) 1 : 0.999736 0.000038 0.000038 0.000038 0.000038 0.000038 0.000038 0.000038
78 78 (0) 1 : 0.999741 0.000037 0.000037 0.000037 0.000037 0.000037 0.000037 0.000037
79 79 (0) 1 : 0.696106 0.000031 0.303710 0.000031 0.000031 0.000031 0.000031 0.000031
80 80 (0) 1 : 0.999830 0.000024 0.000024 0.000024 0.000024 0.000024 0.000024 0.000024
81 81 (0) 1 : 0.999830 0.000024 0.000024 0.000024 0.000024 0.000024 0.000024 0.000024
82 82 (0) 1 : 0.999810 0.000027 0.000027 0.000027 0.000027 0.000027 0.000027 0.000027
83 83 (0) 1 : 0.860887 0.000035 0.000035 0.000035 0.000035 0.000035 0.138902 0.000035
84 84 (0) 1 : 0.999664 0.000048 0.000048 0.000048 0.000048 0.000048 0.000048 0.000048
85 85 (0) 1 : 0.999827 0.000025 0.000025 0.000025 0.000025 0.000025 0.000025 0.000025
86 86 (0) 1 : 0.999830 0.000024 0.000024 0.000024 0.000024 0.000024 0.000024 0.000024
87 87 (0) 5 : 0.489942 0.000038 0.000038 0.000038 0.509832 0.000038 0.000038 0.000038
88 88 (0) 5 : 0.357152 0.000032 0.000032 0.000032 0.642654 0.000032 0.000032 0.000032
89 89 (0) 5 : 0.514459 0.000025 0.000025 0.000025 0.485389 0.000025 0.000025 0.000025
90 90 (0) 5 : 0.158409 0.000037 0.000037 0.000037 0.841367 0.000037 0.000037 0.000037
91 91 (0) 5 : 0.085795 0.000035 0.000036 0.000035 0.913992 0.000036 0.000036 0.000035
92 92 (0) 5 : 0.389289 0.000029 0.000029 0.000029 0.610538 0.000029 0.000029 0.000029
93 93 (0) 5 : 0.288939 0.000040 0.000040 0.000040 0.710821 0.000040 0.000040 0.000040
94 94 (0) 5 : 0.220175 0.000030 0.000030 0.000030 0.779645 0.000030 0.000030 0.000030
95 95 (0) 5 : 0.082708 0.000039 0.000039 0.000039 0.917060 0.000039 0.000039 0.000039
96 96 (0) 5 : 0.234094 0.000034 0.000034 0.000034 0.765701 0.000034 0.000034 0.000034
97 97 (0) 6 : 0.000034 0.000034 0.000034 0.000034 0.000034 0.000034 0.999762 0.000034
98 98 (0) 6 : 0.000033 0.000033 0.000033 0.000033 0.000033 0.000033 0.999770 0.000033
99 99 (0) 6 : 0.000033 0.000033 0.000033 0.000033 0.000033 0.000033 0.999769 0.000033
100 100 (0) 6 : 0.935817 0.000027 0.000027 0.000027 0.000027 0.000027 0.064023 0.000027
101 101 (0) 6 : 0.972902 0.000027 0.000027 0.000027 0.000027 0.000027 0.026939 0.000027
102 102 (0) 6 : 0.948859 0.000025 0.000025 0.000025 0.000025 0.000025 0.050990 0.000025
103 103 (0) 6 : 0.000034 0.000034 0.000034 0.000034 0.000034 0.000034 0.999765 0.000034
104 104 (0) 6 : 0.000036 0.000035 0.000036 0.000035 0.000036 0.000035 0.999752 0.000035
105 105 (0) 6 : 0.000035 0.000035 0.000035 0.000035 0.000035 0.000035 0.999756 0.000035
106 106 (0) 6 : 0.000039 0.000039 0.000039 0.000039 0.000039 0.000039 0.999725 0.000039
107 107 (0) 6 : 0.000035 0.000035 0.000035 0.000035 0.000035 0.000035 0.999755 0.000035
108 108 (0) 6 : 0.000037 0.000037 0.000037 0.000037 0.000037 0.000037 0.999743 0.000037
109 109 (0) 6 : 0.000036 0.000036 0.000036 0.000036 0.000036 0.000036 0.999747 0.000036
110 110 (0) 2 : 0.216867 0.000028 0.000028 0.000028 0.000028 0.782966 0.000028 0.000028
111 111 (0) 2 : 0.000036 0.000036 0.000036 0.000036 0.000036 0.999750 0.000036 0.000036
112 112 (0) 2 : 0.086575 0.000036 0.000036 0.000036 0.000036 0.913208 0.000036 0.000036
113 113 (0) 2 : 0.000033 0.000033 0.000033 0.000033 0.000033 0.999768 0.000033 0.000033
114 114 (0) 2 : 0.000035 0.000035 0.000035 0.000035 0.000035 0.999758 0.000035 0.000035
115 115 (0) 3 : 0.999827 0.000025 0.000025 0.000025 0.000025 0.000025 0.000025 0.000025
1 1 (0) 1 : 0.000036 0.999748 0.000036 0.000036 0.000036 0.000036 0.000036 0.000036
2 2 (0) 1 : 0.000034 0.999759 0.000034 0.000034 0.000034 0.000034 0.000034 0.000034
3 3 (0) 1 : 0.000037 0.999744 0.000037 0.000037 0.000037 0.000037 0.000037 0.000037
4 4 (0) 1 : 0.000037 0.999742 0.000037 0.000037 0.000037 0.000037 0.000037 0.000037
5 5 (0) 1 : 0.000038 0.999732 0.000038 0.000038 0.000038 0.000038 0.000038 0.000038
6 6 (0) 1 : 0.000037 0.999741 0.000037 0.000037 0.000037 0.000037 0.000037 0.000037
7 7 (0) 1 : 0.000040 0.999722 0.000040 0.000040 0.000040 0.000040 0.000040 0.000040
8 8 (0) 1 : 0.000028 0.999804 0.000028 0.000028 0.000028 0.000028 0.000028 0.000028
9 9 (0) 1 : 0.000026 0.999816 0.000026 0.000026 0.000026 0.000026 0.000026 0.000026
10 10 (0) 1 : 0.000031 0.999785 0.000031 0.000031 0.000031 0.000031 0.000031 0.000031
11 11 (0) 1 : 0.000036 0.999749 0.000036 0.000036 0.000036 0.000036 0.000036 0.000036
12 12 (0) 1 : 0.000029 0.999795 0.000029 0.000029 0.000029 0.000029 0.000029 0.000029
13 13 (0) 1 : 0.000035 0.999754 0.000035 0.000035 0.000035 0.000035 0.000035 0.000035
14 14 (0) 1 : 0.000035 0.999752 0.000035 0.000036 0.000035 0.000036 0.000035 0.000035
15 15 (0) 1 : 0.000036 0.999750 0.000036 0.000036 0.000036 0.000036 0.000036 0.000036
16 16 (0) 1 : 0.000038 0.999737 0.000038 0.000038 0.000038 0.000038 0.000038 0.000038
17 17 (0) 1 : 0.000041 0.999715 0.000041 0.000041 0.000041 0.000041 0.000041 0.000041
18 18 (0) 2 : 0.000028 0.000028 0.000028 0.000028 0.000028 0.000028 0.000028 0.999807
19 19 (0) 2 : 0.000036 0.000036 0.000036 0.000036 0.000036 0.000036 0.000036 0.999751
20 20 (0) 3 : 0.000028 0.973726 0.000028 0.000028 0.000028 0.000028 0.000028 0.026106
21 21 (0) 3 : 0.000029 0.999795 0.000029 0.000029 0.000029 0.000029 0.000029 0.000029
22 22 (0) 2 : 0.000036 0.000036 0.000036 0.000036 0.000036 0.000036 0.000036 0.999747
23 23 (0) 2 : 0.000028 0.000028 0.000028 0.000028 0.000028 0.000028 0.000028 0.999805
24 24 (0) 2 : 0.000027 0.000027 0.000027 0.000027 0.000027 0.000027 0.000027 0.999811
25 25 (0) 4 : 0.000032 0.000032 0.000032 0.999774 0.000032 0.000032 0.000032 0.000032
26 26 (0) 4 : 0.000028 0.000028 0.000028 0.999802 0.000028 0.000028 0.000028 0.000028
27 27 (0) 4 : 0.000042 0.000042 0.000042 0.999707 0.000042 0.000042 0.000042 0.000042
28 28 (0) 4 : 0.000037 0.000037 0.000037 0.999742 0.000037 0.000037 0.000037 0.000037
29 29 (0) 4 : 0.000043 0.000043 0.000043 0.999698 0.000043 0.000043 0.000043 0.000043
30 30 (0) 4 : 0.000048 0.000048 0.000048 0.999663 0.000048 0.000048 0.000048 0.000048
31 31 (0) 4 : 0.000039 0.000039 0.000039 0.999724 0.000039 0.000039 0.000039 0.000039
32 32 (0) 4 : 0.000041 0.000041 0.000041 0.999712 0.000041 0.000041 0.000041 0.000041
33 33 (0) 4 : 0.000035 0.000035 0.000035 0.999754 0.000035 0.000035 0.000035 0.000035
34 34 (0) 4 : 0.000027 0.000027 0.000027 0.999810 0.000027 0.000027 0.000027 0.000027
35 35 (0) 4 : 0.000026 0.000026 0.000026 0.999817 0.000026 0.000026 0.000026 0.000026
36 36 (0) 4 : 0.000026 0.000026 0.000026 0.999817 0.000026 0.000026 0.000026 0.000026
37 37 (0) 4 : 0.000026 0.000027 0.000026 0.999815 0.000026 0.000026 0.000026 0.000026
38 38 (0) 4 : 0.000034 0.000034 0.000034 0.999765 0.000034 0.000034 0.000034 0.000034
39 39 (0) 4 : 0.000028 0.000028 0.000028 0.999805 0.000028 0.000028 0.000028 0.000028
40 40 (0) 4 : 0.000026 0.000026 0.000026 0.999818 0.000026 0.000026 0.000026 0.000026
41 41 (0) 4 : 0.000037 0.000037 0.000037 0.999740 0.000037 0.000037 0.000037 0.000037
42 42 (0) 4 : 0.000036 0.000036 0.000036 0.999748 0.000036 0.000036 0.000036 0.000036
43 43 (0) 4 : 0.000037 0.000037 0.000037 0.999738 0.000037 0.000037 0.000037 0.000037
44 44 (0) 4 : 0.000036 0.000036 0.000036 0.999748 0.000036 0.000036 0.000036 0.000036
45 45 (0) 4 : 0.000036 0.000037 0.000036 0.999745 0.000036 0.000037 0.000036 0.000037
46 46 (0) 4 : 0.000036 0.000036 0.000036 0.999747 0.000036 0.000036 0.000036 0.000036
47 47 (0) 4 : 0.000038 0.000038 0.000038 0.999737 0.000038 0.000038 0.000038 0.000038
48 48 (0) 4 : 0.000035 0.000035 0.000035 0.999752 0.000035 0.000035 0.000035 0.000035
49 49 (0) 4 : 0.000035 0.000035 0.000035 0.999757 0.000035 0.000035 0.000035 0.000035
50 50 (0) 4 : 0.000036 0.000036 0.000036 0.999750 0.000036 0.000036 0.000036 0.000036
51 51 (0) 1 : 0.000024 0.999834 0.000024 0.000024 0.000024 0.000024 0.000024 0.000024
52 52 (0) 1 : 0.000025 0.999825 0.000025 0.000025 0.000025 0.000025 0.000025 0.000025
53 53 (0) 1 : 0.000040 0.999719 0.000040 0.000040 0.000040 0.000040 0.000040 0.000040
54 54 (0) 1 : 0.000028 0.403840 0.000028 0.595994 0.000028 0.000028 0.000028 0.000028
55 55 (0) 1 : 0.000043 0.551485 0.000043 0.448258 0.000043 0.000043 0.000043 0.000043
56 56 (0) 1 : 0.000027 0.000027 0.000027 0.901494 0.000027 0.098344 0.000027 0.000027
57 57 (0) 1 : 0.000026 0.452178 0.000026 0.547668 0.000026 0.000026 0.000026 0.000026
58 58 (0) 1 : 0.000035 0.527199 0.000035 0.472592 0.000035 0.000035 0.000035 0.000035
59 59 (0) 1 : 0.000034 0.999764 0.000034 0.000034 0.000034 0.000034 0.000034 0.000034
60 60 (0) 1 : 0.000035 0.999757 0.000035 0.000035 0.000035 0.000035 0.000035 0.000035
61 61 (0) 1 : 0.000024 0.999830 0.000024 0.000024 0.000024 0.000024 0.000024 0.000024
62 62 (0) 1 : 0.000031 0.806318 0.000031 0.193497 0.000031 0.000031 0.000031 0.000031
63 63 (0) 1 : 0.000032 0.900752 0.000032 0.099054 0.000032 0.000032 0.000032 0.000032
64 64 (0) 1 : 0.000036 0.999748 0.000036 0.000036 0.000036 0.000036 0.000036 0.000036
65 65 (0) 1 : 0.000035 0.999753 0.000035 0.000035 0.000035 0.000035 0.000035 0.000035
66 66 (0) 1 : 0.000039 0.999726 0.000039 0.000039 0.000039 0.000039 0.000039 0.000039
67 67 (0) 1 : 0.000035 0.999757 0.000035 0.000035 0.000035 0.000035 0.000035 0.000035
68 68 (0) 1 : 0.000040 0.999719 0.000040 0.000040 0.000040 0.000040 0.000040 0.000040
69 69 (0) 1 : 0.000043 0.999700 0.000043 0.000043 0.000043 0.000043 0.000043 0.000043
70 70 (0) 1 : 0.000033 0.999771 0.000033 0.000033 0.000033 0.000033 0.000033 0.000033
71 71 (0) 1 : 0.000038 0.999732 0.000038 0.000038 0.000038 0.000038 0.000038 0.000038
72 72 (0) 1 : 0.000037 0.999738 0.000037 0.000037 0.000037 0.000037 0.000037 0.000037
73 73 (0) 1 : 0.000035 0.999756 0.000035 0.000035 0.000035 0.000035 0.000035 0.000035
74 74 (0) 1 : 0.000025 0.999827 0.000025 0.000025 0.000025 0.000025 0.000025 0.000025
75 75 (0) 1 : 0.000024 0.999829 0.000024 0.000024 0.000024 0.000024 0.000024 0.000024
76 76 (0) 1 : 0.000048 0.999664 0.000048 0.000048 0.000048 0.000048 0.000048 0.000048
77 77 (0) 1 : 0.000038 0.999736 0.000038 0.000038 0.000038 0.000038 0.000038 0.000038
78 78 (0) 1 : 0.000037 0.999741 0.000037 0.000037 0.000037 0.000037 0.000037 0.000037
79 79 (0) 1 : 0.000031 0.691344 0.000031 0.308471 0.000031 0.000031 0.000031 0.000031
80 80 (0) 1 : 0.000024 0.999830 0.000024 0.000024 0.000024 0.000024 0.000024 0.000024
81 81 (0) 1 : 0.000024 0.999830 0.000024 0.000024 0.000024 0.000024 0.000024 0.000024
82 82 (0) 1 : 0.000027 0.999810 0.000027 0.000027 0.000027 0.000027 0.000027 0.000027
83 83 (0) 1 : 0.000035 0.000035 0.000035 0.000035 0.000035 0.999754 0.000035 0.000035
84 84 (0) 1 : 0.000048 0.999664 0.000048 0.000048 0.000048 0.000048 0.000048 0.000048
85 85 (0) 1 : 0.000025 0.999827 0.000025 0.000025 0.000025 0.000025 0.000025 0.000025
86 86 (0) 1 : 0.000024 0.999830 0.000024 0.000024 0.000024 0.000024 0.000024 0.000024
87 87 (0) 5 : 0.000038 0.331058 0.000038 0.668716 0.000038 0.000038 0.000038 0.000038
88 88 (0) 5 : 0.000032 0.000032 0.000032 0.999773 0.000032 0.000032 0.000032 0.000032
89 89 (0) 5 : 0.000025 0.380016 0.000025 0.619832 0.000025 0.000025 0.000025 0.000025
90 90 (0) 5 : 0.000037 0.000037 0.000037 0.999738 0.000037 0.000037 0.000037 0.000037
91 91 (0) 5 : 0.000035 0.000036 0.000035 0.999752 0.000035 0.000036 0.000035 0.000036
92 92 (0) 5 : 0.000029 0.000029 0.000029 0.999799 0.000029 0.000029 0.000029 0.000029
93 93 (0) 5 : 0.000040 0.000040 0.000040 0.999720 0.000040 0.000040 0.000040 0.000040
94 94 (0) 5 : 0.000030 0.000030 0.000030 0.999790 0.000030 0.000030 0.000030 0.000030
95 95 (0) 5 : 0.000039 0.000039 0.000039 0.999730 0.000039 0.000039 0.000039 0.000039
96 96 (0) 5 : 0.000034 0.000034 0.000034 0.999761 0.000034 0.000034 0.000034 0.000034
97 97 (0) 6 : 0.000034 0.000034 0.000034 0.000034 0.000034 0.999762 0.000034 0.000034
98 98 (0) 6 : 0.000033 0.000033 0.000033 0.000033 0.000033 0.999770 0.000033 0.000033
99 99 (0) 6 : 0.000033 0.000033 0.000033 0.000033 0.000033 0.999769 0.000033 0.000033
100 100 (0) 6 : 0.000027 0.000027 0.000027 0.000027 0.000027 0.999813 0.000027 0.000027
101 101 (0) 6 : 0.000027 0.000027 0.000027 0.000027 0.000027 0.999814 0.000027 0.000027
102 102 (0) 6 : 0.000025 0.000025 0.000025 0.000025 0.000025 0.999824 0.000025 0.000025
103 103 (0) 6 : 0.000034 0.000034 0.000034 0.000034 0.000034 0.999765 0.000034 0.000034
104 104 (0) 6 : 0.000035 0.000036 0.000035 0.000036 0.000035 0.999752 0.000035 0.000035
105 105 (0) 6 : 0.000035 0.000035 0.000035 0.000035 0.000035 0.999756 0.000035 0.000035
106 106 (0) 6 : 0.000039 0.000039 0.000039 0.000039 0.000039 0.999725 0.000039 0.000039
107 107 (0) 6 : 0.000035 0.000035 0.000035 0.000035 0.000035 0.999756 0.000035 0.000035
108 108 (0) 6 : 0.000037 0.000037 0.000037 0.000037 0.000037 0.999743 0.000037 0.000037
109 109 (0) 6 : 0.000036 0.000036 0.000036 0.000036 0.000036 0.999747 0.000036 0.000036
110 110 (0) 2 : 0.000028 0.000028 0.000028 0.000028 0.000028 0.000028 0.000028 0.999805
111 111 (0) 2 : 0.000036 0.000036 0.000036 0.000036 0.000036 0.000036 0.000036 0.999750
112 112 (0) 2 : 0.000036 0.000036 0.000036 0.000036 0.000036 0.000036 0.000036 0.999746
113 113 (0) 2 : 0.000033 0.000033 0.000033 0.000033 0.000033 0.000033 0.000033 0.999768
114 114 (0) 2 : 0.000035 0.000035 0.000035 0.000035 0.000035 0.000035 0.000035 0.999758
115 115 (0) 3 : 0.000025 0.922987 0.000025 0.000025 0.000025 0.000025 0.000025 0.076865
