1 1 (0) 1 : 0.000036 0.000036 0.000036 0.999747 0.000036 0.000036 0.000036 0.000036
2 2 (0) 1 : 0.000034 0.000034 0.000034 0.999759 0.000034 0.000034 0.000034 0.000034
3 3 (0) 1 : 0.000037 0.000037 0.000037 0.999743 0.000037 0.000037 0.000037 0.000037
4 4 (0) 1 : 0.000037 0.000037 0.000037 0.999742 0.000037 0.000037 0.000037 0.000037
5 5 (0) 1 : 0.000039 0.000039 0.000039 0.999730 0.000039 0.000039 0.000039 0.000039
6 6 (0) 1 : 0.000037 0.000037 0.000037 0.999741 0.000037 0.000037 0.000037 0.000037
7 7 (0) 1 : 0.000040 0.000040 0.000040 0.999722 0.000040 0.000040 0.000040 0.000040
8 8 (0) 1 : 0.000028 0.000028 0.000028 0.999804 0.000028 0.000028 0.000028 0.000028
9 9 (0) 1 : 0.000026 0.000026 0.000026 0.999816 0.000026 0.000026 0.000026 0.000026
10 10 (0) 1 : 0.000031 0.000031 0.000031 0.999785 0.000031 0.000031 0.000031 0.000031
11 11 (0) 1 : 0.000036 0.000036 0.000036 0.999749 0.000036 0.000036 0.000036 0.000036
12 12 (0) 1 : 0.000029 0.000029 0.000029 0.999794 0.000029 0.000029 0.000029 0.000029
13 13 (0) 1 : 0.000035 0.000035 0.000035 0.999754 0.000035 0.000035 0.000035 0.000035
14 14 (0) 1 : 0.000035 0.000035 0.000035 0.999752 0.000035 0.000035 0.000036 0.000035
15 15 (0) 1 : 0.000036 0.000036 0.000036 0.999751 0.000036 0.000036 0.000036 0.000036
16 16 (0) 1 : 0.000038 0.000038 0.000038 0.999737 0.000038 0.000038 0.000038 0.000038
17 17 (0) 1 : 0.000041 0.000041 0.000041 0.999715 0.000041 0.000041 0.000041 0.000041
18 18 (0) 2 : 0.000028 0.000028 0.000028 0.000028 0.000028 0.000028 0.000028 0.999806
19 19 (0) 2 : 0.000036 0.000036 0.000036 0.000036 0.000036 0.000036 0.000036 0.999750
20 20 (0) 3 : 0.000028 0.000028 0.000028 0.999803 0.000028 0.000028 0.000028 0.000028
21 21 (0) 3 : 0.000029 0.000029 0.000029 0.999794 0.000029 0.000029 0.000029 0.000029
22 22 (0) 2 : 0.000036 0.000036 0.000036 0.000036 0.000036 0.000036 0.000036 0.999745
23 23 (0) 2 : 0.000028 0.000028 0.000028 0.000028 0.000028 0.000028 0.000028 0.999803
24 24 (0) 2 : 0.000027 0.000027 0.000027 0.000027 0.000027 0.000027 0.000027 0.999810
25 25 (0) 4 : 0.000032 0.000032 0.000032 0.255006 0.000032 0.000032 0.744800 0.000032
26 26 (0) 4 : 0.000028 0.000028 0.000028 0.000028 0.000028 0.000028 0.999802 0.000028
27 27 (0) 4 : 0.000042 0.000042 0.000042 0.000042 0.000042 0.000042 0.999708 0.000042
28 28 (0) 4 : 0.000037 0.000037 0.000037 0.000037 0.000037 0.000037 0.999743 0.000037
29 29 (0) 4 : 0.000043 0.000043 0.000043 0.000043 0.000043 0.000043 0.999698 0.000043
30 30 (0) 4 : 0.000048 0.000048 0.000048 0.134790 0.000048 0.000048 0.864922 0.000048
31 31 (0) 4 : 0.000039 0.000039 0.000039 0.000039 0.000039 0.000039 0.999725 0.000039
32 32 (0) 4 : 0.000041 0.000041 0.000041 0.000041 0.000041 0.000041 0.999711 0.000041
33 33 (0) 4 : 0.000035 0.000035 0.000035 0.000035 0.000035 0.000035 0.999754 0.000035
34 34 (0) 4 : 0.000027 0.000027 0.000027 0.154291 0.000027 0.000027 0.845547 0.000027
35 35 (0) 4 : 0.000026 0.000026 0.000026 0.292857 0.000026 0.000026 0.706987 0.000026
36 36 (0) 4 : 0.000026 0.000026 0.000026 0.000026 0.000026 0.000026 0.999817 0.000026
37 37 (0) 4 : 0.000027 0.000027 0.000027 0.000027 0.000027 0.000027 0.999814 0.000027
38 38 (0) 4 : 0.000034 0.000034 0.000034 0.000034 0.000034 0.000034 0.999765 0.000034
39 39 (0) 4 : 0.000028 0.000028 0.000028 0.000028 0.000028 0.000028 0.999805 0.000028
40 40 (0) 4 : 0.000026 0.000026 0.000026 0.000026 0.000026 0.000026 0.999818 0.000026
41 41 (0) 4 : 0.000037 0.000037 0.000037 0.000037 0.000037 0.000037 0.999740 0.000037
42 42 (0) 4 : 0.000036 0.000036 0.000036 0.000036 0.000036 0.000036 0.999748 0.000036
43 43 (0) 4 : 0.000037 0.000037 0.000037 0.000038 0.000037 0.000037 0.999738 0.000037
44 44 (0) 4 : 0.000036 0.000036 0.000036 0.000036 0.000036 0.000036 0.999747 0.000036
45 45 (0) 4 : 0.000037 0.000037 0.000037 0.000037 0.000037 0.000037 0.999744 0.000037
46 46 (0) 4 : 0.000036 0.000036 0.000036 0.000036 0.000036 0.000036 0.999746 0.000036
47 47 (0) 4 : 0.000038 0.000038 0.000038 0.000038 0.000038 0.000038 0.999737 0.000038
48 48 (0) 4 : 0.000036 0.000036 0.000036 0.225350 0.000036 0.000036 0.774436 0.000036
49 49 (0) 4 : 0.000035 0.000035 0.000035 0.000035 0.000035 0.000035 0.999756 0.000035
50 50 (0) 4 : 0.000036 0.000036 0.000036 0.000036 0.000036 0.000036 0.999750 0.000036
51 51 (0) 1 : 0.000024 0.000024 0.000024 0.999834 0.000024 0.000024 0.000024 0.000024
52 52 (0) 1 : 0.000025 0.000025 0.000025 0.999825 0.000025 0.000025 0.000025 0.000025
53 53 (0) 1 : 0.000040 0.000040 0.000040 0.730120 0.000040 0.000040 0.269640 0.000040
54 54 (0) 1 : 0.000028 0.000028 0.000028 0.466095 0.000028 0.000028 0.533738 0.000028
55 55 (0) 1 : 0.000043 0.000043 0.000043 0.738505 0.000043 0.000043 0.261237 0.000043
56 56 (0) 1 : 0.000027 0.000027 0.000027 0.536074 0.000027 0.000027 0.463764 0.000027
57 57 (0) 1 : 0.000026 0.000026 0.000026 0.557315 0.000026 0.000026 0.442531 0.000026
58 58 (0) 1 : 0.000035 0.000035 0.000035 0.666058 0.000035 0.000035 0.333734 0.000035
59 59 (0) 1 : 0.000034 0.000034 0.000034 0.999764 0.000034 0.000034 0.000034 0.000034
60 60 (0) 1 : 0.000035 0.000035 0.000035 0.999757 0.000035 0.000035 0.000035 0.000035
61 61 (0) 1 : 0.000024 0.000024 0.000024 0.999829 0.000024 0.000024 0.000024 0.000024
62 62 (0) 1 : 0.000031 0.000031 0.000031 0.859484 0.000031 0.000031 0.140331 0.000031
63 63 (0) 1 : 0.000032 0.000032 0.000032 0.897760 0.000032 0.000032 0.102046 0.000032
64 64 (0) 1 : 0.000036 0.000036 0.000036 0.999747 0.000036 0.000036 0.000036 0.000036
65 65 (0) 1 : 0.000035 0.000035 0.000035 0.999752 0.000035 0.000035 0.000035 0.000035
66 66 (0) 1 : 0.000039 0.000039 0.000039 0.999725 0.000039 0.000039 0.000039 0.000039
67 67 (0) 1 : 0.000035 0.000035 0.000035 0.999757 0.000035 0.000035 0.000035 0.000035
68 68 (0) 1 : 0.000040 0.000040 0.000040 0.999719 0.000040 0.000040 0.000040 0.000040
69 69 (0) 1 : 0.000043 0.000043 0.000043 0.999700 0.000043 0.000043 0.000043 0.000043
70 70 (0) 1 : 0.000033 0.000033 0.000033 0.999771 0.000033 0.000033 0.000033 0.000033
71 71 (0) 1 : 0.000038 0.000038 0.000038 0.999732 0.000038 0.000038 0.000038 0.000038
72 72 (0) 1 : 0.000037 0.000037 0.000037 0.999738 0.000037 0.000037 0.000037 0.000037
73 73 (0) 1 : 0.000035 0.000035 0.000035 0.999755 0.000035 0.000035 0.000035 0.000035
74 74 (0) 1 : 0.000025 0.000025 0.000025 0.999827 0.000025 0.000025 0.000025 0.000025
75 75 (0) 1 : 0.000024 0.000024 0.000024 0.999829 0.000024 0.000024 0.000024 0.000024
76 76 (0) 1 : 0.000048 0.000048 0.000048 0.999664 0.000048 0.000048 0.000048 0.000048
77 77 (0) 1 : 0.000038 0.000038 0.000038 0.999736 0.000038 0.000038 0.000038 0.000038
78 78 (0) 1 : 0.000037 0.000037 0.000037 0.999740 0.000037 0.000037 0.000037 0.000037
79 79 (0) 1 : 0.000031 0.000031 0.000031 0.775350 0.000031 0.000031 0.224465 0.000031
80 80 (0) 1 : 0.000024 0.000024 0.000024 0.999830 0.000024 0.000024 0.000024 0.000024
81 81 (0) 1 : 0.000024 0.000024 0.000024 0.999830 0.000024 0.000024 0.000024 0.000024
82 82 (0) 1 : 0.000027 0.000027 0.000027 0.999810 0.000027 0.000027 0.000027 0.000027
83 83 (0) 1 : 0.000035 0.000035 0.000035 0.999753 0.000035 0.000035 0.000035 0.000035
84 84 (0) 1 : 0.000048 0.000048 0.000048 0.999663 0.000048 0.000048 0.000048 0.000048
85 85 (0) 1 : 0.000025 0.000025 0.000025 0.999827 0.000025 0.000025 0.000025 0.000025
86 86 (0) 1 : 0.000024 0.000024 0.000024 0.999830 0.000024 0.000024 0.000024 0.000024
87 87 (0) 5 : 0.000038 0.000038 0.000038 0.999736 0.000038 0.000038 0.000038 0.000038
88 88 (0) 5 : 0.000032 0.000032 0.000032 0.999773 0.000032 0.000032 0.000032 0.000032
89 89 (0) 5 : 0.000026 0.000026 0.000026 0.999821 0.000026 0.000026 0.000026 0.000026
90 90 (0) 5 : 0.000037 0.000037 0.000037 0.244548 0.000037 0.000037 0.755227 0.000038
91 91 (0) 5 : 0.000036 0.000036 0.000036 0.109052 0.000036 0.000036 0.890735 0.000036
92 92 (0) 5 : 0.000029 0.000029 0.000029 0.999799 0.000029 0.000029 0.000029 0.000029
93 93 (0) 5 : 0.000040 0.000040 0.000040 0.397926 0.000040 0.000040 0.601833 0.000040
94 94 (0) 5 : 0.000030 0.000030 0.000030 0.397022 0.000030 0.000030 0.602799 0.000030
95 95 (0) 5 : 0.000038 0.000038 0.000038 0.112138 0.000038 0.000038 0.887631 0.000039
96 96 (0) 5 : 0.000034 0.000034 0.000034 0.363074 0.000034 0.000034 0.636720 0.000034
97 97 (0) 6 : 0.000034 0.000034 0.000034 0.999762 0.000034 0.000034 0.000034 0.000034
98 98 (0) 6 : 0.000033 0.000033 0.000033 0.999770 0.000033 0.000033 0.000033 0.000033
99 99 (0) 6 : 0.000033 0.000033 0.000033 0.999769 0.000033 0.000033 0.000033 0.000033
100 100 (0) 6 : 0.000027 0.000027 0.000027 0.999813 0.000027 0.000027 0.000027 0.000027
101 101 (0) 6 : 0.000027 0.000027 0.000027 0.999813 0.000027 0.000027 0.000027 0.000027
102 102 (0) 6 : 0.000025 0.000025 0.000025 0.999824 0.000025 0.000025 0.000025 0.000025
103 103 (0) 6 : 0.000034 0.000034 0.000034 0.999765 0.000034 0.000034 0.000034 0.000034
104 104 (0) 6 : 0.000035 0.000035 0.000035 0.999751 0.000035 0.000035 0.000036 0.000036
105 105 (0) 6 : 0.000035 0.000035 0.000035 0.999756 0.000035 0.000035 0.000035 0.000035
106 106 (0) 6 : 0.000039 0.000039 0.000039 0.999725 0.000039 0.000039 0.000039 0.000039
107 107 (0) 6 : 0.000035 0.000035 0.000035 0.999755 0.000035 0.000035 0.000035 0.000035
108 108 (0) 6 : 0.000037 0.000037 0.000037 0.999742 0.000037 0.000037 0.000037 0.000037
109 109 (0) 6 : 0.000036 0.000036 0.000036 0.999747 0.000036 0.000036 0.000036 0.000036
110 110 (0) 2 : 0.000028 0.000028 0.000028 0.000028 0.000028 0.000028 0.000028 0.999805
111 111 (0) 2 : 0.000036 0.000036 0.000036 0.000036 0.000036 0.000036 0.000036 0.999750
112 112 (0) 2 : 0.000036 0.000036 0.000036 0.000036 0.000036 0.000036 0.000036 0.999746
113 113 (0) 2 : 0.000033 0.000033 0.000033 0.000033 0.000033 0.000033 0.000033 0.999767
114 114 (0) 2 : 0.000035 0.000035 0.000035 0.000035 0.000035 0.000035 0.000035 0.999758
115 115 (0) 3 : 0.000025 0.000025 0.000025 0.957314 0.000025 0.000025 0.000025 0.042538
1 1 (0) 1 : 0.000036 0.000036 0.000036 0.000036 0.999747 0.000036 0.000036 0.000036
2 2 (0) 1 : 0.000034 0.000034 0.000034 0.000034 0.999759 0.000034 0.000034 0.000034
3 3 (0) 1 : 0.000037 0.000037 0.000037 0.000037 0.999743 0.000037 0.000037 0.000037
4 4 (0) 1 : 0.000037 0.000037 0.000037 0.000037 0.999742 0.000037 0.000037 0.000037
5 5 (0) 1 : 0.000039 0.000039 0.000039 0.000039 0.999730 0.000039 0.000039 0.000039
6 6 (0) 1 : 0.000037 0.000037 0.000037 0.000037 0.999741 0.000037 0.000037 0.000037
7 7 (0) 1 : 0.000040 0.000040 0.000040 0.000040 0.999722 0.000040 0.000040 0.000040
8 8 (0) 1 : 0.000028 0.000028 0.000028 0.000028 0.999804 0.000028 0.000028 0.000028
9 9 (0) 1 : 0.000026 0.000026 0.000026 0.000026 0.999816 0.000026 0.000026 0.000026
10 10 (0) 1 : 0.000031 0.000031 0.000031 0.000031 0.999785 0.000031 0.000031 0.000031
11 11 (0) 1 : 0.000036 0.000036 0.000036 0.000036 0.999749 0.000036 0.000036 0.000036
12 12 (0) 1 : 0.000029 0.000029 0.000029 0.000029 0.999794 0.000029 0.000029 0.000029
13 13 (0) 1 : 0.000035 0.000035 0.000035 0.000035 0.999754 0.000035 0.000035 0.000035
14 14 (0) 1 : 0.000035 0.000035 0.000036 0.000035 0.999752 0.000035 0.000035 0.000035
15 15 (0) 1 : 0.000036 0.000036 0.000036 0.000036 0.999751 0.000036 0.000036 0.000036
16 16 (0) 1 : 0.000038 0.000038 0.000038 0.000038 0.999737 0.000038 0.000038 0.000038
17 17 (0) 1 : 0.000041 0.000041 0.000041 0.000041 0.999715 0.000041 0.000041 0.000041
18 18 (0) 2 : 0.000028 0.999806 0.000028 0.000028 0.000028 0.000028 0.000028 0.000028
19 19 (0) 2 : 0.000036 0.999750 0.000036 0.000036 0.000036 0.000036 0.000036 0.000036
20 20 (0) 3 : 0.000028 0.044351 0.000028 0.000028 0.955480 0.000028 0.000028 0.000028
21 21 (0) 3 : 0.000029 0.040138 0.000029 0.000029 0.959686 0.000029 0.000029 0.000029
22 22 (0) 2 : 0.000036 0.999745 0.000036 0.000036 0.000036 0.000036 0.000036 0.000036
23 23 (0) 2 : 0.000028 0.999803 0.000028 0.000028 0.000028 0.000028 0.000028 0.000028
24 24 (0) 2 : 0.000027 0.999810 0.000027 0.000027 0.000027 0.000027 0.000027 0.000027
25 25 (0) 4 : 0.000032 0.000032 0.999773 0.000032 0.000032 0.000032 0.000032 0.000032
26 26 (0) 4 : 0.000028 0.000028 0.999802 0.000028 0.000028 0.000028 0.000028 0.000028
27 27 (0) 4 : 0.000042 0.000042 0.999708 0.000042 0.000042 0.000042 0.000042 0.000042
28 28 (0) 4 : 0.000037 0.000037 0.999743 0.000037 0.000037 0.000037 0.000037 0.000037
29 29 (0) 4 : 0.000043 0.000043 0.999698 0.000043 0.000043 0.000043 0.000043 0.000043
30 30 (0) 4 : 0.000048 0.000048 0.999664 0.000048 0.000048 0.000048 0.000048 0.000048
31 31 (0) 4 : 0.000039 0.000039 0.999725 0.000039 0.000039 0.000039 0.000039 0.000039
32 32 (0) 4 : 0.000041 0.000041 0.999711 0.000041 0.000041 0.000041 0.000041 0.000041
33 33 (0) 4 : 0.000035 0.000035 0.999754 0.000035 0.000035 0.000035 0.000035 0.000035
34 34 (0) 4 : 0.000027 0.000027 0.999811 0.000027 0.000027 0.000027 0.000027 0.000027
35 35 (0) 4 : 0.000026 0.000026 0.953657 0.000026 0.046187 0.000026 0.000026 0.000026
36 36 (0) 4 : 0.000026 0.000026 0.999817 0.000026 0.000026 0.000026 0.000026 0.000026
37 37 (0) 4 : 0.000027 0.000027 0.999814 0.000027 0.000027 0.000027 0.000027 0.000027
38 38 (0) 4 : 0.000034 0.000034 0.999765 0.000034 0.000034 0.000034 0.000034 0.000034
39 39 (0) 4 : 0.000028 0.000028 0.999805 0.000028 0.000028 0.000028 0.000028 0.000028
40 40 (0) 4 : 0.000026 0.000026 0.999818 0.000026 0.000026 0.000026 0.000026 0.000026
41 41 (0) 4 : 0.000037 0.000037 0.999740 0.000037 0.000037 0.000037 0.000037 0.000037
42 42 (0) 4 : 0.000036 0.000036 0.999748 0.000036 0.000036 0.000036 0.000036 0.000036
43 43 (0) 4 : 0.000037 0.000037 0.999738 0.000037 0.000038 0.000037 0.000037 0.000037
44 44 (0) 4 : 0.000036 0.000036 0.999747 0.000036 0.000036 0.000036 0.000036 0.000036
45 45 (0) 4 : 0.000037 0.000037 0.999744 0.000037 0.000037 0.000037 0.000037 0.000037
46 46 (0) 4 : 0.000036 0.000036 0.999746 0.000036 0.000036 0.000036 0.000036 0.000036
47 47 (0) 4 : 0.000038 0.000038 0.999737 0.000038 0.000038 0.000038 0.000038 0.000038
48 48 (0) 4 : 0.000036 0.000036 0.917133 0.000036 0.082653 0.000036 0.000036 0.000036
49 49 (0) 4 : 0.000035 0.000035 0.999756 0.000035 0.000035 0.000035 0.000035 0.000035
50 50 (0) 4 : 0.000036 0.000036 0.999750 0.000036 0.000036 0.000036 0.000036 0.000036
51 51 (0) 1 : 0.000024 0.000024 0.000024 0.000024 0.999834 0.000024 0.000024 0.000024
52 52 (0) 1 : 0.000025 0.000025 0.000025 0.000025 0.999825 0.000025 0.000025 0.000025
53 53 (0) 1 : 0.000040 0.000040 0.305618 0.000040 0.694141 0.000040 0.000040 0.000040
54 54 (0) 1 : 0.000028 0.000028 0.583037 0.000028 0.416797 0.000028 0.000028 0.000028
55 55 (0) 1 : 0.000043 0.000043 0.321208 0.000043 0.678534 0.000043 0.000043 0.000043
56 56 (0) 1 : 0.000027 0.000027 0.522690 0.000027 0.477148 0.000027 0.000027 0.000027
57 57 (0) 1 : 0.000026 0.000026 0.496953 0.000026 0.502893 0.000026 0.000026 0.000026
58 58 (0) 1 : 0.000035 0.000035 0.396011 0.000035 0.603781 0.000035 0.000035 0.000035
59 59 (0) 1 : 0.000034 0.000034 0.000034 0.000034 0.999764 0.000034 0.000034 0.000034
60 60 (0) 1 : 0.000035 0.000035 0.000035 0.000035 0.999757 0.000035 0.000035 0.000035
61 61 (0) 1 : 0.000024 0.000024 0.000024 0.000024 0.999829 0.000024 0.000024 0.000024
62 62 (0) 1 : 0.000031 0.000031 0.000031 0.000031 0.999784 0.000031 0.000031 0.000031
63 63 (0) 1 : 0.000032 0.000032 0.000032 0.000032 0.999773 0.000032 0.000032 0.000032
64 64 (0) 1 : 0.000036 0.000036 0.000036 0.000036 0.999747 0.000036 0.000036 0.000036
65 65 (0) 1 : 0.000035 0.000035 0.000035 0.000035 0.999752 0.000035 0.000035 0.000035
66 66 (0) 1 : 0.000039 0.000039 0.000039 0.000039 0.999725 0.000039 0.000039 0.000039
67 67 (0) 1 : 0.000035 0.000035 0.000035 0.000035 0.999757 0.000035 0.000035 0.000035
68 68 (0) 1 : 0.000040 0.000040 0.000040 0.000040 0.999719 0.000040 0.000040 0.000040
69 69 (0) 1 : 0.000043 0.000043 0.000043 0.000043 0.999700 0.000043 0.000043 0.000043
70 70 (0) 1 : 0.000033 0.000033 0.000033 0.000033 0.999771 0.000033 0.000033 0.000033
71 71 (0) 1 : 0.000038 0.000038 0.000038 0.000038 0.999732 0.000038 0.000038 0.000038
72 72 (0) 1 : 0.000037 0.000037 0.000037 0.000037 0.999738 0.000037 0.000037 0.000037
73 73 (0) 1 : 0.000035 0.000035 0.000035 0.000035 0.999755 0.000035 0.000035 0.000035
74 74 (0) 1 : 0.000025 0.000025 0.000025 0.000025 0.999827 0.000025 0.000025 0.000025
75 75 (0) 1 : 0.000024 0.000024 0.000024 0.000024 0.999829 0.000024 0.000024 0.000024
76 76 (0) 1 : 0.000048 0.000048 0.000048 0.000048 0.999664 0.000048 0.000048 0.000048
77 77 (0) 1 : 0.000038 0.000038 0.000038 0.000038 0.999736 0.000038 0.000038 0.000038
78 78 (0) 1 : 0.000037 0.000037 0.000037 0.000037 0.999740 0.000037 0.000037 0.000037
79 79 (0) 1 : 0.000031 0.000031 0.271724 0.000031 0.728091 0.000031 0.000031 0.000031
80 80 (0) 1 : 0.000024 0.000024 0.000024 0.000024 0.999830 0.000024 0.000024 0.000024
81 81 (0) 1 : 0.000024 0.000024 0.000024 0.000024 0.999830 0.000024 0.000024 0.000024
82 82 (0) 1 : 0.000027 0.000027 0.000027 0.000027 0.999810 0.000027 0.000027 0.000027
83 83 (0) 1 : 0.000035 0.000035 0.000035 0.000035 0.999753 0.000035 0.000035 0.000035
84 84 (0) 1 : 0.000048 0.000048 0.036704 0.000048 0.963007 0.000048 0.000048 0.000048
85 85 (0) 1 : 0.000025 0.000025 0.000025 0.000025 0.999827 0.000025 0.000025 0.000025
86 86 (0) 1 : 0.000024 0.000024 0.000024 0.000024 0.999830 0.000024 0.000024 0.000024
87 87 (0) 5 : 0.000038 0.000038 0.676215 0.000038 0.323560 0.000038 0.000038 0.000038
88 88 (0) 5 : 0.000032 0.000032 0.716875 0.000032 0.282930 0.000032 0.000032 0.000032
89 89 (0) 5 : 0.000026 0.000026 0.568150 0.000026 0.431697 0.000026 0.000026 0.000026
90 90 (0) 5 : 0.000037 0.000038 0.872374 0.000037 0.127401 0.000037 0.000037 0.000037
91 91 (0) 5 : 0.000036 0.000036 0.999751 0.000036 0.000036 0.000036 0.000036 0.000036
92 92 (0) 5 : 0.000029 0.000029 0.704614 0.000029 0.295213 0.000029 0.000029 0.000029
93 93 (0) 5 : 0.000040 0.000040 0.815381 0.000040 0.184378 0.000040 0.000040 0.000040
94 94 (0) 5 : 0.000030 0.000030 0.818157 0.000030 0.181664 0.000030 0.000030 0.000030
95 95 (0) 5 : 0.000038 0.000039 0.999731 0.000038 0.000039 0.000038 0.000038 0.000038
96 96 (0) 5 : 0.000034 0.000034 0.830101 0.000034 0.169693 0.000034 0.000034 0.000034
97 97 (0) 6 : 0.000034 0.000034 0.000034 0.000034 0.999762 0.000034 0.000034 0.000034
98 98 (0) 6 : 0.000033 0.000033 0.000033 0.000033 0.999770 0.000033 0.000033 0.000033
99 99 (0) 6 : 0.000033 0.000033 0.000033 0.000033 0.999769 0.000033 0.000033 0.000033
100 100 (0) 6 : 0.000027 0.000027 0.000027 0.000027 0.999813 0.000027 0.000027 0.000027
101 101 (0) 6 : 0.000027 0.000027 0.000027 0.000027 0.999813 0.000027 0.000027 0.000027
102 102 (0) 6 : 0.000025 0.000025 0.000025 0.000025 0.999824 0.000025 0.000025 0.000025
103 103 (0) 6 : 0.000034 0.000034 0.000034 0.000034 0.999765 0.000034 0.000034 0.000034
104 104 (0) 6 : 0.000035 0.000036 0.000036 0.000035 0.999751 0.000035 0.000035 0.000035
105 105 (0) 6 : 0.000035 0.000035 0.000035 0.000035 0.999756 0.000035 0.000035 0.000035
106 106 (0) 6 : 0.000039 0.000039 0.000039 0.000039 0.999725 0.000039 0.000039 0.000039
107 107 (0) 6 : 0.000035 0.000035 0.000035 0.000035 0.999755 0.000035 0.000035 0.000035
108 108 (0) 6 : 0.000037 0.000037 0.000037 0.000037 0.999742 0.000037 0.000037 0.000037
109 109 (0) 6 : 0.000036 0.000036 0.000036 0.000036 0.999747 0.000036 0.000036 0.000036
110 110 (0) 2 : 0.000028 0.843476 0.000028 0.000028 0.156357 0.000028 0.000028 0.000028
111 111 (0) 2 : 0.000036 0.999750 0.000036 0.000036 0.000036 0.000036 0.000036 0.000036
112 112 (0) 2 : 0.000036 0.999688 0.000036 0.000036 0.000094 0.000036 0.000036 0.000036
113 113 (0) 2 : 0.000033 0.999767 0.000033 0.000033 0.000033 0.000033 0.000033 0.000033
114 114 (0) 2 : 0.000035 0.999758 0.000035 0.000035 0.000035 0.000035 0.000035 0.000035
115 115 (0) 3 : 0.000025 0.067107 0.000025 0.000025 0.932745 0.000025 0.000025 0.000025
1 1 (0) 1 : 0.000036 0.000036 0.999747 0.000036 0.000036 0.000036 0.000036 0.000036
2 2 (0) 1 : 0.000034 0.000034 0.999759 0.000034 0.000035 0.000034 0.000034 0.000034
3 3 (0) 1 : 0.000037 0.000037 0.999743 0.000037 0.000037 0.000037 0.000037 0.000037
4 4 (0) 1 : 0.000037 0.000037 0.999742 0.000037 0.000037 0.000037 0.000037 0.000037
5 5 (0) 1 : 0.000039 0.000039 0.999730 0.000039 0.000039 0.000039 0.000039 0.000039
6 6 (0) 1 : 0.000037 0.000037 0.999741 0.000037 0.000037 0.000037 0.000037 0.000037
7 7 (0) 1 : 0.000040 0.000040 0.999722 0.000040 0.000040 0.000040 0.000040 0.000040
8 8 (0) 1 : 0.000028 0.000028 0.999804 0.000028 0.000028 0.000028 0.000028 0.000028
9 9 (0) 1 : 0.000026 0.000026 0.999816 0.000026 0.000026 0.000026 0.000026 0.000026
10 10 (0) 1 : 0.000031 0.000031 0.999785 0.000031 0.000031 0.000031 0.000031 0.000031
11 11 (0) 1 : 0.000036 0.000036 0.999749 0.000036 0.000036 0.000036 0.000036 0.000036
12 12 (0) 1 : 0.000029 0.000029 0.999794 0.000029 0.000029 0.000029 0.000029 0.000029
13 13 (0) 1 : 0.000035 0.000035 0.999754 0.000035 0.000035 0.000035 0.000035 0.000035
14 14 (0) 1 : 0.000035 0.000035 0.999752 0.000035 0.000036 0.000036 0.000035 0.000035
15 15 (0) 1 : 0.000036 0.000036 0.999750 0.000036 0.000036 0.000036 0.000036 0.000036
16 16 (0) 1 : 0.000038 0.000038 0.999737 0.000038 0.000038 0.000038 0.000038 0.000038
17 17 (0) 1 : 0.000041 0.000041 0.999715 0.000041 0.000041 0.000041 0.000041 0.000041
18 18 (0) 2 : 0.000028 0.000028 0.000028 0.000028 0.000028 0.000028 0.999806 0.000028
19 19 (0) 2 : 0.000036 0.000036 0.000036 0.000036 0.000036 0.000036 0.999749 0.000036
20 20 (0) 3 : 0.000028 0.000028 0.999803 0.000028 0.000028 0.000028 0.000028 0.000028
21 21 (0) 3 : 0.000029 0.000029 0.999794 0.000029 0.000029 0.000029 0.000029 0.000029
22 22 (0) 2 : 0.000036 0.000036 0.000036 0.000036 0.000036 0.000036 0.999745 0.000036
23 23 (0) 2 : 0.000028 0.000028 0.000028 0.000028 0.000028 0.000028 0.999803 0.000028
24 24 (0) 2 : 0.000027 0.000027 0.000027 0.000027 0.000027 0.000027 0.999810 0.000027
25 25 (0) 4 : 0.000032 0.000032 0.000032 0.000032 0.000032 0.999773 0.000032 0.000032
26 26 (0) 4 : 0.000028 0.000028 0.000028 0.000028 0.000028 0.999802 0.000028 0.000028
27 27 (0) 4 : 0.000042 0.000042 0.000042 0.000042 0.000042 0.999708 0.000042 0.000042
28 28 (0) 4 : 0.000037 0.000037 0.000037 0.000037 0.000037 0.999743 0.000037 0.000037
29 29 (0) 4 : 0.000043 0.000043 0.000043 0.000043 0.000043 0.999698 0.000043 0.000043
30 30 (0) 4 : 0.000048 0.000048 0.085895 0.000048 0.000048 0.913817 0.000048 0.000048
31 31 (0) 4 : 0.000039 0.000039 0.000039 0.000039 0.000039 0.999725 0.000039 0.000039
32 32 (0) 4 : 0.000041 0.000041 0.000041 0.000041 0.000041 0.999711 0.000041 0.000041
33 33 (0) 4 : 0.000035 0.000035 0.000035 0.000035 0.000035 0.999754 0.000035 0.000035
34 34 (0) 4 : 0.000027 0.000027 0.000027 0.000027 0.000027 0.999811 0.000027 0.000027
35 35 (0) 4 : 0.000026 0.000026 0.000026 0.000026 0.000026 0.999818 0.000026 0.000026
36 36 (0) 4 : 0.000026 0.000026 0.000026 0.000026 0.000026 0.999817 0.000026 0.000026
37 37 (0) 4 : 0.000027 0.000027 0.000027 0.000027 0.000027 0.999814 0.000027 0.000027
38 38 (0) 4 : 0.000034 0.000034 0.000034 0.000034 0.000034 0.999765 0.000034 0.000034
39 39 (0) 4 : 0.000028 0.000028 0.000028 0.000028 0.000028 0.999805 0.000028 0.000028
40 40 (0) 4 : 0.000026 0.000026 0.000026 0.000026 0.000026 0.999818 0.000026 0.000026
41 41 (0) 4 : 0.000037 0.000037 0.000037 0.000037 0.000037 0.999740 0.000037 0.000037
42 42 (0) 4 : 0.000036 0.000036 0.000036 0.000036 0.000036 0.999748 0.000036 0.000036
43 43 (0) 4 : 0.000037 0.000037 0.000038 0.000037 0.000038 0.999738 0.000037 0.000037
44 44 (0) 4 : 0.000036 0.000036 0.000036 0.000036 0.000036 0.999747 0.000036 0.000036
45 45 (0) 4 : 0.000037 0.000037 0.000037 0.000037 0.000037 0.999744 0.000037 0.000037
46 46 (0) 4 : 0.000036 0.000036 0.000036 0.000036 0.000036 0.999746 0.000036 0.000036
47 47 (0) 4 : 0.000038 0.000038 0.000038 0.000038 0.000038 0.999737 0.000038 0.000038
48 48 (0) 4 : 0.000036 0.000036 0.000036 0.000036 0.000036 0.999750 0.000036 0.000036
49 49 (0) 4 : 0.000035 0.000035 0.000035 0.000035 0.000035 0.999756 0.000035 0.000035
50 50 (0) 4 : 0.000036 0.000036 0.000036 0.000036 0.000036 0.999750 0.000036 0.000036
51 51 (0) 1 : 0.000024 0.000024 0.999834 0.000024 0.000024 0.000024 0.000024 0.000024
52 52 (0) 1 : 0.000025 0.000025 0.999825 0.000025 0.000025 0.000025 0.000025 0.000025
53 53 (0) 1 : 0.000040 0.000040 0.756345 0.000040 0.000040 0.243415 0.000040 0.000040
54 54 (0) 1 : 0.000028 0.000028 0.409683 0.000028 0.000028 0.590151 0.000028 0.000028
55 55 (0) 1 : 0.000043 0.000043 0.669167 0.000043 0.000043 0.330575 0.000043 0.000043
56 56 (0) 1 : 0.000027 0.000027 0.473769 0.000027 0.000027 0.526070 0.000027 0.000027
57 57 (0) 1 : 0.000026 0.000026 0.495630 0.000026 0.000026 0.504216 0.000026 0.000026
58 58 (0) 1 : 0.000035 0.000035 0.590437 0.000035 0.000035 0.409356 0.000035 0.000035
59 59 (0) 1 : 0.000034 0.000034 0.999764 0.000034 0.000034 0.000034 0.000034 0.000034
60 60 (0) 1 : 0.000035 0.000035 0.999757 0.000035 0.000035 0.000035 0.000035 0.000035
61 61 (0) 1 : 0.000024 0.000024 0.999829 0.000024 0.000024 0.000024 0.000024 0.000024
62 62 (0) 1 : 0.000031 0.000031 0.879970 0.000031 0.000031 0.119845 0.000031 0.000031
63 63 (0) 1 : 0.000032 0.000032 0.904591 0.000032 0.000032 0.095215 0.000032 0.000032
64 64 (0) 1 : 0.000036 0.000036 0.999747 0.000036 0.000036 0.000036 0.000036 0.000036
65 65 (0) 1 : 0.000035 0.000035 0.999752 0.000035 0.000035 0.000035 0.000035 0.000035
66 66 (0) 1 : 0.000039 0.000039 0.999725 0.000039 0.000039 0.000039 0.000039 0.000039
67 67 (0) 1 : 0.000035 0.000035 0.999757 0.000035 0.000035 0.000035 0.000035 0.000035
68 68 (0) 1 : 0.000040 0.000040 0.999719 0.000040 0.000040 0.000040 0.000040 0.000040
69 69 (0) 1 : 0.000043 0.000043 0.999700 0.000043 0.000043 0.000043 0.000043 0.000043
70 70 (0) 1 : 0.000033 0.000033 0.999771 0.000033 0.000033 0.000033 0.000033 0.000033
71 71 (0) 1 : 0.000038 0.000038 0.999732 0.000038 0.000038 0.000038 0.000038 0.000038
72 72 (0) 1 : 0.000037 0.000037 0.999738 0.000037 0.000037 0.000037 0.000037 0.000037
73 73 (0) 1 : 0.000035 0.000035 0.999755 0.000035 0.000035 0.000035 0.000035 0.000035
74 74 (0) 1 : 0.000025 0.000025 0.999827 0.000025 0.000025 0.000025 0.000025 0.000025
75 75 (0) 1 : 0.000024 0.000024 0.999829 0.000024 0.000024 0.000024 0.000024 0.000024
76 76 (0) 1 : 0.000048 0.000048 0.999664 0.000048 0.000048 0.000048 0.000048 0.000048
77 77 (0) 1 : 0.000038 0.000038 0.999736 0.000038 0.000038 0.000038 0.000038 0.000038
78 78 (0) 1 : 0.000037 0.000037 0.999740 0.000037 0.000037 0.000037 0.000037 0.000037
79 79 (0) 1 : 0.000031 0.000031 0.741794 0.000031 0.000031 0.258021 0.000031 0.000031
80 80 (0) 1 : 0.000024 0.000024 0.999830 0.000024 0.000024 0.000024 0.000024 0.000024
81 81 (0) 1 : 0.000024 0.000024 0.999830 0.000024 0.000024 0.000024 0.000024 0.000024
82 82 (0) 1 : 0.000027 0.000027 0.999810 0.000027 0.000027 0.000027 0.000027 0.000027
83 83 (0) 1 : 0.000035 0.000035 0.819478 0.000035 0.180310 0.000035 0.000035 0.000035
84 84 (0) 1 : 0.000048 0.000048 0.999663 0.000048 0.000048 0.000048 0.000048 0.000048
85 85 (0) 1 : 0.000025 0.000025 0.999827 0.000025 0.000025 0.000025 0.000025 0.000025
86 86 (0) 1 : 0.000024 0.000024 0.999830 0.000024 0.000024 0.000024 0.000024 0.000024
87 87 (0) 5 : 0.000038 0.000038 0.280295 0.000038 0.000038 0.719480 0.000038 0.000038
88 88 (0) 5 : 0.000032 0.000032 0.222166 0.000032 0.000032 0.777640 0.000032 0.000032
89 89 (0) 5 : 0.000026 0.000026 0.407599 0.000026 0.000026 0.592248 0.000026 0.000026
90 90 (0) 5 : 0.000037 0.000037 0.000038 0.000037 0.000038 0.999737 0.000038 0.000037
91 91 (0) 5 : 0.000036 0.000036 0.000036 0.000036 0.000036 0.999751 0.000036 0.000036
92 92 (0) 5 : 0.000029 0.000029 0.242248 0.000029 0.000029 0.757580 0.000029 0.000029
93 93 (0) 5 : 0.000040 0.000040 0.000040 0.000040 0.000040 0.999719 0.000040 0.000040
94 94 (0) 5 : 0.000030 0.000030 0.000030 0.000030 0.000030 0.999791 0.000030 0.000030
95 95 (0) 5 : 0.000038 0.000038 0.000039 0.000038 0.000039 0.999730 0.000039 0.000038
96 96 (0) 5 : 0.000034 0.000034 0.000034 0.000034 0.000034 0.999760 0.000034 0.000034
97 97 (0) 6 : 0.000034 0.000034 0.000034 0.000034 0.999761 0.000034 0.000034 0.000034
98 98 (0) 6 : 0.000033 0.000033 0.000033 0.000033 0.999770 0.000033 0.000033 0.000033
99 99 (0) 6 : 0.000033 0.000033 0.000033 0.000033 0.999769 0.000033 0.000033 0.000033
100 100 (0) 6 : 0.000027 0.000027 0.000027 0.000027 0.999813 0.000027 0.000027 0.000027
101 101 (0) 6 : 0.000027 0.000027 0.689929 0.000027 0.309911 0.000027 0.000027 0.000027
102 102 (0) 6 : 0.000025 0.000025 0.000025 0.000025 0.999824 0.000025 0.000025 0.000025
103 103 (0) 6 : 0.000034 0.000034 0.000034 0.000034 0.999765 0.000034 0.000034 0.000034
104 104 (0) 6 : 0.000035 0.000035 0.000036 0.000035 0.999751 0.000036 0.000036 0.000035
105 105 (0) 6 : 0.000035 0.000035 0.000035 0.000035 0.999756 0.000035 0.000035 0.000035
106 106 (0) 6 : 0.000039 0.000039 0.000039 0.000039 0.999725 0.000039 0.000039 0.000039
107 107 (0) 6 : 0.000035 0.000035 0.000035 0.000035 0.999755 0.000035 0.000035 0.000035
108 108 (0) 6 : 0.000037 0.000037 0.000037 0.000037 0.999742 0.000037 0.000037 0.000037
109 109 (0) 6 : 0.000036 0.000036 0.000036 0.000036 0.999747 0.000036 0.000036 0.000036
110 110 (0) 2 : 0.000028 0.000028 0.150699 0.000028 0.000028 0.000028 0.849134 0.000028
111 111 (0) 2 : 0.000036 0.000036 0.000036 0.000036 0.000036 0.000036 0.999750 0.000036
112 112 (0) 2 : 0.000036 0.000036 0.000036 0.000036 0.000036 0.000036 0.999746 0.000036
113 113 (0) 2 : 0.000033 0.000033 0.000033 0.000033 0.000033 0.000033 0.999767 0.000033
114 114 (0) 2 : 0.000035 0.000035 0.000035 0.000035 0.000035 0.000035 0.999758 0.000035
115 115 (0) 3 : 0.000025 0.000025 0.999827 0.000025 0.000025 0.000025 0.000025 0.000025
1 1 (0) 1 : 0.000036 0.000036 0.000036 0.000036 0.000036 0.999747 0.000036 0.000036
2 2 (0) 1 : 0.000034 0.000034 0.000034 0.000034 0.000034 0.999759 0.000034 0.000034
3 3 (0) 1 : 0.000037 0.000037 0.000037 0.000037 0.000037 0.999743 0.000037 0.000037
4 4 (0) 1 : 0.000037 0.000037 0.000037 0.000037 0.000037 0.999742 0.000037 0.000037
5 5 (0) 1 : 0.000039 0.000039 0.000039 0.000039 0.000039 0.999730 0.000039 0.000039
6 6 (0) 1 : 0.000037 0.000037 0.000037 0.000037 0.000037 0.999741 0.000037 0.000037
7 7 (0) 1 : 0.000040 0.000040 0.000040 0.000040 0.000040 0.999722 0.000040 0.000040
8 8 (0) 1 : 0.000028 0.000028 0.000028 0.000028 0.000028 0.999804 0.000028 0.000028
9 9 (0) 1 : 0.000026 0.000026 0.000026 0.000026 0.000026 0.999816 0.000026 0.000026
10 10 (0) 1 : 0.000031 0.000031 0.000031 0.000031 0.000031 0.999785 0.000031 0.000031
11 11 (0) 1 : 0.000036 0.000036 0.000036 0.000036 0.000036 0.999749 0.000036 0.000036
12 12 (0) 1 : 0.000029 0.000029 0.000029 0.000029 0.000029 0.999794 0.000029 0.000029
13 13 (0) 1 : 0.000035 0.000035 0.000035 0.000035 0.000035 0.999754 0.000035 0.000035
14 14 (0) 1 : 0.000035 0.000035 0.000035 0.000036 0.000035 0.999752 0.000035 0.000035
15 15 (0) 1 : 0.000036 0.000036 0.000036 0.000036 0.000036 0.999751 0.000036 0.000036
16 16 (0) 1 : 0.000038 0.000038 0.000038 0.000038 0.000038 0.999737 0.000038 0.000038
17 17 (0) 1 : 0.000041 0.000041 0.000041 0.000041 0.000041 0.999715 0.000041 0.000041
18 18 (0) 2 : 0.000028 0.000028 0.000028 0.000028 0.000028 0.000028 0.000028 0.999806
19 19 (0) 2 : 0.000036 0.000036 0.000036 0.000036 0.000036 0.000036 0.000036 0.999750
20 20 (0) 3 : 0.000028 0.000028 0.000028 0.000028 0.000028 0.999803 0.000028 0.000028
21 21 (0) 3 : 0.000029 0.000029 0.000029 0.000029 0.000029 0.999794 0.000029 0.000029
22 22 (0) 2 : 0.000036 0.000036 0.000036 0.000036 0.000036 0.000036 0.000036 0.999745
23 23 (0) 2 : 0.000028 0.000028 0.000028 0.000028 0.000028 0.000028 0.000028 0.999803
24 24 (0) 2 : 0.000027 0.000027 0.000027 0.000027 0.000027 0.000027 0.000027 0.999810
25 25 (0) 4 : 0.000032 0.000032 0.000032 0.895221 0.000032 0.104585 0.000032 0.000032
26 26 (0) 4 : 0.000028 0.000028 0.000028 0.999802 0.000028 0.000028 0.000028 0.000028
27 27 (0) 4 : 0.000042 0.000042 0.000042 0.999708 0.000042 0.000042 0.000042 0.000042
28 28 (0) 4 : 0.000037 0.000037 0.000037 0.999743 0.000037 0.000037 0.000037 0.000037
29 29 (0) 4 : 0.000043 0.000043 0.000043 0.999698 0.000043 0.000043 0.000043 0.000043
30 30 (0) 4 : 0.000048 0.000048 0.000048 0.887841 0.000048 0.111871 0.000048 0.000048
31 31 (0) 4 : 0.000039 0.000039 0.000039 0.999725 0.000039 0.000039 0.000039 0.000039
32 32 (0) 4 : 0.000041 0.000041 0.000041 0.999711 0.000041 0.000041 0.000041 0.000041
33 33 (0) 4 : 0.000035 0.000035 0.000035 0.999754 0.000035 0.000035 0.000035 0.000035
34 34 (0) 4 : 0.000027 0.000027 0.000027 0.999811 0.000027 0.000027 0.000027 0.000027
35 35 (0) 4 : 0.000026 0.000026 0.000026 0.901893 0.000026 0.097950 0.000026 0.000026
36 36 (0) 4 : 0.000026 0.000026 0.000026 0.999817 0.000026 0.000026 0.000026 0.000026
37 37 (0) 4 : 0.000027 0.000027 0.000027 0.999814 0.000027 0.000027 0.000027 0.000027
38 38 (0) 4 : 0.000034 0.000034 0.000034 0.999765 0.000034 0.000034 0.000034 0.000034
39 39 (0) 4 : 0.000028 0.000028 0.000028 0.999805 0.000028 0.000028 0.000028 0.000028
40 40 (0) 4 : 0.000026 0.000026 0.000026 0.999818 0.000026 0.000026 0.000026 0.000026
41 41 (0) 4 : 0.000037 0.000037 0.000037 0.999740 0.000037 0.000037 0.000037 0.000037
42 42 (0) 4 : 0.000036 0.000036 0.000036 0.999748 0.000036 0.000036 0.000036 0.000036
43 43 (0) 4 : 0.000037 0.000037 0.000037 0.999738 0.000037 0.000038 0.000037 0.000037
44 44 (0) 4 : 0.000036 0.000036 0.000036 0.999747 0.000036 0.000036 0.000036 0.000036
45 45 (0) 4 : 0.000037 0.000037 0.000037 0.999744 0.000037 0.000037 0.000037 0.000037
46 46 (0) 4 : 0.000036 0.000036 0.000036 0.999746 0.000036 0.000036 0.000036 0.000036
47 47 (0) 4 : 0.000038 0.000038 0.000038 0.999737 0.000038 0.000038 0.000038 0.000038
48 48 (0) 4 : 0.000036 0.000036 0.000036 0.907617 0.000036 0.092169 0.000036 0.000036
49 49 (0) 4 : 0.000035 0.000035 0.000035 0.999756 0.000035 0.000035 0.000035 0.000035
50 50 (0) 4 : 0.000036 0.000036 0.000036 0.999750 0.000036 0.000036 0.000036 0.000036
51 51 (0) 1 : 0.000024 0.000024 0.000024 0.000024 0.000024 0.999834 0.000024 0.000024
52 52 (0) 1 : 0.000025 0.000025 0.000025 0.000025 0.000025 0.999825 0.000025 0.000025
53 53 (0) 1 : 0.000040 0.000040 0.000040 0.313467 0.000040 0.686293 0.000040 0.000040
54 54 (0) 1 : 0.000028 0.000028 0.000028 0.596023 0.000028 0.403810 0.000028 0.000028
55 55 (0) 1 : 0.000043 0.000043 0.000043 0.329344 0.000043 0.670398 0.000043 0.000043
56 56 (0) 1 : 0.000027 0.000027 0.000027 0.532743 0.000027 0.467096 0.000027 0.000027
57 57 (0) 1 : 0.000026 0.000026 0.000026 0.511868 0.000026 0.487977 0.000026 0.000026
58 58 (0) 1 : 0.000035 0.000035 0.000035 0.413154 0.000035 0.586638 0.000035 0.000035
59 59 (0) 1 : 0.000034 0.000034 0.000034 0.000034 0.000034 0.999764 0.000034 0.000034
60 60 (0) 1 : 0.000035 0.000035 0.000035 0.000035 0.000035 0.999757 0.000035 0.000035
61 61 (0) 1 : 0.000024 0.000024 0.000024 0.000024 0.000024 0.999829 0.000024 0.000024
62 62 (0) 1 : 0.000031 0.000031 0.000031 0.156575 0.000031 0.843240 0.000031 0.000031
63 63 (0) 1 : 0.000032 0.000032 0.000032 0.120866 0.000032 0.878939 0.000032 0.000032
64 64 (0) 1 : 0.000036 0.000036 0.000036 0.000036 0.000036 0.999747 0.000036 0.000036
65 65 (0) 1 : 0.000035 0.000035 0.000035 0.000035 0.000035 0.999752 0.000035 0.000035
66 66 (0) 1 : 0.000039 0.000039 0.000039 0.000039 0.000039 0.999725 0.000039 0.000039
67 67 (0) 1 : 0.000035 0.000035 0.000035 0.000035 0.000035 0.999757 0.000035 0.000035
68 68 (0) 1 : 0.000040 0.000040 0.000040 0.000040 0.000040 0.999719 0.000040 0.000040
69 69 (0) 1 : 0.000043 0.000043 0.000043 0.000043 0.000043 0.999700 0.000043 0.000043
70 70 (0) 1 : 0.000033 0.000033 0.000033 0.000033 0.000033 0.999771 0.000033 0.000033
71 71 (0) 1 : 0.000038 0.000038 0.000038 0.000038 0.000038 0.999732 0.000038 0.000038
72 72 (0) 1 : 0.000037 0.000037 0.000037 0.000037 0.000037 0.999738 0.000037 0.000037
73 73 (0) 1 : 0.000035 0.000035 0.000035 0.000035 0.000035 0.999755 0.000035 0.000035
74 74 (0) 1 : 0.000025 0.000025 0.000025 0.000025 0.000025 0.999827 0.000025 0.000025
75 75 (0) 1 : 0.000024 0.000024 0.000024 0.000024 0.000024 0.999829 0.000024 0.000024
76 76 (0) 1 : 0.000048 0.000048 0.000048 0.000048 0.000048 0.999664 0.000048 0.000048
77 77 (0) 1 : 0.000038 0.000038 0.000038 0.000038 0.000038 0.999736 0.000038 0.000038
78 78 (0) 1 : 0.000037 0.000037 0.000037 0.000037 0.000037 0.999740 0.000037 0.000037
79 79 (0) 1 : 0.000031 0.000031 0.000031 0.294566 0.000031 0.705249 0.000031 0.000031
80 80 (0) 1 : 0.000024 0.000024 0.000024 0.000024 0.000024 0.999830 0.000024 0.000024
81 81 (0) 1 : 0.000024 0.000024 0.000024 0.000024 0.000024 0.999830 0.000024 0.000024
82 82 (0) 1 : 0.000027 0.000027 0.000027 0.000027 0.000027 0.999810 0.000027 0.000027
83 83 (0) 1 : 0.000035 0.000035 0.000035 0.000035 0.000035 0.999753 0.000035 0.000035
84 84 (0) 1 : 0.000048 0.000048 0.000048 0.000048 0.000048 0.999663 0.000048 0.000048
85 85 (0) 1 : 0.000025 0.000025 0.000025 0.000025 0.000025 0.999827 0.000025 0.000025
86 86 (0) 1 : 0.000024 0.000024 0.000024 0.000024 0.000024 0.999830 0.000024 0.000024
87 87 (0) 5 : 0.000038 0.000038 0.000038 0.658655 0.000038 0.341119 0.000038 0.000038
88 88 (0) 5 : 0.000032 0.000032 0.000032 0.689148 0.000032 0.310657 0.000032 0.000032
89 89 (0) 5 : 0.000026 0.000026 0.000026 0.545093 0.000026 0.454753 0.000026 0.000026
90 90 (0) 5 : 0.000037 0.000037 0.000037 0.860047 0.000037 0.139728 0.000037 0.000038
91 91 (0) 5 : 0.000036 0.000036 0.000036 0.999751 0.000036 0.000036 0.000036 0.000036
92 92 (0) 5 : 0.000029 0.000029 0.000029 0.684522 0.000029 0.315305 0.000029 0.000029
93 93 (0) 5 : 0.000040 0.000040 0.000040 0.802218 0.000040 0.197541 0.000040 0.000040
94 94 (0) 5 : 0.000030 0.000030 0.000030 0.781472 0.000030 0.218349 0.000030 0.000030
95 95 (0) 5 : 0.000038 0.000038 0.000038 0.960705 0.000038 0.039064 0.000038 0.000039
96 96 (0) 5 : 0.000034 0.000034 0.000034 0.814926 0.000034 0.184868 0.000034 0.000034
97 97 (0) 6 : 0.000034 0.000034 0.000034 0.000034 0.000034 0.999762 0.000034 0.000034
98 98 (0) 6 : 0.000033 0.000033 0.000033 0.000033 0.000033 0.999770 0.000033 0.000033
99 99 (0) 6 : 0.000033 0.000033 0.000033 0.000033 0.000033 0.999769 0.000033 0.000033
100 100 (0) 6 : 0.000027 0.000027 0.000027 0.000027 0.000027 0.999813 0.000027 0.000027
101 101 (0) 6 : 0.000027 0.000027 0.000027 0.000027 0.000027 0.999813 0.000027 0.000027
102 102 (0) 6 : 0.000025 0.000025 0.000025 0.000025 0.000025 0.999824 0.000025 0.000025
103 103 (0) 6 : 0.000034 0.000034 0.000034 0.000034 0.000034 0.999765 0.000034 0.000034
104 104 (0) 6 : 0.000035 0.000035 0.000035 0.000036 0.000035 0.999751 0.000035 0.000036
105 105 (0) 6 : 0.000035 0.000035 0.000035 0.000035 0.000035 0.999756 0.000035 0.000035
106 106 (0) 6 : 0.000039 0.000039 0.000039 0.000039 0.000039 0.999725 0.000039 0.000039
107 107 (0) 6 : 0.000035 0.000035 0.000035 0.000035 0.000035 0.999755 0.000035 0.000035
108 108 (0) 6 : 0.000037 0.000037 0.000037 0.000037 0.000037 0.999742 0.000037 0.000037
109 109 (0) 6 : 0.000036 0.000036 0.000036 0.000036 0.000036 0.999747 0.000036 0.000036
110 110 (0) 2 : 0.000028 0.000028 0.000028 0.000028 0.000028 0.167518 0.000028 0.832315
111 111 (0) 2 : 0.000036 0.000036 0.000036 0.000036 0.000036 0.000036 0.000036 0.999750
112 112 (0) 2 : 0.000036 0.000036 0.000036 0.000036 0.000036 0.109235 0.000036 0.890547
113 113 (0) 2 : 0.000033 0.000033 0.000033 0.000033 0.000033 0.000033 0.000033 0.999767
114 114 (0) 2 : 0.000035 0.000035 0.000035 0.000035 0.000035 0.000035 0.000035 0.999758
115 115 (0) 3 : 0.000025 0.000025 0.000025 0.000025 0.000025 0.953328 0.000025 0.046523
1 1 (0) 1 : 0.000036 0.000036 0.000036 0.000036 0.999747 0.000036 0.000036 0.000036
2 2 (0) 1 : 0.000034 0.000034 0.000034 0.000034 0.999759 0.000034 0.000034 0.000034
3 3 (0) 1 : 0.000037 0.000037 0.000037 0.000037 0.999743 0.000037 0.000037 0.000037
4 4 (0) 1 : 0.000037 0.000037 0.000037 0.000037 0.999742 0.000037 0.000037 0.000037
5 5 (0) 1 : 0.000039 0.000039 0.000039 0.000039 0.999730 0.000039 0.000039 0.000039
6 6 (0) 1 : 0.000037 0.000037 0.000037 0.000037 0.999741 0.000037 0.000037 0.000037
7 7 (0) 1 : 0.000040 0.000040 0.000040 0.000040 0.999722 0.000040 0.000040 0.000040
8 8 (0) 1 : 0.000028 0.000028 0.000028 0.000028 0.999804 0.000028 0.000028 0.000028
9 9 (0) 1 : 0.000026 0.000026 0.000026 0.000026 0.999816 0.000026 0.000026 0.000026
10 10 (0) 1 : 0.000031 0.000031 0.000031 0.000031 0.999785 0.000031 0.000031 0.000031
11 11 (0) 1 : 0.000036 0.000036 0.000036 0.000036 0.999749 0.000036 0.000036 0.000036
12 12 (0) 1 : 0.000029 0.000029 0.000029 0.000029 0.999794 0.000029 0.000029 0.000029
13 13 (0) 1 : 0.000035 0.000035 0.000035 0.000035 0.999754 0.000035 0.000035 0.000035
14 14 (0) 1 : 0.000035 0.000035 0.000035 0.000036 0.999752 0.000035 0.000035 0.000035
15 15 (0) 1 : 0.000036 0.000036 0.000036 0.000036 0.999751 0.000036 0.000036 0.000036
16 16 (0) 1 : 0.000038 0.000038 0.000038 0.000038 0.999737 0.000038 0.000038 0.000038
17 17 (0) 1 : 0.000041 0.000041 0.000041 0.000041 0.999715 0.000041 0.000041 0.000041
18 18 (0) 2 : 0.000028 0.000028 0.000028 0.000028 0.999806 0.000028 0.000028 0.000028
19 19 (0) 2 : 0.000036 0.000036 0.000036 0.000036 0.999749 0.000036 0.000036 0.000036
20 20 (0) 3 : 0.000028 0.000028 0.000028 0.000028 0.999803 0.000028 0.000028 0.000028
21 21 (0) 3 : 0.000029 0.000029 0.000029 0.000029 0.999794 0.000029 0.000029 0.000029
22 22 (0) 2 : 0.000036 0.000036 0.000036 0.000036 0.999745 0.000036 0.000036 0.000036
23 23 (0) 2 : 0.000028 0.000028 0.000028 0.000028 0.999803 0.000028 0.000028 0.000028
24 24 (0) 2 : 0.000027 0.000027 0.000027 0.000027 0.999810 0.000027 0.000027 0.000027
25 25 (0) 4 : 0.000032 0.000032 0.000032 0.999773 0.000032 0.000032 0.000032 0.000032
26 26 (0) 4 : 0.000028 0.000028 0.000028 0.999802 0.000028 0.000028 0.000028 0.000028
27 27 (0) 4 : 0.000042 0.000042 0.000042 0.999708 0.000042 0.000042 0.000042 0.000042
28 28 (0) 4 : 0.000037 0.000037 0.000037 0.999743 0.000037 0.000037 0.000037 0.000037
29 29 (0) 4 : 0.000043 0.000043 0.000043 0.999698 0.000043 0.000043 0.000043 0.000043
30 30 (0) 4 : 0.000048 0.000048 0.000048 0.879361 0.120351 0.000048 0.000048 0.000048
31 31 (0) 4 : 0.000039 0.000039 0.000039 0.999725 0.000039 0.000039 0.000039 0.000039
32 32 (0) 4 : 0.000041 0.000041 0.000041 0.999711 0.000041 0.000041 0.000041 0.000041
33 33 (0) 4 : 0.000035 0.000035 0.000035 0.999754 0.000035 0.000035 0.000035 0.000035
34 34 (0) 4 : 0.000027 0.000027 0.000027 0.999811 0.000027 0.000027 0.000027 0.000027
35 35 (0) 4 : 0.000026 0.000026 0.000026 0.999818 0.000026 0.000026 0.000026 0.000026
36 36 (0) 4 : 0.000026 0.000026 0.000026 0.999817 0.000026 0.000026 0.000026 0.000026
37 37 (0) 4 : 0.000027 0.000027 0.000027 0.999814 0.000027 0.000027 0.000027 0.000027
38 38 (0) 4 : 0.000034 0.000034 0.000034 0.999765 0.000034 0.000034 0.000034 0.000034
39 39 (0) 4 : 0.000028 0.000028 0.000028 0.999805 0.000028 0.000028 0.000028 0.000028
40 40 (0) 4 : 0.000026 0.000026 0.000026 0.999818 0.000026 0.000026 0.000026 0.000026
41 41 (0) 4 : 0.000037 0.000037 0.000037 0.999740 0.000037 0.000037 0.000037 0.000037
42 42 (0) 4 : 0.000036 0.000036 0.000036 0.999748 0.000036 0.000036 0.000036 0.000036
43 43 (0) 4 : 0.000037 0.000037 0.000037 0.999738 0.000038 0.000037 0.000037 0.000037
44 44 (0) 4 : 0.000036 0.000036 0.000036 0.999747 0.000036 0.000036 0.000036 0.000036
45 45 (0) 4 : 0.000037 0.000037 0.000037 0.999744 0.000037 0.000037 0.000037 0.000037
46 46 (0) 4 : 0.000036 0.000036 0.000036 0.999746 0.000036 0.000036 0.000036 0.000036
47 47 (0) 4 : 0.000038 0.000038 0.000038 0.999737 0.000038 0.000038 0.000038 0.000038
48 48 (0) 4 : 0.000036 0.000036 0.000036 0.919683 0.080103 0.000036 0.000036 0.000036
49 49 (0) 4 : 0.000035 0.000035 0.000035 0.999756 0.000035 0.000035 0.000035 0.000035
50 50 (0) 4 : 0.000036 0.000036 0.000036 0.999750 0.000036 0.000036 0.000036 0.000036
51 51 (0) 1 : 0.000024 0.000024 0.000024 0.000024 0.999834 0.000024 0.000024 0.000024
52 52 (0) 1 : 0.000025 0.000025 0.000025 0.000025 0.999825 0.000025 0.000025 0.000025
53 53 (0) 1 : 0.000040 0.000040 0.000040 0.172993 0.826767 0.000040 0.000040 0.000040
54 54 (0) 1 : 0.000028 0.000028 0.000028 0.000028 0.999806 0.000028 0.000028 0.000028
55 55 (0) 1 : 0.000043 0.000043 0.000043 0.235192 0.764550 0.000043 0.000043 0.000043
56 56 (0) 1 : 0.000027 0.000027 0.000027 0.417790 0.582048 0.000027 0.000027 0.000027
57 57 (0) 1 : 0.000026 0.000026 0.000026 0.389625 0.610221 0.000026 0.000026 0.000026
58 58 (0) 1 : 0.000035 0.000035 0.000035 0.277209 0.722583 0.000035 0.000035 0.000035
59 59 (0) 1 : 0.000034 0.000034 0.000034 0.000034 0.999764 0.000034 0.000034 0.000034
60 60 (0) 1 : 0.000035 0.000035 0.000035 0.000035 0.999757 0.000035 0.000035 0.000035
61 61 (0) 1 : 0.000024 0.000024 0.000024 0.000024 0.999829 0.000024 0.000024 0.000024
62 62 (0) 1 : 0.000031 0.000031 0.000031 0.000031 0.999784 0.000031 0.000031 0.000031
63 63 (0) 1 : 0.000032 0.000032 0.000032 0.000032 0.999773 0.000032 0.000032 0.000032
64 64 (0) 1 : 0.000036 0.000036 0.000036 0.000036 0.999748 0.000036 0.000036 0.000036
65 65 (0) 1 : 0.000035 0.000035 0.000035 0.000035 0.999752 0.000035 0.000035 0.000035
66 66 (0) 1 : 0.000039 0.000039 0.000039 0.000039 0.999725 0.000039 0.000039 0.000039
67 67 (0) 1 : 0.000035 0.000035 0.000035 0.000035 0.999757 0.000035 0.000035 0.000035
68 68 (0) 1 : 0.000040 0.000040 0.000040 0.000040 0.999719 0.000040 0.000040 0.000040
69 69 (0) 1 : 0.000043 0.000043 0.000043 0.000043 0.999700 0.000043 0.000043 0.000043
70 70 (0) 1 : 0.000033 0.000033 0.000033 0.000033 0.999771 0.000033 0.000033 0.000033
71 71 (0) 1 : 0.000038 0.000038 0.000038 0.000038 0.999732 0.000038 0.000038 0.000038
72 72 (0) 1 : 0.000037 0.000037 0.000037 0.000037 0.999738 0.000037 0.000037 0.000037
73 73 (0) 1 : 0.000035 0.000035 0.000035 0.000035 0.999755 0.000035 0.000035 0.000035
74 74 (0) 1 : 0.000025 0.000025 0.000025 0.000025 0.999827 0.000025 0.000025 0.000025
75 75 (0) 1 : 0.000024 0.000024 0.000024 0.000024 0.999829 0.000024 0.000024 0.000024
76 76 (0) 1 : 0.000048 0.000048 0.000048 0.000048 0.999664 0.000048 0.000048 0.000048
77 77 (0) 1 : 0.000038 0.000038 0.000038 0.000038 0.999736 0.000038 0.000038 0.000038
78 78 (0) 1 : 0.000037 0.000037 0.000037 0.000037 0.999740 0.000037 0.000037 0.000037
79 79 (0) 1 : 0.000031 0.000031 0.000031 0.132973 0.866842 0.000031 0.000031 0.000031
80 80 (0) 1 : 0.000024 0.000024 0.000024 0.000024 0.999830 0.000024 0.000024 0.000024
81 81 (0) 1 : 0.000024 0.000024 0.000024 0.000024 0.999830 0.000024 0.000024 0.000024
82 82 (0) 1 : 0.000027 0.000027 0.000027 0.000027 0.999810 0.000027 0.000027 0.000027
83 83 (0) 1 : 0.000035 0.000035 0.000035 0.000035 0.999753 0.000035 0.000035 0.000035
84 84 (0) 1 : 0.000048 0.000048 0.000048 0.000048 0.999663 0.000048 0.000048 0.000048
85 85 (0) 1 : 0.000025 0.000025 0.000025 0.000025 0.999827 0.000025 0.000025 0.000025
86 86 (0) 1 : 0.000024 0.000024 0.000024 0.000024 0.999830 0.000024 0.000024 0.000024
87 87 (0) 5 : 0.000038 0.000038 0.000038 0.635011 0.364764 0.000038 0.000038 0.000038
88 88 (0) 5 : 0.000032 0.000032 0.000032 0.704301 0.295505 0.000032 0.000032 0.000032
89 89 (0) 5 : 0.000026 0.000026 0.000026 0.544533 0.455314 0.000026 0.000026 0.000026
90 90 (0) 5 : 0.000037 0.000037 0.000037 0.850683 0.149092 0.000037 0.000037 0.000037
91 91 (0) 5 : 0.000036 0.000036 0.000036 0.999751 0.000036 0.000036 0.000036 0.000036
92 92 (0) 5 : 0.000029 0.000029 0.000029 0.698007 0.301820 0.000029 0.000029 0.000029
93 93 (0) 5 : 0.000040 0.000040 0.000040 0.846100 0.153660 0.000040 0.000040 0.000040
94 94 (0) 5 : 0.000030 0.000030 0.000030 0.825901 0.173920 0.000030 0.000030 0.000030
95 95 (0) 5 : 0.000038 0.000038 0.000038 0.943481 0.056288 0.000038 0.000038 0.000038
96 96 (0) 5 : 0.000034 0.000034 0.000034 0.832541 0.167253 0.000034 0.000034 0.000034
97 97 (0) 6 : 0.000034 0.000034 0.000034 0.000034 0.999762 0.000034 0.000034 0.000034
98 98 (0) 6 : 0.000033 0.000033 0.000033 0.000033 0.999770 0.000033 0.000033 0.000033
99 99 (0) 6 : 0.000033 0.000033 0.000033 0.000033 0.999769 0.000033 0.000033 0.000033
100 100 (0) 6 : 0.000027 0.000027 0.000027 0.000027 0.999813 0.000027 0.000027 0.000027
101 101 (0) 6 : 0.000027 0.000027 0.000027 0.000027 0.999813 0.000027 0.000027 0.000027
102 102 (0) 6 : 0.000025 0.000025 0.000025 0.000025 0.999824 0.000025 0.000025 0.000025
103 103 (0) 6 : 0.000034 0.000034 0.000034 0.000034 0.999765 0.000034 0.000034 0.000034
104 104 (0) 6 : 0.000035 0.000035 0.000035 0.000036 0.999752 0.000035 0.000035 0.000035
105 105 (0) 6 : 0.000035 0.000035 0.000035 0.000035 0.999756 0.000035 0.000035 0.000035
106 106 (0) 6 : 0.000039 0.000039 0.000039 0.000039 0.999725 0.000039 0.000039 0.000039
107 107 (0) 6 : 0.000035 0.000035 0.000035 0.000035 0.999755 0.000035 0.000035 0.000035
108 108 (0) 6 : 0.000037 0.000037 0.000037 0.000037 0.999742 0.000037 0.000037 0.000037
109 109 (0) 6 : 0.000036 0.000036 0.000036 0.000036 0.999747 0.000036 0.000036 0.000036
110 110 (0) 2 : 0.000028 0.000028 0.000028 0.000028 0.999805 0.000028 0.000028 0.000028
111 111 (0) 2 : 0.000036 0.000036 0.000036 0.000036 0.999750 0.000036 0.000036 0.000036
112 112 (0) 2 : 0.000036 0.000036 0.000036 0.000036 0.999746 0.000036 0.000036 0.000036
113 113 (0) 2 : 0.000033 0.000033 0.000033 0.000033 0.999767 0.000033 0.000033 0.000033
114 114 (0) 2 : 0.000035 0.000035 0.000035 0.000035 0.999758 0.000035 0.000035 0.000035
115 115 (0) 3 : 0.000025 0.000025 0.000025 0.000025 0.999827 0.000025 0.000025 0.000025
