1 1 (0) 1 : 0.999785 0.000096 0.000119
2 2 (0) 1 : 0.999794 0.000092 0.000114
3 3 (0) 1 : 0.999780 0.000097 0.000122
4 4 (0) 1 : 0.999779 0.000098 0.000123
5 5 (0) 1 : 0.999772 0.000102 0.000126
6 6 (0) 1 : 0.999779 0.000098 0.000122
7 7 (0) 1 : 0.999764 0.000106 0.000130
8 8 (0) 1 : 0.999752 0.000157 0.000091
9 9 (0) 1 : 0.999844 0.000070 0.000086
10 10 (0) 1 : 0.999572 0.000327 0.000101
11 11 (0) 1 : 0.999787 0.000095 0.000118
12 12 (0) 1 : 0.999826 0.000078 0.000096
13 13 (0) 1 : 0.999790 0.000094 0.000116
14 14 (0) 1 : 0.999789 0.000095 0.000117
15 15 (0) 1 : 0.999787 0.000095 0.000118
16 16 (0) 1 : 0.999509 0.000367 0.000124
17 17 (0) 1 : 0.999757 0.000108 0.000134
18 18 (0) 2 : 0.289091 0.000123 0.710785
19 19 (0) 2 : 0.270515 0.000095 0.729390
20 20 (0) 3 : 0.999805 0.000101 0.000095
21 21 (0) 3 : 0.999796 0.000105 0.000098
22 22 (0) 2 : 0.236646 0.000096 0.763258
23 23 (0) 2 : 0.253707 0.000099 0.746194
24 24 (0) 2 : 0.243174 0.000072 0.756754
25 25 (0) 4 : 0.000109 0.000086 0.999805
26 26 (0) 4 : 0.000093 0.000094 0.999814
27 27 (0) 4 : 0.000139 0.000111 0.999750
28 28 (0) 4 : 0.000122 0.000098 0.999780
29 29 (0) 4 : 0.000143 0.000115 0.999742
30 30 (0) 4 : 0.000163 0.000166 0.999671
31 31 (0) 4 : 0.000130 0.000105 0.999765
32 32 (0) 4 : 0.000136 0.000110 0.999754
33 33 (0) 4 : 0.000116 0.000094 0.999790
34 34 (0) 4 : 0.000091 0.000072 0.999837
35 35 (0) 4 : 0.000088 0.000069 0.999842
36 36 (0) 4 : 0.000086 0.000070 0.999845
37 37 (0) 4 : 0.000087 0.000071 0.999842
38 38 (0) 4 : 0.000111 0.000090 0.999799
39 39 (0) 4 : 0.000092 0.000074 0.999834
40 40 (0) 4 : 0.000086 0.000069 0.999845
41 41 (0) 4 : 0.000123 0.000099 0.999778
42 42 (0) 4 : 0.000119 0.000096 0.999785
43 43 (0) 4 : 0.000124 0.000100 0.999776
44 44 (0) 4 : 0.000120 0.000096 0.999784
45 45 (0) 4 : 0.000121 0.000097 0.999782
46 46 (0) 4 : 0.000121 0.000125 0.999754
47 47 (0) 4 : 0.000125 0.000100 0.999775
48 48 (0) 4 : 0.000094 0.000102 0.999803
49 49 (0) 4 : 0.000115 0.000093 0.999792
50 50 (0) 4 : 0.000118 0.000095 0.999787
51 51 (0) 1 : 0.999858 0.000063 0.000079
52 52 (0) 1 : 0.999818 0.000099 0.000083
53 53 (0) 1 : 0.999730 0.000126 0.000143
54 54 (0) 1 : 0.000100 0.000096 0.999804
55 55 (0) 1 : 0.000156 0.000155 0.999689
56 56 (0) 1 : 0.000097 0.000096 0.999808
57 57 (0) 1 : 0.000093 0.000068 0.999839
58 58 (0) 1 : 0.427618 0.000107 0.572276
59 59 (0) 1 : 0.954075 0.000107 0.045818
60 60 (0) 1 : 0.999792 0.000093 0.000116
61 61 (0) 1 : 0.999855 0.000065 0.000080
62 62 (0) 1 : 0.999807 0.000082 0.000110
63 63 (0) 1 : 0.999800 0.000086 0.000114
64 64 (0) 1 : 0.999785 0.000096 0.000119
65 65 (0) 1 : 0.999789 0.000094 0.000116
66 66 (0) 1 : 0.999767 0.000104 0.000129
67 67 (0) 1 : 0.999789 0.000097 0.000114
68 68 (0) 1 : 0.999760 0.000107 0.000133
69 69 (0) 1 : 0.999744 0.000114 0.000142
70 70 (0) 1 : 0.999805 0.000087 0.000108
71 71 (0) 1 : 0.999771 0.000102 0.000127
72 72 (0) 1 : 0.999777 0.000100 0.000124
73 73 (0) 1 : 0.999792 0.000093 0.000115
74 74 (0) 1 : 0.999853 0.000066 0.000081
75 75 (0) 1 : 0.999855 0.000065 0.000080
76 76 (0) 1 : 0.999714 0.000128 0.000158
77 77 (0) 1 : 0.999775 0.000100 0.000124
78 78 (0) 1 : 0.999779 0.000099 0.000123
79 79 (0) 1 : 0.622115 0.000114 0.377771
80 80 (0) 1 : 0.999855 0.000065 0.000080
81 81 (0) 1 : 0.999854 0.000065 0.000081
82 82 (0) 1 : 0.999837 0.000072 0.000090
83 83 (0) 1 : 0.999785 0.000094 0.000121
84 84 (0) 1 : 0.999708 0.000128 0.000164
85 85 (0) 1 : 0.999853 0.000066 0.000081
86 86 (0) 1 : 0.999855 0.000065 0.000081
87 87 (0) 5 : 0.241091 0.000127 0.758782
88 88 (0) 5 : 0.159899 0.000086 0.840015
89 89 (0) 5 : 0.308565 0.000068 0.691367
90 90 (0) 5 : 0.000148 0.000100 0.999752
91 91 (0) 5 : 0.000119 0.000095 0.999786
92 92 (0) 5 : 0.168837 0.000077 0.831086
93 93 (0) 5 : 0.088208 0.000106 0.911686
94 94 (0) 5 : 0.050216 0.000130 0.949654
95 95 (0) 5 : 0.000129 0.000155 0.999716
96 96 (0) 5 : 0.052069 0.000091 0.947840
97 97 (0) 6 : 0.999797 0.000091 0.000112
98 98 (0) 6 : 0.999804 0.000088 0.000109
99 99 (0) 6 : 0.999804 0.000088 0.000108
100 100 (0) 6 : 0.999842 0.000071 0.000087
101 101 (0) 6 : 0.999842 0.000071 0.000087
102 102 (0) 6 : 0.999851 0.000067 0.000082
103 103 (0) 6 : 0.999800 0.000090 0.000110
104 104 (0) 6 : 0.999789 0.000095 0.000117
105 105 (0) 6 : 0.999792 0.000093 0.000115
106 106 (0) 6 : 0.999766 0.000104 0.000130
107 107 (0) 6 : 0.999792 0.000093 0.000115
108 108 (0) 6 : 0.999509 0.000370 0.000121
109 109 (0) 6 : 0.999784 0.000096 0.000120
110 110 (0) 2 : 0.317895 0.000074 0.682030
111 111 (0) 2 : 0.238019 0.000123 0.761858
112 112 (0) 2 : 0.290311 0.000096 0.709593
113 113 (0) 2 : 0.236007 0.000088 0.763905
114 114 (0) 2 : 0.203118 0.000117 0.796765
115 115 (0) 3 : 0.999831 0.000085 0.000084
1 1 (0) 1 : 0.000105 0.000119 0.999776
2 2 (0) 1 : 0.000099 0.000113 0.999787
3 3 (0) 1 : 0.000107 0.000122 0.999772
4 4 (0) 1 : 0.000107 0.000122 0.999770
5 5 (0) 1 : 0.000112 0.000126 0.999763
6 6 (0) 1 : 0.000107 0.000122 0.999771
7 7 (0) 1 : 0.000114 0.000130 0.999756
8 8 (0) 1 : 0.000080 0.000091 0.999829
9 9 (0) 1 : 0.000076 0.000086 0.999839
10 10 (0) 1 : 0.000088 0.000101 0.999811
11 11 (0) 1 : 0.000103 0.000118 0.999779
12 12 (0) 1 : 0.000085 0.000095 0.999820
13 13 (0) 1 : 0.000102 0.000115 0.999783
14 14 (0) 1 : 0.000102 0.000116 0.999781
15 15 (0) 1 : 0.000102 0.000117 0.999781
16 16 (0) 1 : 0.000107 0.000124 0.999769
17 17 (0) 1 : 0.000117 0.000134 0.999750
18 18 (0) 2 : 0.000082 0.620816 0.379102
19 19 (0) 2 : 0.000106 0.612596 0.387298
20 20 (0) 3 : 0.000084 0.000094 0.999822
21 21 (0) 3 : 0.000088 0.000098 0.999814
22 22 (0) 2 : 0.000107 0.643966 0.355927
23 23 (0) 2 : 0.000083 0.650771 0.349146
24 24 (0) 2 : 0.000080 0.676075 0.323845
25 25 (0) 4 : 0.000093 0.999798 0.000109
26 26 (0) 4 : 0.000085 0.999822 0.000093
27 27 (0) 4 : 0.000121 0.999740 0.000139
28 28 (0) 4 : 0.000106 0.999772 0.000122
29 29 (0) 4 : 0.000126 0.999729 0.000145
30 30 (0) 4 : 0.000146 0.905542 0.094312
31 31 (0) 4 : 0.000113 0.999756 0.000131
32 32 (0) 4 : 0.000119 0.999742 0.000139
33 33 (0) 4 : 0.000101 0.999782 0.000117
34 34 (0) 4 : 0.000078 0.999830 0.000091
35 35 (0) 4 : 0.000075 0.999836 0.000089
36 36 (0) 4 : 0.000075 0.999838 0.000087
37 37 (0) 4 : 0.000076 0.999835 0.000088
38 38 (0) 4 : 0.000097 0.999792 0.000111
39 39 (0) 4 : 0.000080 0.999828 0.000092
40 40 (0) 4 : 0.000075 0.999838 0.000087
41 41 (0) 4 : 0.000106 0.999771 0.000123
42 42 (0) 4 : 0.000103 0.999777 0.000120
43 43 (0) 4 : 0.000108 0.999767 0.000125
44 44 (0) 4 : 0.000104 0.999776 0.000121
45 45 (0) 4 : 0.000105 0.999774 0.000121
46 46 (0) 4 : 0.000109 0.999769 0.000122
47 47 (0) 4 : 0.000109 0.999767 0.000125
48 48 (0) 4 : 0.000105 0.939108 0.060788
49 49 (0) 4 : 0.000100 0.999785 0.000115
50 50 (0) 4 : 0.000103 0.999780 0.000118
51 51 (0) 1 : 0.000070 0.000078 0.999852
52 52 (0) 1 : 0.000074 0.000083 0.999843
53 53 (0) 1 : 0.000124 0.000138 0.999738
54 54 (0) 1 : 0.000085 0.000100 0.999816
55 55 (0) 1 : 0.000130 0.245579 0.754291
56 56 (0) 1 : 0.000083 0.000099 0.999818
57 57 (0) 1 : 0.000079 0.000091 0.999830
58 58 (0) 1 : 0.000106 0.000127 0.999768
59 59 (0) 1 : 0.000108 0.022995 0.976897
60 60 (0) 1 : 0.000101 0.000116 0.999784
61 61 (0) 1 : 0.000070 0.000079 0.999850
62 62 (0) 1 : 0.000091 0.000104 0.999805
63 63 (0) 1 : 0.000094 0.000108 0.999798
64 64 (0) 1 : 0.000104 0.000118 0.999778
65 65 (0) 1 : 0.000102 0.000116 0.999782
66 66 (0) 1 : 0.000114 0.000128 0.999758
67 67 (0) 1 : 0.000099 0.000114 0.999787
68 68 (0) 1 : 0.000117 0.000133 0.999750
69 69 (0) 1 : 0.000124 0.000141 0.999734
70 70 (0) 1 : 0.000094 0.000108 0.999798
71 71 (0) 1 : 0.000112 0.000126 0.999762
72 72 (0) 1 : 0.000108 0.000123 0.999769
73 73 (0) 1 : 0.000101 0.000115 0.999785
74 74 (0) 1 : 0.000072 0.000081 0.999848
75 75 (0) 1 : 0.000070 0.000080 0.999850
76 76 (0) 1 : 0.000140 0.000157 0.999703
77 77 (0) 1 : 0.000109 0.000124 0.999767
78 78 (0) 1 : 0.000107 0.000122 0.999771
79 79 (0) 1 : 0.000091 0.107985 0.891923
80 80 (0) 1 : 0.000071 0.000080 0.999849
81 81 (0) 1 : 0.000071 0.000081 0.999848
82 82 (0) 1 : 0.000081 0.000090 0.999830
83 83 (0) 1 : 0.000104 0.000119 0.999777
84 84 (0) 1 : 0.000146 0.000162 0.999692
85 85 (0) 1 : 0.000072 0.000081 0.999847
86 86 (0) 1 : 0.000071 0.000080 0.999849
87 87 (0) 5 : 0.000113 0.616975 0.382912
88 88 (0) 5 : 0.000094 0.730457 0.269449
89 89 (0) 5 : 0.000075 0.583134 0.416791
90 90 (0) 5 : 0.000110 0.922515 0.077375
91 91 (0) 5 : 0.000104 0.999775 0.000120
92 92 (0) 5 : 0.000087 0.679980 0.319933
93 93 (0) 5 : 0.000118 0.766095 0.233787
94 94 (0) 5 : 0.000088 0.930419 0.069493
95 95 (0) 5 : 0.000114 0.999755 0.000131
96 96 (0) 5 : 0.000100 0.822003 0.177897
97 97 (0) 6 : 0.000098 0.000111 0.999790
98 98 (0) 6 : 0.000096 0.000108 0.999796
99 99 (0) 6 : 0.000096 0.000108 0.999796
100 100 (0) 6 : 0.000077 0.000087 0.999836
101 101 (0) 6 : 0.000077 0.000087 0.999837
102 102 (0) 6 : 0.000072 0.000082 0.999846
103 103 (0) 6 : 0.000097 0.000110 0.999792
104 104 (0) 6 : 0.000102 0.000116 0.999782
105 105 (0) 6 : 0.000101 0.000116 0.999783
106 106 (0) 6 : 0.000114 0.000130 0.999757
107 107 (0) 6 : 0.000101 0.000115 0.999784
108 108 (0) 6 : 0.000105 0.000121 0.999774
109 109 (0) 6 : 0.000105 0.000121 0.999774
110 110 (0) 2 : 0.000083 0.569249 0.430667
111 111 (0) 2 : 0.000108 0.627892 0.371999
112 112 (0) 2 : 0.000108 0.586122 0.413770
113 113 (0) 2 : 0.000098 0.635801 0.364101
114 114 (0) 2 : 0.000104 0.661746 0.338150
115 115 (0) 3 : 0.000075 0.000083 0.999842
