1 1 (0) 1 : 0.000119 0.000119 0.999762
2 2 (0) 1 : 0.000113 0.000114 0.999772
3 3 (0) 1 : 0.000123 0.000119 0.999758
4 4 (0) 1 : 0.000122 0.000122 0.999756
5 5 (0) 1 : 0.000127 0.000126 0.999747
6 6 (0) 1 : 0.000123 0.000121 0.999756
7 7 (0) 1 : 0.000130 0.000130 0.999740
8 8 (0) 1 : 0.000091 0.000102 0.999807
9 9 (0) 1 : 0.000086 0.000099 0.999816
10 10 (0) 1 : 0.000101 0.000110 0.999789
11 11 (0) 1 : 0.000119 0.000121 0.999760
12 12 (0) 1 : 0.000096 0.000101 0.999803
13 13 (0) 1 : 0.000116 0.000094 0.999790
14 14 (0) 1 : 0.000117 0.000095 0.999788
15 15 (0) 1 : 0.000117 0.000119 0.999764
16 16 (0) 1 : 0.000123 0.000132 0.999745
17 17 (0) 1 : 0.000134 0.000139 0.999727
18 18 (0) 2 : 0.708489 0.000089 0.291422
19 19 (0) 2 : 0.607139 0.000115 0.392746
20 20 (0) 3 : 0.000094 0.000091 0.999815
21 21 (0) 3 : 0.000098 0.000096 0.999806
22 22 (0) 2 : 0.610835 0.000117 0.389048
23 23 (0) 2 : 0.744580 0.000091 0.255329
24 24 (0) 2 : 0.679384 0.000088 0.320528
25 25 (0) 4 : 0.999771 0.000119 0.000110
26 26 (0) 4 : 0.999812 0.000094 0.000094
27 27 (0) 4 : 0.999714 0.000146 0.000140
28 28 (0) 4 : 0.999746 0.000132 0.000121
29 29 (0) 4 : 0.999711 0.000144 0.000145
30 30 (0) 4 : 0.999679 0.000155 0.000166
31 31 (0) 4 : 0.999728 0.000142 0.000130
32 32 (0) 4 : 0.999727 0.000134 0.000139
33 33 (0) 4 : 0.999752 0.000132 0.000117
34 34 (0) 4 : 0.999812 0.000098 0.000091
35 35 (0) 4 : 0.999822 0.000089 0.000088
36 36 (0) 4 : 0.999828 0.000085 0.000086
37 37 (0) 4 : 0.999826 0.000086 0.000088
38 38 (0) 4 : 0.999761 0.000128 0.000111
39 39 (0) 4 : 0.999815 0.000093 0.000092
40 40 (0) 4 : 0.999830 0.000084 0.000086
41 41 (0) 4 : 0.999740 0.000137 0.000123
42 42 (0) 4 : 0.999747 0.000133 0.000119
43 43 (0) 4 : 0.999744 0.000131 0.000125
44 44 (0) 4 : 0.999756 0.000123 0.000121
45 45 (0) 4 : 0.999744 0.000136 0.000120
46 46 (0) 4 : 0.999762 0.000117 0.000121
47 47 (0) 4 : 0.999739 0.000136 0.000125
48 48 (0) 4 : 0.890565 0.000116 0.109319
49 49 (0) 4 : 0.999751 0.000134 0.000115
50 50 (0) 4 : 0.999746 0.000136 0.000118
51 51 (0) 1 : 0.000079 0.000077 0.999844
52 52 (0) 1 : 0.000083 0.000081 0.999836
53 53 (0) 1 : 0.000137 0.168720 0.831143
54 54 (0) 1 : 0.000098 0.999803 0.000100
55 55 (0) 1 : 0.259756 0.137424 0.602819
56 56 (0) 1 : 0.707127 0.292778 0.000095
57 57 (0) 1 : 0.000092 0.999814 0.000094
58 58 (0) 1 : 0.723915 0.275962 0.000123
59 59 (0) 1 : 0.000115 0.000110 0.999775
60 60 (0) 1 : 0.000115 0.000116 0.999770
61 61 (0) 1 : 0.000080 0.000084 0.999836
62 62 (0) 1 : 0.000106 0.079978 0.919916
63 63 (0) 1 : 0.000110 0.074176 0.925714
64 64 (0) 1 : 0.000119 0.000122 0.999759
65 65 (0) 1 : 0.000116 0.000125 0.999759
66 66 (0) 1 : 0.000129 0.000131 0.999739
67 67 (0) 1 : 0.000114 0.000121 0.999765
68 68 (0) 1 : 0.000132 0.000135 0.999732
69 69 (0) 1 : 0.000142 0.000135 0.999723
70 70 (0) 1 : 0.000107 0.000111 0.999782
71 71 (0) 1 : 0.000125 0.000124 0.999751
72 72 (0) 1 : 0.000124 0.000126 0.999750
73 73 (0) 1 : 0.000115 0.000121 0.999764
74 74 (0) 1 : 0.000081 0.000090 0.999829
75 75 (0) 1 : 0.000079 0.000087 0.999834
76 76 (0) 1 : 0.000158 0.000128 0.999714
77 77 (0) 1 : 0.000124 0.000127 0.999748
78 78 (0) 1 : 0.000122 0.000123 0.999755
79 79 (0) 1 : 0.000107 0.236228 0.763666
80 80 (0) 1 : 0.000080 0.000080 0.999841
81 81 (0) 1 : 0.000082 0.000079 0.999840
82 82 (0) 1 : 0.000090 0.000090 0.999820
83 83 (0) 1 : 0.000119 0.000115 0.999766
84 84 (0) 1 : 0.000162 0.000160 0.999678
85 85 (0) 1 : 0.000081 0.000087 0.999832
86 86 (0) 1 : 0.000080 0.000079 0.999840
87 87 (0) 5 : 0.539757 0.000122 0.460121
88 88 (0) 5 : 0.728187 0.000106 0.271707
89 89 (0) 5 : 0.592763 0.000083 0.407154
90 90 (0) 5 : 0.950482 0.000122 0.049396
91 91 (0) 5 : 0.999763 0.000115 0.000122
92 92 (0) 5 : 0.668625 0.000094 0.331282
93 93 (0) 5 : 0.804387 0.000130 0.195483
94 94 (0) 5 : 0.905874 0.000098 0.094028
95 95 (0) 5 : 0.999742 0.000125 0.000132
96 96 (0) 5 : 0.903829 0.000111 0.096060
97 97 (0) 6 : 0.000112 0.000126 0.999762
98 98 (0) 6 : 0.000108 0.000117 0.999775
99 99 (0) 6 : 0.000108 0.000116 0.999776
100 100 (0) 6 : 0.000087 0.000098 0.999815
101 101 (0) 6 : 0.000087 0.000099 0.999814
102 102 (0) 6 : 0.000082 0.000097 0.999821
103 103 (0) 6 : 0.000111 0.000122 0.999767
104 104 (0) 6 : 0.000117 0.000128 0.999755
105 105 (0) 6 : 0.000116 0.000127 0.999757
106 106 (0) 6 : 0.000130 0.000133 0.999737
107 107 (0) 6 : 0.000116 0.000126 0.999758
108 108 (0) 6 : 0.000122 0.000134 0.999744
109 109 (0) 6 : 0.000121 0.000129 0.999750
110 110 (0) 2 : 0.629454 0.000091 0.370455
111 111 (0) 2 : 0.532553 0.000116 0.467331
112 112 (0) 2 : 0.523452 0.000118 0.476430
113 113 (0) 2 : 0.619644 0.000108 0.380248
114 114 (0) 2 : 0.553352 0.000112 0.446536
115 115 (0) 3 : 0.000083 0.000081 0.999837
1 1 (0) 1 : 0.000119 0.000120 0.999761
2 2 (0) 1 : 0.000113 0.000114 0.999773
3 3 (0) 1 : 0.000123 0.028853 0.971024
4 4 (0) 1 : 0.000121 0.000123 0.999756
5 5 (0) 1 : 0.000127 0.000127 0.999746
6 6 (0) 1 : 0.000122 0.000123 0.999755
7 7 (0) 1 : 0.000130 0.000131 0.999739
8 8 (0) 1 : 0.000091 0.000090 0.999819
9 9 (0) 1 : 0.000085 0.000085 0.999829
10 10 (0) 1 : 0.000100 0.000099 0.999800
11 11 (0) 1 : 0.000119 0.000119 0.999761
12 12 (0) 1 : 0.000096 0.000095 0.999809
13 13 (0) 1 : 0.000115 0.000116 0.999769
14 14 (0) 1 : 0.000116 0.000117 0.999767
15 15 (0) 1 : 0.000117 0.000116 0.999767
16 16 (0) 1 : 0.000123 0.000124 0.999753
17 17 (0) 1 : 0.000134 0.000135 0.999731
18 18 (0) 2 : 0.000093 0.000090 0.999818
19 19 (0) 2 : 0.000120 0.000116 0.999765
20 20 (0) 3 : 0.000092 0.000091 0.999816
21 21 (0) 3 : 0.000096 0.000095 0.999809
22 22 (0) 2 : 0.000121 0.000117 0.999762
23 23 (0) 2 : 0.000094 0.000091 0.999815
24 24 (0) 2 : 0.000091 0.000088 0.999821
25 25 (0) 4 : 0.889089 0.000105 0.110806
26 26 (0) 4 : 0.999812 0.000093 0.000095
27 27 (0) 4 : 0.999724 0.000136 0.000140
28 28 (0) 4 : 0.999760 0.000119 0.000122
29 29 (0) 4 : 0.999714 0.000141 0.000145
30 30 (0) 4 : 0.864971 0.000160 0.134869
31 31 (0) 4 : 0.999742 0.000127 0.000131
32 32 (0) 4 : 0.999723 0.000137 0.000140
33 33 (0) 4 : 0.999769 0.000114 0.000117
34 34 (0) 4 : 0.999820 0.000088 0.000092
35 35 (0) 4 : 0.842478 0.000085 0.157437
36 36 (0) 4 : 0.999829 0.000084 0.000086
37 37 (0) 4 : 0.999826 0.000086 0.000088
38 38 (0) 4 : 0.999781 0.000109 0.000110
39 39 (0) 4 : 0.999817 0.000090 0.000093
40 40 (0) 4 : 0.999830 0.000084 0.000086
41 41 (0) 4 : 0.999756 0.000121 0.000124
42 42 (0) 4 : 0.999764 0.000116 0.000120
43 43 (0) 4 : 0.999753 0.000122 0.000125
44 44 (0) 4 : 0.999761 0.000118 0.000121
45 45 (0) 4 : 0.999761 0.000118 0.000121
46 46 (0) 4 : 0.948865 0.000119 0.051016
47 47 (0) 4 : 0.999753 0.000122 0.000125
48 48 (0) 4 : 0.815903 0.000108 0.183989
49 49 (0) 4 : 0.999772 0.000113 0.000115
50 50 (0) 4 : 0.999766 0.000116 0.000118
51 51 (0) 1 : 0.000078 0.000077 0.999845
52 52 (0) 1 : 0.000082 0.000075 0.999842
53 53 (0) 1 : 0.025705 0.000133 0.974163
54 54 (0) 1 : 0.518260 0.000090 0.481651
55 55 (0) 1 : 0.274973 0.000142 0.724886
56 56 (0) 1 : 0.532257 0.000087 0.467656
57 57 (0) 1 : 0.477256 0.000083 0.522661
58 58 (0) 1 : 0.408801 0.000114 0.591085
59 59 (0) 1 : 0.000115 0.000111 0.999774
60 60 (0) 1 : 0.000115 0.000113 0.999772
61 61 (0) 1 : 0.000079 0.000079 0.999842
62 62 (0) 1 : 0.139542 0.000101 0.860357
63 63 (0) 1 : 0.092536 0.000106 0.907358
64 64 (0) 1 : 0.000119 0.000119 0.999762
65 65 (0) 1 : 0.000116 0.000117 0.999767
66 66 (0) 1 : 0.000129 0.000128 0.999743
67 67 (0) 1 : 0.000114 0.000114 0.999772
68 68 (0) 1 : 0.000132 0.000133 0.999735
69 69 (0) 1 : 0.000141 0.000142 0.999717
70 70 (0) 1 : 0.000107 0.000107 0.999786
71 71 (0) 1 : 0.000125 0.000125 0.999750
72 72 (0) 1 : 0.000124 0.000123 0.999753
73 73 (0) 1 : 0.000115 0.000115 0.999771
74 74 (0) 1 : 0.000081 0.000080 0.999839
75 75 (0) 1 : 0.000079 0.000079 0.999842
76 76 (0) 1 : 0.000158 0.000158 0.999684
77 77 (0) 1 : 0.000124 0.000124 0.999752
78 78 (0) 1 : 0.000122 0.000122 0.999757
79 79 (0) 1 : 0.276117 0.000103 0.723780
80 80 (0) 1 : 0.000079 0.000079 0.999842
81 81 (0) 1 : 0.000080 0.000073 0.999847
82 82 (0) 1 : 0.000089 0.000088 0.999823
83 83 (0) 1 : 0.000119 0.134873 0.865008
84 84 (0) 1 : 0.000161 0.000158 0.999681
85 85 (0) 1 : 0.000080 0.000080 0.999840
86 86 (0) 1 : 0.000079 0.000079 0.999842
87 87 (0) 5 : 0.412373 0.000122 0.587506
88 88 (0) 5 : 0.579375 0.000105 0.420520
89 89 (0) 5 : 0.449583 0.000083 0.550335
90 90 (0) 5 : 0.848046 0.000124 0.151830
91 91 (0) 5 : 0.866074 0.000117 0.133808
92 92 (0) 5 : 0.537144 0.000094 0.462762
93 93 (0) 5 : 0.727714 0.000132 0.272154
94 94 (0) 5 : 0.723501 0.000097 0.276402
95 95 (0) 5 : 0.843490 0.000128 0.156383
96 96 (0) 5 : 0.827229 0.000112 0.172659
97 97 (0) 6 : 0.000113 0.999771 0.000116
98 98 (0) 6 : 0.000109 0.999778 0.000113
99 99 (0) 6 : 0.000109 0.999778 0.000113
100 100 (0) 6 : 0.000088 0.090167 0.909745
101 101 (0) 6 : 0.000088 0.041907 0.958006
102 102 (0) 6 : 0.000082 0.016912 0.983006
103 103 (0) 6 : 0.000111 0.999774 0.000115
104 104 (0) 6 : 0.000118 0.999761 0.000121
105 105 (0) 6 : 0.000115 0.999768 0.000117
106 106 (0) 6 : 0.000130 0.999737 0.000133
107 107 (0) 6 : 0.000116 0.999765 0.000119
108 108 (0) 6 : 0.000122 0.999752 0.000126
109 109 (0) 6 : 0.000120 0.999758 0.000122
110 110 (0) 2 : 0.000094 0.000090 0.999816
111 111 (0) 2 : 0.000119 0.000116 0.999765
112 112 (0) 2 : 0.000121 0.000119 0.999760
113 113 (0) 2 : 0.000112 0.000108 0.999780
114 114 (0) 2 : 0.000117 0.000114 0.999769
115 115 (0) 3 : 0.000081 0.000080 0.999839
1 1 (0) 1 : 0.000117 0.000118 0.999765
2 2 (0) 1 : 0.000112 0.000113 0.999775
3 3 (0) 1 : 0.000120 0.000123 0.999757
4 4 (0) 1 : 0.000120 0.000122 0.999758
5 5 (0) 1 : 0.000125 0.000127 0.999748
6 6 (0) 1 : 0.000119 0.000123 0.999758
7 7 (0) 1 : 0.000130 0.000130 0.999740
8 8 (0) 1 : 0.000092 0.000091 0.999817
9 9 (0) 1 : 0.000086 0.000086 0.999828
10 10 (0) 1 : 0.000100 0.000101 0.999800
11 11 (0) 1 : 0.000117 0.000119 0.999764
12 12 (0) 1 : 0.000097 0.000096 0.999808
13 13 (0) 1 : 0.000115 0.000116 0.999770
14 14 (0) 1 : 0.000116 0.000116 0.999768
15 15 (0) 1 : 0.000116 0.000117 0.999767
16 16 (0) 1 : 0.000122 0.000123 0.999755
17 17 (0) 1 : 0.000133 0.000134 0.999733
18 18 (0) 2 : 0.999816 0.000091 0.000093
19 19 (0) 2 : 0.999761 0.000119 0.000121
20 20 (0) 3 : 0.000089 0.000093 0.999818
21 21 (0) 3 : 0.000098 0.000098 0.999804
22 22 (0) 2 : 0.999757 0.000120 0.000123
23 23 (0) 2 : 0.999813 0.000092 0.000094
24 24 (0) 2 : 0.999820 0.000089 0.000091
25 25 (0) 4 : 0.000106 0.884962 0.114932
26 26 (0) 4 : 0.000093 0.999813 0.000094
27 27 (0) 4 : 0.000136 0.999724 0.000140
28 28 (0) 4 : 0.000120 0.999758 0.000121
29 29 (0) 4 : 0.000141 0.999714 0.000145
30 30 (0) 4 : 0.000161 0.877795 0.122045
31 31 (0) 4 : 0.000127 0.999742 0.000130
32 32 (0) 4 : 0.000134 0.999726 0.000140
33 33 (0) 4 : 0.000115 0.999768 0.000117
34 34 (0) 4 : 0.000089 0.999820 0.000092
35 35 (0) 4 : 0.000086 0.876923 0.122991
36 36 (0) 4 : 0.000090 0.999823 0.000086
37 37 (0) 4 : 0.000089 0.999823 0.000088
38 38 (0) 4 : 0.000116 0.999773 0.000111
39 39 (0) 4 : 0.000094 0.999814 0.000092
40 40 (0) 4 : 0.000087 0.999828 0.000086
41 41 (0) 4 : 0.000120 0.999756 0.000124
42 42 (0) 4 : 0.000117 0.999764 0.000119
43 43 (0) 4 : 0.000122 0.999753 0.000125
44 44 (0) 4 : 0.000117 0.999761 0.000121
45 45 (0) 4 : 0.000119 0.999761 0.000121
46 46 (0) 4 : 0.000121 0.999756 0.000123
47 47 (0) 4 : 0.000122 0.999753 0.000125
48 48 (0) 4 : 0.000117 0.824134 0.175749
49 49 (0) 4 : 0.000114 0.999771 0.000115
50 50 (0) 4 : 0.000116 0.999765 0.000118
51 51 (0) 1 : 0.000078 0.000079 0.999844
52 52 (0) 1 : 0.000082 0.000083 0.999836
53 53 (0) 1 : 0.141021 0.090263 0.768716
54 54 (0) 1 : 0.000081 0.582882 0.417037
55 55 (0) 1 : 0.000143 0.359483 0.640374
56 56 (0) 1 : 0.000089 0.591586 0.408325
57 57 (0) 1 : 0.000078 0.552030 0.447892
58 58 (0) 1 : 0.000098 0.454736 0.545166
59 59 (0) 1 : 0.000112 0.026409 0.973479
60 60 (0) 1 : 0.000113 0.000115 0.999772
61 61 (0) 1 : 0.000080 0.000080 0.999841
62 62 (0) 1 : 0.000101 0.189301 0.810598
63 63 (0) 1 : 0.000106 0.128534 0.871360
64 64 (0) 1 : 0.000117 0.000119 0.999764
65 65 (0) 1 : 0.000115 0.000116 0.999769
66 66 (0) 1 : 0.000128 0.000129 0.999743
67 67 (0) 1 : 0.000113 0.000114 0.999773
68 68 (0) 1 : 0.000131 0.000132 0.999737
69 69 (0) 1 : 0.000140 0.000141 0.999719
70 70 (0) 1 : 0.000107 0.000107 0.999786
71 71 (0) 1 : 0.000124 0.000125 0.999750
72 72 (0) 1 : 0.000122 0.000124 0.999755
73 73 (0) 1 : 0.000114 0.000115 0.999771
74 74 (0) 1 : 0.000081 0.000081 0.999839
75 75 (0) 1 : 0.000080 0.000079 0.999841
76 76 (0) 1 : 0.000156 0.000158 0.999686
77 77 (0) 1 : 0.000123 0.000124 0.999753
78 78 (0) 1 : 0.000121 0.000122 0.999758
79 79 (0) 1 : 0.000101 0.364785 0.635115
80 80 (0) 1 : 0.000080 0.000079 0.999841
81 81 (0) 1 : 0.000080 0.000081 0.999839
82 82 (0) 1 : 0.000089 0.000090 0.999821
83 83 (0) 1 : 0.000118 0.000120 0.999762
84 84 (0) 1 : 0.000135 0.000162 0.999703
85 85 (0) 1 : 0.000080 0.000081 0.999839
86 86 (0) 1 : 0.000080 0.000080 0.999840
87 87 (0) 5 : 0.000125 0.458211 0.541663
88 88 (0) 5 : 0.000109 0.631657 0.368235
89 89 (0) 5 : 0.000084 0.495404 0.504512
90 90 (0) 5 : 0.000106 0.868501 0.131393
91 91 (0) 5 : 0.000102 0.902322 0.097577
92 92 (0) 5 : 0.000096 0.593135 0.406769
93 93 (0) 5 : 0.000132 0.736624 0.263244
94 94 (0) 5 : 0.000099 0.773189 0.226712
95 95 (0) 5 : 0.000113 0.887182 0.112705
96 96 (0) 5 : 0.000113 0.849447 0.150440
97 97 (0) 6 : 0.000111 0.000112 0.999777
98 98 (0) 6 : 0.000107 0.000108 0.999785
99 99 (0) 6 : 0.000107 0.000108 0.999785
100 100 (0) 6 : 0.000090 0.000087 0.999823
101 101 (0) 6 : 0.000090 0.000087 0.999823
102 102 (0) 6 : 0.000086 0.000082 0.999833
103 103 (0) 6 : 0.000110 0.000110 0.999780
104 104 (0) 6 : 0.000111 0.000117 0.999772
105 105 (0) 6 : 0.000110 0.000117 0.999773
106 106 (0) 6 : 0.000126 0.000130 0.999744
107 107 (0) 6 : 0.000108 0.000116 0.999776
108 108 (0) 6 : 0.000119 0.000121 0.999759
109 109 (0) 6 : 0.000099 0.000121 0.999779
110 110 (0) 2 : 0.999812 0.000093 0.000095
111 111 (0) 2 : 0.821608 0.000119 0.178273
112 112 (0) 2 : 0.999755 0.000121 0.000124
113 113 (0) 2 : 0.999777 0.000111 0.000112
114 114 (0) 2 : 0.999766 0.000116 0.000118
115 115 (0) 3 : 0.003223 0.000082 0.996695
1 1 (0) 1 : 0.000118 0.000118 0.999764
2 2 (0) 1 : 0.000113 0.000113 0.999774
3 3 (0) 1 : 0.000121 0.000123 0.999756
4 4 (0) 1 : 0.000121 0.000121 0.999758
5 5 (0) 1 : 0.000127 0.000127 0.999747
6 6 (0) 1 : 0.000122 0.000122 0.999756
7 7 (0) 1 : 0.000130 0.000130 0.999740
8 8 (0) 1 : 0.000086 0.000091 0.999823
9 9 (0) 1 : 0.000083 0.000085 0.999832
10 10 (0) 1 : 0.000101 0.000100 0.999799
11 11 (0) 1 : 0.000118 0.000119 0.999763
12 12 (0) 1 : 0.000096 0.000096 0.999809
13 13 (0) 1 : 0.000115 0.000115 0.999769
14 14 (0) 1 : 0.000117 0.000116 0.999767
15 15 (0) 1 : 0.000116 0.000116 0.999767
16 16 (0) 1 : 0.000123 0.000123 0.999754
17 17 (0) 1 : 0.000134 0.000133 0.999733
18 18 (0) 2 : 0.999816 0.000091 0.000093
19 19 (0) 2 : 0.999762 0.000118 0.000120
20 20 (0) 3 : 0.000095 0.000093 0.999812
21 21 (0) 3 : 0.000098 0.000098 0.999803
22 22 (0) 2 : 0.999759 0.000119 0.000122
23 23 (0) 2 : 0.999814 0.000092 0.000094
24 24 (0) 2 : 0.999820 0.000089 0.000091
25 25 (0) 4 : 0.000106 0.999783 0.000110
26 26 (0) 4 : 0.000093 0.999813 0.000094
27 27 (0) 4 : 0.000137 0.999722 0.000140
28 28 (0) 4 : 0.000120 0.999759 0.000122
29 29 (0) 4 : 0.000142 0.999712 0.000145
30 30 (0) 4 : 0.000162 0.857600 0.142238
31 31 (0) 4 : 0.000128 0.999741 0.000131
32 32 (0) 4 : 0.000137 0.999722 0.000141
33 33 (0) 4 : 0.000115 0.999768 0.000117
34 34 (0) 4 : 0.000089 0.999820 0.000091
35 35 (0) 4 : 0.000086 0.999825 0.000089
36 36 (0) 4 : 0.000085 0.999828 0.000086
37 37 (0) 4 : 0.000087 0.999825 0.000088
38 38 (0) 4 : 0.000089 0.999800 0.000111
39 39 (0) 4 : 0.000091 0.999816 0.000093
40 40 (0) 4 : 0.000086 0.999828 0.000086
41 41 (0) 4 : 0.000121 0.999755 0.000124
42 42 (0) 4 : 0.000117 0.999763 0.000120
43 43 (0) 4 : 0.000123 0.999752 0.000125
44 44 (0) 4 : 0.000119 0.999760 0.000121
45 45 (0) 4 : 0.000119 0.999761 0.000121
46 46 (0) 4 : 0.000123 0.999753 0.000124
47 47 (0) 4 : 0.000123 0.999752 0.000125
48 48 (0) 4 : 0.000118 0.859170 0.140712
49 49 (0) 4 : 0.000093 0.999792 0.000115
50 50 (0) 4 : 0.000116 0.999766 0.000118
51 51 (0) 1 : 0.000078 0.000079 0.999843
52 52 (0) 1 : 0.000083 0.000083 0.999835
53 53 (0) 1 : 0.408757 0.000135 0.591109
54 54 (0) 1 : 0.999805 0.000096 0.000099
55 55 (0) 1 : 0.400674 0.061027 0.538299
56 56 (0) 1 : 0.612746 0.000093 0.387161
57 57 (0) 1 : 0.556655 0.000088 0.443256
58 58 (0) 1 : 0.516783 0.000119 0.483098
59 59 (0) 1 : 0.000114 0.000115 0.999771
60 60 (0) 1 : 0.000114 0.000115 0.999771
61 61 (0) 1 : 0.000080 0.000079 0.999841
62 62 (0) 1 : 0.181844 0.000104 0.818052
63 63 (0) 1 : 0.115611 0.000110 0.884279
64 64 (0) 1 : 0.000118 0.000118 0.999763
65 65 (0) 1 : 0.000116 0.000116 0.999768
66 66 (0) 1 : 0.000129 0.000129 0.999742
67 67 (0) 1 : 0.000114 0.000114 0.999772
68 68 (0) 1 : 0.000132 0.000132 0.999737
69 69 (0) 1 : 0.000141 0.000141 0.999718
70 70 (0) 1 : 0.000107 0.000107 0.999786
71 71 (0) 1 : 0.000125 0.000125 0.999750
72 72 (0) 1 : 0.000123 0.000123 0.999754
73 73 (0) 1 : 0.000114 0.000115 0.999771
74 74 (0) 1 : 0.000076 0.000081 0.999844
75 75 (0) 1 : 0.000076 0.000079 0.999845
76 76 (0) 1 : 0.000158 0.000158 0.999684
77 77 (0) 1 : 0.000124 0.000124 0.999752
78 78 (0) 1 : 0.000122 0.000121 0.999757
79 79 (0) 1 : 0.474916 0.000104 0.524979
80 80 (0) 1 : 0.000080 0.000079 0.999841
81 81 (0) 1 : 0.000081 0.000081 0.999838
82 82 (0) 1 : 0.000090 0.000090 0.999820
83 83 (0) 1 : 0.000119 0.000119 0.999762
84 84 (0) 1 : 0.000162 0.000161 0.999677
85 85 (0) 1 : 0.000081 0.000081 0.999839
86 86 (0) 1 : 0.000081 0.000080 0.999840
87 87 (0) 5 : 0.000126 0.465222 0.534652
88 88 (0) 5 : 0.000109 0.666844 0.333047
89 89 (0) 5 : 0.000085 0.528923 0.470992
90 90 (0) 5 : 0.000125 0.859843 0.140032
91 91 (0) 5 : 0.000120 0.885363 0.114518
92 92 (0) 5 : 0.000097 0.617991 0.381912
93 93 (0) 5 : 0.000134 0.727368 0.272498
94 94 (0) 5 : 0.000100 0.842950 0.156951
95 95 (0) 5 : 0.000130 0.869030 0.130840
96 96 (0) 5 : 0.000114 0.839539 0.160347
97 97 (0) 6 : 0.000111 0.000112 0.999777
98 98 (0) 6 : 0.000107 0.000108 0.999785
99 99 (0) 6 : 0.000108 0.000108 0.999784
100 100 (0) 6 : 0.000071 0.000087 0.999842
101 101 (0) 6 : 0.000071 0.000087 0.999842
102 102 (0) 6 : 0.000067 0.000082 0.999852
103 103 (0) 6 : 0.000109 0.000110 0.999780
104 104 (0) 6 : 0.000116 0.000117 0.999767
105 105 (0) 6 : 0.000112 0.000117 0.999771
106 106 (0) 6 : 0.000128 0.000130 0.999742
107 107 (0) 6 : 0.000114 0.000116 0.999770
108 108 (0) 6 : 0.000120 0.000121 0.999758
109 109 (0) 6 : 0.000117 0.000121 0.999761
110 110 (0) 2 : 0.999814 0.000092 0.000094
111 111 (0) 2 : 0.980227 0.000118 0.019654
112 112 (0) 2 : 0.999756 0.000121 0.000123
113 113 (0) 2 : 0.999778 0.000110 0.000112
114 114 (0) 2 : 0.999768 0.000115 0.000117
115 115 (0) 3 : 0.000084 0.000082 0.999834
1 1 (0) 1 : 0.000118 0.999762 0.000119
2 2 (0) 1 : 0.000113 0.999774 0.000113
3 3 (0) 1 : 0.000123 0.999756 0.000120
4 4 (0) 1 : 0.000122 0.999758 0.000120
5 5 (0) 1 : 0.000127 0.999747 0.000126
6 6 (0) 1 : 0.000123 0.999756 0.000121
7 7 (0) 1 : 0.000130 0.999735 0.000135
8 8 (0) 1 : 0.000093 0.999810 0.000097
9 9 (0) 1 : 0.000087 0.999822 0.000090
10 10 (0) 1 : 0.000101 0.999797 0.000103
11 11 (0) 1 : 0.000119 0.999762 0.000119
12 12 (0) 1 : 0.000096 0.999802 0.000101
13 13 (0) 1 : 0.000116 0.999766 0.000119
14 14 (0) 1 : 0.000116 0.999764 0.000119
15 15 (0) 1 : 0.000117 0.999762 0.000121
16 16 (0) 1 : 0.000123 0.999751 0.000126
17 17 (0) 1 : 0.000134 0.999731 0.000135
18 18 (0) 2 : 0.000091 0.000093 0.999816
19 19 (0) 2 : 0.000119 0.000121 0.999761
20 20 (0) 3 : 0.000093 0.999813 0.000094
21 21 (0) 3 : 0.000098 0.999804 0.000098
22 22 (0) 2 : 0.000120 0.000123 0.999757
23 23 (0) 2 : 0.000092 0.000094 0.999813
24 24 (0) 2 : 0.000089 0.000091 0.999820
25 25 (0) 4 : 0.883784 0.116128 0.000088
26 26 (0) 4 : 0.999813 0.000094 0.000092
27 27 (0) 4 : 0.999721 0.000140 0.000138
28 28 (0) 4 : 0.999753 0.000121 0.000126
29 29 (0) 4 : 0.999714 0.000145 0.000141
30 30 (0) 4 : 0.877495 0.122344 0.000161
31 31 (0) 4 : 0.999737 0.000130 0.000133
32 32 (0) 4 : 0.999726 0.000140 0.000134
33 33 (0) 4 : 0.999762 0.000117 0.000121
34 34 (0) 4 : 0.999820 0.000092 0.000089
35 35 (0) 4 : 0.876092 0.123822 0.000085
36 36 (0) 4 : 0.999821 0.000086 0.000093
37 37 (0) 4 : 0.999819 0.000088 0.000093
38 38 (0) 4 : 0.999770 0.000111 0.000120
39 39 (0) 4 : 0.999810 0.000092 0.000098
40 40 (0) 4 : 0.999823 0.000086 0.000091
41 41 (0) 4 : 0.999751 0.000124 0.000125
42 42 (0) 4 : 0.999759 0.000119 0.000122
43 43 (0) 4 : 0.999749 0.000125 0.000126
44 44 (0) 4 : 0.999759 0.000121 0.000120
45 45 (0) 4 : 0.999755 0.000121 0.000125
46 46 (0) 4 : 0.999756 0.000123 0.000121
47 47 (0) 4 : 0.999753 0.000125 0.000122
48 48 (0) 4 : 0.823796 0.176087 0.000117
49 49 (0) 4 : 0.999764 0.000115 0.000120
50 50 (0) 4 : 0.999760 0.000118 0.000122
51 51 (0) 1 : 0.000079 0.999844 0.000078
52 52 (0) 1 : 0.000083 0.999837 0.000080
53 53 (0) 1 : 0.090297 0.770413 0.139290
54 54 (0) 1 : 0.582644 0.417270 0.000086
55 55 (0) 1 : 0.359238 0.640636 0.000125
56 56 (0) 1 : 0.591232 0.408680 0.000089
57 57 (0) 1 : 0.551726 0.448188 0.000086
58 58 (0) 1 : 0.454443 0.545443 0.000115
59 59 (0) 1 : 0.025710 0.974179 0.000112
60 60 (0) 1 : 0.000115 0.999769 0.000116
61 61 (0) 1 : 0.000080 0.999838 0.000082
62 62 (0) 1 : 0.189137 0.810762 0.000101
63 63 (0) 1 : 0.128417 0.871477 0.000106
64 64 (0) 1 : 0.000119 0.999762 0.000119
65 65 (0) 1 : 0.000116 0.999764 0.000120
66 66 (0) 1 : 0.000129 0.999742 0.000129
67 67 (0) 1 : 0.000114 0.999772 0.000114
68 68 (0) 1 : 0.000132 0.999735 0.000133
69 69 (0) 1 : 0.000141 0.999717 0.000142
70 70 (0) 1 : 0.000107 0.999783 0.000110
71 71 (0) 1 : 0.000125 0.999747 0.000127
72 72 (0) 1 : 0.000124 0.999753 0.000124
73 73 (0) 1 : 0.000115 0.999767 0.000118
74 74 (0) 1 : 0.000081 0.999835 0.000084
75 75 (0) 1 : 0.000080 0.999837 0.000083
76 76 (0) 1 : 0.000158 0.999685 0.000157
77 77 (0) 1 : 0.000124 0.999752 0.000124
78 78 (0) 1 : 0.000122 0.999756 0.000122
79 79 (0) 1 : 0.364498 0.635398 0.000104
80 80 (0) 1 : 0.000080 0.999841 0.000080
81 81 (0) 1 : 0.000081 0.999839 0.000079
82 82 (0) 1 : 0.000090 0.999821 0.000089
83 83 (0) 1 : 0.000120 0.999763 0.000118
84 84 (0) 1 : 0.000162 0.999706 0.000132
85 85 (0) 1 : 0.000081 0.999836 0.000083
86 86 (0) 1 : 0.000080 0.999840 0.000080
87 87 (0) 5 : 0.457509 0.542366 0.000125
88 88 (0) 5 : 0.630845 0.369046 0.000109
89 89 (0) 5 : 0.494869 0.505061 0.000070
90 90 (0) 5 : 0.868038 0.131837 0.000125
91 91 (0) 5 : 0.901542 0.098352 0.000106
92 92 (0) 5 : 0.592321 0.407596 0.000083
93 93 (0) 5 : 0.736431 0.263437 0.000132
94 94 (0) 5 : 0.772061 0.227856 0.000084
95 95 (0) 5 : 0.886396 0.113475 0.000129
96 96 (0) 5 : 0.848715 0.151172 0.000113
97 97 (0) 6 : 0.000112 0.999775 0.000113
98 98 (0) 6 : 0.000108 0.999782 0.000111
99 99 (0) 6 : 0.000108 0.999783 0.000109
100 100 (0) 6 : 0.000088 0.999819 0.000093
101 101 (0) 6 : 0.000087 0.999819 0.000094
102 102 (0) 6 : 0.000083 0.999829 0.000088
103 103 (0) 6 : 0.000110 0.999775 0.000114
104 104 (0) 6 : 0.000117 0.999763 0.000120
105 105 (0) 6 : 0.000117 0.999765 0.000118
106 106 (0) 6 : 0.000130 0.999739 0.000131
107 107 (0) 6 : 0.000116 0.999766 0.000118
108 108 (0) 6 : 0.000121 0.999754 0.000125
109 109 (0) 6 : 0.000121 0.999755 0.000123
110 110 (0) 2 : 0.000093 0.000095 0.999811
111 111 (0) 2 : 0.000119 0.199148 0.800734
112 112 (0) 2 : 0.000121 0.142272 0.857607
113 113 (0) 2 : 0.000111 0.000113 0.999777
114 114 (0) 2 : 0.000116 0.000118 0.999766
115 115 (0) 3 : 0.000082 0.999834 0.000084
