1 1 (0) 1 : 0.000049 0.999758 0.000048 0.000048 0.000049 0.000049
2 2 (0) 1 : 0.000046 0.999769 0.000046 0.000046 0.000046 0.000046
3 3 (0) 1 : 0.000051 0.999752 0.000049 0.000049 0.000049 0.000049
4 4 (0) 1 : 0.000050 0.999752 0.000049 0.000049 0.000050 0.000050
5 5 (0) 1 : 0.000052 0.999742 0.000052 0.000052 0.000052 0.000052
6 6 (0) 1 : 0.000050 0.999752 0.000050 0.000050 0.000050 0.000050
7 7 (0) 1 : 0.000054 0.999733 0.000053 0.000053 0.000053 0.000054
8 8 (0) 1 : 0.000038 0.999812 0.000038 0.000038 0.000038 0.000038
9 9 (0) 1 : 0.000035 0.999823 0.000035 0.000035 0.000035 0.000035
10 10 (0) 1 : 0.000041 0.999793 0.000041 0.000041 0.000041 0.000041
11 11 (0) 1 : 0.000048 0.999759 0.000048 0.000048 0.000048 0.000048
12 12 (0) 1 : 0.000040 0.999803 0.000039 0.000039 0.000040 0.000040
13 13 (0) 1 : 0.000047 0.999764 0.000047 0.000047 0.000047 0.000047
14 14 (0) 1 : 0.000048 0.999761 0.000048 0.000048 0.000048 0.000048
15 15 (0) 1 : 0.000048 0.999761 0.000048 0.000048 0.000048 0.000048
16 16 (0) 1 : 0.000051 0.999747 0.000050 0.000050 0.000051 0.000051
17 17 (0) 1 : 0.000055 0.999726 0.000055 0.000055 0.000055 0.000055
18 18 (0) 2 : 0.000037 0.000037 0.000037 0.000037 0.999814 0.000037
19 19 (0) 2 : 0.000048 0.000048 0.000048 0.000048 0.999761 0.000048
20 20 (0) 3 : 0.000038 0.999811 0.000038 0.000038 0.000038 0.000038
21 21 (0) 3 : 0.000040 0.999803 0.000039 0.000039 0.000040 0.000040
22 22 (0) 2 : 0.000049 0.000049 0.000049 0.000049 0.999755 0.000049
23 23 (0) 2 : 0.000038 0.000038 0.000037 0.000037 0.999812 0.000038
24 24 (0) 2 : 0.000037 0.000037 0.000036 0.000036 0.999818 0.000036
25 25 (0) 4 : 0.999781 0.000044 0.000044 0.000044 0.000044 0.000044
26 26 (0) 4 : 0.999809 0.000038 0.000038 0.000038 0.000038 0.000038
27 27 (0) 4 : 0.999719 0.000056 0.000056 0.000056 0.000056 0.000056
28 28 (0) 4 : 0.999753 0.000050 0.000049 0.000049 0.000050 0.000050
29 29 (0) 4 : 0.999710 0.000058 0.000058 0.000058 0.000058 0.000058
30 30 (0) 4 : 0.895443 0.104298 0.000065 0.000065 0.000065 0.000065
31 31 (0) 4 : 0.999735 0.000053 0.000053 0.000053 0.000053 0.000053
32 32 (0) 4 : 0.999723 0.000056 0.000055 0.000055 0.000056 0.000056
33 33 (0) 4 : 0.999764 0.000047 0.000047 0.000047 0.000047 0.000047
34 34 (0) 4 : 0.999818 0.000036 0.000036 0.000036 0.000036 0.000036
35 35 (0) 4 : 0.999825 0.000035 0.000035 0.000035 0.000035 0.000035
36 36 (0) 4 : 0.999825 0.000035 0.000035 0.000035 0.000035 0.000035
37 37 (0) 4 : 0.999821 0.000036 0.000036 0.000036 0.000036 0.000036
38 38 (0) 4 : 0.999774 0.000045 0.000045 0.000045 0.000045 0.000045
39 39 (0) 4 : 0.999813 0.000038 0.000037 0.000037 0.000038 0.000038
40 40 (0) 4 : 0.999825 0.000035 0.000035 0.000035 0.000035 0.000035
41 41 (0) 4 : 0.999750 0.000050 0.000050 0.000050 0.000050 0.000050
42 42 (0) 4 : 0.999758 0.000048 0.000048 0.000048 0.000048 0.000048
43 43 (0) 4 : 0.999748 0.000051 0.000050 0.000050 0.000050 0.000050
44 44 (0) 4 : 0.999757 0.000049 0.000048 0.000048 0.000049 0.000049
45 45 (0) 4 : 0.999754 0.000049 0.000049 0.000049 0.000049 0.000049
46 46 (0) 4 : 0.901364 0.098441 0.000049 0.000049 0.000049 0.000049
47 47 (0) 4 : 0.999747 0.000051 0.000050 0.000050 0.000051 0.000051
48 48 (0) 4 : 0.944199 0.055610 0.000048 0.000048 0.000048 0.000048
49 49 (0) 4 : 0.999766 0.000047 0.000047 0.000047 0.000047 0.000047
50 50 (0) 4 : 0.999759 0.000048 0.000048 0.000048 0.000048 0.000048
51 51 (0) 1 : 0.000032 0.999841 0.000032 0.000032 0.000032 0.000032
52 52 (0) 1 : 0.000034 0.999832 0.000034 0.000034 0.000034 0.000034
53 53 (0) 1 : 0.000054 0.999729 0.000054 0.000054 0.000054 0.000054
54 54 (0) 1 : 0.000038 0.999813 0.000037 0.000037 0.000037 0.000037
55 55 (0) 1 : 0.000058 0.999711 0.000058 0.000058 0.000058 0.000058
56 56 (0) 1 : 0.000036 0.999818 0.000036 0.000036 0.000036 0.000036
57 57 (0) 1 : 0.000035 0.999827 0.000035 0.000035 0.000035 0.000035
58 58 (0) 1 : 0.000047 0.999766 0.000047 0.000047 0.000047 0.000047
59 59 (0) 1 : 0.000046 0.999772 0.000046 0.000046 0.000046 0.000046
60 60 (0) 1 : 0.000047 0.999766 0.000047 0.000047 0.000047 0.000047
61 61 (0) 1 : 0.000033 0.999836 0.000033 0.000033 0.000033 0.000033
62 62 (0) 1 : 0.000042 0.999792 0.000041 0.000041 0.000042 0.000042
63 63 (0) 1 : 0.000044 0.999782 0.000043 0.000043 0.000044 0.000044
64 64 (0) 1 : 0.000049 0.999758 0.000048 0.000048 0.000049 0.000049
65 65 (0) 1 : 0.000048 0.999762 0.000047 0.000047 0.000048 0.000048
66 66 (0) 1 : 0.000053 0.999736 0.000053 0.000053 0.000053 0.000053
67 67 (0) 1 : 0.000047 0.999767 0.000046 0.000046 0.000047 0.000047
68 68 (0) 1 : 0.000054 0.999731 0.000054 0.000054 0.000054 0.000054
69 69 (0) 1 : 0.000058 0.999712 0.000057 0.000057 0.000058 0.000058
70 70 (0) 1 : 0.000044 0.999780 0.000044 0.000044 0.000044 0.000044
71 71 (0) 1 : 0.000052 0.999742 0.000052 0.000052 0.000052 0.000052
72 72 (0) 1 : 0.000050 0.999749 0.000050 0.000050 0.000050 0.000050
73 73 (0) 1 : 0.000047 0.999767 0.000047 0.000047 0.000047 0.000047
74 74 (0) 1 : 0.000033 0.999834 0.000033 0.000033 0.000033 0.000033
75 75 (0) 1 : 0.000033 0.999836 0.000033 0.000033 0.000033 0.000033
76 76 (0) 1 : 0.000065 0.999677 0.000064 0.000064 0.000065 0.000065
77 77 (0) 1 : 0.000051 0.999747 0.000051 0.000051 0.000051 0.000051
78 78 (0) 1 : 0.000050 0.999751 0.000050 0.000050 0.000050 0.000050
79 79 (0) 1 : 0.000041 0.999793 0.000041 0.000041 0.000041 0.000041
80 80 (0) 1 : 0.000033 0.999837 0.000033 0.000033 0.000033 0.000033
81 81 (0) 1 : 0.000033 0.999837 0.000033 0.000033 0.000033 0.000033
82 82 (0) 1 : 0.000037 0.999817 0.000037 0.000037 0.000037 0.000037
83 83 (0) 1 : 0.000048 0.875812 0.000047 0.000047 0.000048 0.123998
84 84 (0) 1 : 0.000065 0.999676 0.000065 0.000065 0.000065 0.000065
85 85 (0) 1 : 0.000033 0.999834 0.000033 0.000033 0.000033 0.000033
86 86 (0) 1 : 0.000033 0.999837 0.000033 0.000033 0.000033 0.000033
87 87 (0) 5 : 0.710063 0.289734 0.000051 0.000051 0.000051 0.000051
88 88 (0) 5 : 0.678210 0.321615 0.000044 0.000044 0.000044 0.000044
89 89 (0) 5 : 0.572127 0.427736 0.000034 0.000034 0.000034 0.000034
90 90 (0) 5 : 0.835800 0.163998 0.000050 0.000050 0.000051 0.000051
91 91 (0) 5 : 0.999760 0.000048 0.000048 0.000048 0.000048 0.000048
92 92 (0) 5 : 0.618158 0.381687 0.000039 0.000039 0.000039 0.000039
93 93 (0) 5 : 0.798735 0.201049 0.000054 0.000054 0.000054 0.000054
94 94 (0) 5 : 0.814187 0.185651 0.000040 0.000040 0.000040 0.000040
95 95 (0) 5 : 0.999740 0.000052 0.000052 0.000052 0.000052 0.000052
96 96 (0) 5 : 0.871308 0.128508 0.000046 0.000046 0.000046 0.000046
97 97 (0) 6 : 0.000046 0.000046 0.000046 0.000046 0.000046 0.999770
98 98 (0) 6 : 0.000044 0.000044 0.000044 0.000044 0.000044 0.999779
99 99 (0) 6 : 0.000045 0.000045 0.000044 0.000044 0.000045 0.999778
100 100 (0) 6 : 0.000036 0.939284 0.000036 0.000036 0.000036 0.060572
101 101 (0) 6 : 0.000036 0.999821 0.000036 0.000036 0.000036 0.000036
102 102 (0) 6 : 0.000034 0.938518 0.000034 0.000034 0.000034 0.061347
103 103 (0) 6 : 0.000045 0.000045 0.000045 0.000045 0.000045 0.999773
104 104 (0) 6 : 0.000048 0.000048 0.000048 0.000048 0.000048 0.999761
105 105 (0) 6 : 0.000047 0.000047 0.000047 0.000047 0.000047 0.999765
106 106 (0) 6 : 0.000053 0.000053 0.000053 0.000053 0.000053 0.999736
107 107 (0) 6 : 0.000047 0.000047 0.000047 0.000047 0.000047 0.999765
108 108 (0) 6 : 0.000050 0.000050 0.000049 0.000049 0.000050 0.999752
109 109 (0) 6 : 0.000049 0.000049 0.000048 0.000048 0.000049 0.999757
110 110 (0) 2 : 0.000038 0.176122 0.000037 0.000037 0.823728 0.000037
111 111 (0) 2 : 0.000048 0.000048 0.000048 0.000048 0.999759 0.000048
112 112 (0) 2 : 0.000049 0.000049 0.000049 0.000049 0.999756 0.000049
113 113 (0) 2 : 0.000045 0.000045 0.000045 0.000045 0.999776 0.000045
114 114 (0) 2 : 0.000047 0.283246 0.000047 0.000047 0.716567 0.000047
115 115 (0) 3 : 0.000033 0.967813 0.000033 0.000033 0.032054 0.000033
1 1 (0) 1 : 0.000048 0.000049 0.000048 0.999758 0.000049 0.000048
2 2 (0) 1 : 0.000046 0.000046 0.000046 0.999769 0.000046 0.000046
3 3 (0) 1 : 0.000049 0.000049 0.000049 0.999754 0.000049 0.000049
4 4 (0) 1 : 0.000049 0.000050 0.000049 0.999752 0.000050 0.000049
5 5 (0) 1 : 0.000052 0.000052 0.000052 0.999742 0.000052 0.000052
6 6 (0) 1 : 0.000050 0.000050 0.000050 0.999752 0.000050 0.000050
7 7 (0) 1 : 0.000053 0.000054 0.000053 0.999733 0.000054 0.000053
8 8 (0) 1 : 0.000038 0.000038 0.000038 0.999812 0.000038 0.000038
9 9 (0) 1 : 0.000035 0.000035 0.000035 0.999823 0.000035 0.000035
10 10 (0) 1 : 0.000041 0.000041 0.000041 0.999793 0.000041 0.000041
11 11 (0) 1 : 0.000048 0.000048 0.000048 0.999759 0.000048 0.000048
12 12 (0) 1 : 0.000039 0.000040 0.000039 0.999803 0.000040 0.000039
13 13 (0) 1 : 0.000047 0.000047 0.000047 0.999764 0.000047 0.000047
14 14 (0) 1 : 0.000048 0.000048 0.000048 0.999761 0.000048 0.000048
15 15 (0) 1 : 0.000048 0.000048 0.000048 0.999761 0.000048 0.000048
16 16 (0) 1 : 0.000050 0.000051 0.000050 0.999748 0.000051 0.000050
17 17 (0) 1 : 0.000055 0.000055 0.000055 0.999727 0.000055 0.000055
18 18 (0) 2 : 0.000037 0.000037 0.000037 0.999814 0.000037 0.000037
19 19 (0) 2 : 0.000048 0.000048 0.000048 0.999761 0.000048 0.000048
20 20 (0) 3 : 0.000038 0.000038 0.000038 0.999811 0.000038 0.000038
21 21 (0) 3 : 0.000039 0.000040 0.000039 0.999803 0.000040 0.000039
22 22 (0) 2 : 0.000049 0.000049 0.000049 0.999755 0.000049 0.000049
23 23 (0) 2 : 0.000038 0.000038 0.000038 0.999812 0.000038 0.000038
24 24 (0) 2 : 0.000036 0.000037 0.000036 0.999818 0.000036 0.000036
25 25 (0) 4 : 0.000044 0.999782 0.000044 0.000044 0.000044 0.000044
26 26 (0) 4 : 0.000038 0.999809 0.000038 0.000038 0.000038 0.000038
27 27 (0) 4 : 0.000056 0.999719 0.000056 0.000056 0.000056 0.000056
28 28 (0) 4 : 0.000049 0.999753 0.000049 0.000050 0.000050 0.000049
29 29 (0) 4 : 0.000058 0.999710 0.000058 0.000058 0.000058 0.000058
30 30 (0) 4 : 0.000065 0.907848 0.000065 0.091894 0.000065 0.000065
31 31 (0) 4 : 0.000053 0.999736 0.000053 0.000053 0.000053 0.000053
32 32 (0) 4 : 0.000055 0.999723 0.000055 0.000056 0.000056 0.000055
33 33 (0) 4 : 0.000047 0.999764 0.000047 0.000047 0.000047 0.000047
34 34 (0) 4 : 0.000036 0.999819 0.000036 0.000036 0.000036 0.000036
35 35 (0) 4 : 0.000035 0.885277 0.000035 0.114583 0.000035 0.000035
36 36 (0) 4 : 0.000035 0.999825 0.000035 0.000035 0.000035 0.000035
37 37 (0) 4 : 0.000036 0.999822 0.000036 0.000036 0.000036 0.000036
38 38 (0) 4 : 0.000045 0.999774 0.000045 0.000045 0.000045 0.000045
39 39 (0) 4 : 0.000037 0.999813 0.000037 0.000038 0.000038 0.000037
40 40 (0) 4 : 0.000035 0.999825 0.000035 0.000035 0.000035 0.000035
41 41 (0) 4 : 0.000050 0.999750 0.000050 0.000050 0.000050 0.000050
42 42 (0) 4 : 0.000048 0.999758 0.000048 0.000048 0.000048 0.000048
43 43 (0) 4 : 0.000050 0.999748 0.000050 0.000051 0.000050 0.000050
44 44 (0) 4 : 0.000048 0.999758 0.000048 0.000049 0.000049 0.000048
45 45 (0) 4 : 0.000049 0.999755 0.000049 0.000049 0.000049 0.000049
46 46 (0) 4 : 0.000049 0.902545 0.000049 0.097261 0.000049 0.000049
47 47 (0) 4 : 0.000050 0.999748 0.000050 0.000051 0.000051 0.000050
48 48 (0) 4 : 0.000048 0.911456 0.000048 0.088353 0.000048 0.000048
49 49 (0) 4 : 0.000047 0.999766 0.000047 0.000047 0.000047 0.000047
50 50 (0) 4 : 0.000048 0.999759 0.000048 0.000048 0.000048 0.000048
51 51 (0) 1 : 0.000032 0.000032 0.000032 0.999841 0.000032 0.000032
52 52 (0) 1 : 0.000034 0.000034 0.000034 0.999832 0.000034 0.000034
53 53 (0) 1 : 0.000054 0.041064 0.000054 0.958719 0.000054 0.000054
54 54 (0) 1 : 0.000037 0.510488 0.000037 0.489363 0.000037 0.000037
55 55 (0) 1 : 0.000058 0.300337 0.000058 0.699432 0.000058 0.000058
56 56 (0) 1 : 0.000036 0.525908 0.000036 0.473947 0.000036 0.000036
57 57 (0) 1 : 0.000035 0.418545 0.000035 0.581317 0.000035 0.000035
58 58 (0) 1 : 0.000047 0.381979 0.000047 0.617834 0.000047 0.000047
59 59 (0) 1 : 0.000046 0.000046 0.000046 0.999772 0.000046 0.000046
60 60 (0) 1 : 0.000047 0.000047 0.000047 0.999766 0.000047 0.000047
61 61 (0) 1 : 0.000033 0.000033 0.000033 0.999837 0.000033 0.000033
62 62 (0) 1 : 0.000041 0.000042 0.000041 0.999792 0.000042 0.000041
63 63 (0) 1 : 0.000044 0.031602 0.000044 0.968224 0.000044 0.000044
64 64 (0) 1 : 0.000048 0.000049 0.000048 0.999758 0.000049 0.000048
65 65 (0) 1 : 0.000047 0.000048 0.000047 0.999763 0.000048 0.000047
66 66 (0) 1 : 0.000053 0.000053 0.000053 0.999736 0.000053 0.000053
67 67 (0) 1 : 0.000046 0.000047 0.000046 0.999768 0.000047 0.000046
68 68 (0) 1 : 0.000054 0.000054 0.000054 0.999731 0.000054 0.000054
69 69 (0) 1 : 0.000057 0.000058 0.000057 0.999713 0.000058 0.000057
70 70 (0) 1 : 0.000044 0.000044 0.000044 0.999781 0.000044 0.000044
71 71 (0) 1 : 0.000052 0.000052 0.000052 0.999742 0.000052 0.000052
72 72 (0) 1 : 0.000050 0.000050 0.000050 0.999749 0.000050 0.000050
73 73 (0) 1 : 0.000047 0.000047 0.000047 0.999767 0.000047 0.000047
74 74 (0) 1 : 0.000033 0.000033 0.000033 0.999834 0.000033 0.000033
75 75 (0) 1 : 0.000033 0.000033 0.000033 0.999837 0.000033 0.000033
76 76 (0) 1 : 0.000064 0.000065 0.000064 0.999678 0.000065 0.000064
77 77 (0) 1 : 0.000051 0.000051 0.000051 0.999747 0.000051 0.000051
78 78 (0) 1 : 0.000050 0.000050 0.000050 0.999751 0.000050 0.000050
79 79 (0) 1 : 0.000041 0.188946 0.000041 0.810888 0.000041 0.000041
80 80 (0) 1 : 0.000033 0.000033 0.000033 0.999837 0.000033 0.000033
81 81 (0) 1 : 0.000033 0.000033 0.000033 0.999837 0.000033 0.000033
82 82 (0) 1 : 0.000037 0.000037 0.000037 0.999817 0.000037 0.000037
83 83 (0) 1 : 0.000047 0.000048 0.000047 0.847259 0.152552 0.000047
84 84 (0) 1 : 0.000065 0.000065 0.000065 0.999676 0.000065 0.000065
85 85 (0) 1 : 0.000033 0.000033 0.000033 0.999834 0.000033 0.000033
86 86 (0) 1 : 0.000033 0.000033 0.000033 0.999837 0.000033 0.000033
87 87 (0) 5 : 0.000051 0.685538 0.000051 0.314259 0.000051 0.000051
88 88 (0) 5 : 0.000044 0.622522 0.000044 0.377303 0.000044 0.000044
89 89 (0) 5 : 0.000034 0.519741 0.000034 0.480122 0.000034 0.000034
90 90 (0) 5 : 0.000050 0.822934 0.000050 0.176864 0.000051 0.000050
91 91 (0) 5 : 0.000048 0.927233 0.000048 0.072575 0.000048 0.000048
92 92 (0) 5 : 0.000039 0.599121 0.000039 0.400725 0.000039 0.000039
93 93 (0) 5 : 0.000054 0.811541 0.000054 0.188243 0.000054 0.000054
94 94 (0) 5 : 0.000040 0.731957 0.000040 0.267882 0.000040 0.000040
95 95 (0) 5 : 0.000052 0.999740 0.000052 0.000052 0.000052 0.000052
96 96 (0) 5 : 0.000046 0.882011 0.000046 0.117805 0.000046 0.000046
97 97 (0) 6 : 0.000046 0.000046 0.000046 0.000046 0.999771 0.000046
98 98 (0) 6 : 0.000044 0.000044 0.000044 0.000044 0.999779 0.000044
99 99 (0) 6 : 0.000044 0.000045 0.000044 0.000045 0.999778 0.000044
100 100 (0) 6 : 0.000036 0.000036 0.000036 0.901162 0.098694 0.000036
101 101 (0) 6 : 0.000036 0.000036 0.000036 0.961023 0.038834 0.000036
102 102 (0) 6 : 0.000034 0.000034 0.000034 0.899987 0.099878 0.000034
103 103 (0) 6 : 0.000045 0.000045 0.000045 0.000045 0.999774 0.000045
104 104 (0) 6 : 0.000048 0.000048 0.000048 0.000048 0.999762 0.000048
105 105 (0) 6 : 0.000047 0.000047 0.000047 0.000047 0.999766 0.000047
106 106 (0) 6 : 0.000053 0.000053 0.000053 0.000053 0.999736 0.000053
107 107 (0) 6 : 0.000047 0.000047 0.000047 0.000047 0.999765 0.000047
108 108 (0) 6 : 0.000049 0.000050 0.000049 0.000050 0.999752 0.000049
109 109 (0) 6 : 0.000048 0.000049 0.000048 0.000049 0.999757 0.000048
110 110 (0) 2 : 0.000037 0.000038 0.000037 0.999813 0.000037 0.000037
111 111 (0) 2 : 0.000048 0.000048 0.000048 0.999759 0.000048 0.000048
112 112 (0) 2 : 0.000049 0.000049 0.000049 0.999756 0.000049 0.000049
113 113 (0) 2 : 0.000045 0.000045 0.000045 0.999776 0.000045 0.000045
114 114 (0) 2 : 0.000047 0.000047 0.000047 0.999767 0.000047 0.000047
115 115 (0) 3 : 0.000033 0.000033 0.000033 0.999834 0.000033 0.000033
1 1 (0) 1 : 0.999758 0.000049 0.000048 0.000048 0.000049 0.000048
2 2 (0) 1 : 0.999769 0.000046 0.000046 0.000046 0.000046 0.000046
3 3 (0) 1 : 0.999754 0.000049 0.000049 0.000049 0.000049 0.000049
4 4 (0) 1 : 0.999752 0.000050 0.000049 0.000049 0.000050 0.000049
5 5 (0) 1 : 0.999742 0.000052 0.000052 0.000052 0.000052 0.000052
6 6 (0) 1 : 0.999752 0.000050 0.000050 0.000050 0.000050 0.000050
7 7 (0) 1 : 0.999733 0.000054 0.000053 0.000053 0.000054 0.000053
8 8 (0) 1 : 0.999812 0.000038 0.000038 0.000038 0.000038 0.000038
9 9 (0) 1 : 0.999823 0.000035 0.000035 0.000035 0.000035 0.000035
10 10 (0) 1 : 0.999793 0.000041 0.000041 0.000041 0.000041 0.000041
11 11 (0) 1 : 0.999760 0.000048 0.000048 0.000048 0.000048 0.000048
12 12 (0) 1 : 0.999803 0.000040 0.000039 0.000039 0.000040 0.000039
13 13 (0) 1 : 0.999764 0.000047 0.000047 0.000047 0.000047 0.000047
14 14 (0) 1 : 0.999761 0.000048 0.000048 0.000048 0.000048 0.000048
15 15 (0) 1 : 0.999761 0.000048 0.000048 0.000048 0.000048 0.000048
16 16 (0) 1 : 0.999748 0.000051 0.000050 0.000050 0.000051 0.000050
17 17 (0) 1 : 0.999727 0.000055 0.000055 0.000055 0.000055 0.000055
18 18 (0) 2 : 0.000037 0.999814 0.000037 0.000037 0.000037 0.000037
19 19 (0) 2 : 0.000048 0.999761 0.000048 0.000048 0.000048 0.000048
20 20 (0) 3 : 0.976173 0.023676 0.000038 0.000038 0.000039 0.000038
21 21 (0) 3 : 0.999802 0.000040 0.000039 0.000039 0.000040 0.000039
22 22 (0) 2 : 0.000049 0.999756 0.000049 0.000049 0.000049 0.000049
23 23 (0) 2 : 0.000038 0.999812 0.000037 0.000037 0.000038 0.000037
24 24 (0) 2 : 0.000037 0.999818 0.000036 0.000036 0.000037 0.000036
25 25 (0) 4 : 0.000044 0.000044 0.000044 0.000044 0.999782 0.000044
26 26 (0) 4 : 0.000038 0.000038 0.000038 0.000038 0.999809 0.000038
27 27 (0) 4 : 0.000056 0.000056 0.000056 0.000056 0.999719 0.000056
28 28 (0) 4 : 0.000050 0.000050 0.000049 0.000049 0.999753 0.000049
29 29 (0) 4 : 0.000058 0.000058 0.000058 0.000058 0.999710 0.000058
30 30 (0) 4 : 0.079801 0.000065 0.000065 0.000065 0.919940 0.000065
31 31 (0) 4 : 0.000053 0.000053 0.000053 0.000053 0.999736 0.000053
32 32 (0) 4 : 0.000056 0.000056 0.000055 0.000055 0.999723 0.000055
33 33 (0) 4 : 0.000047 0.000047 0.000047 0.000047 0.999764 0.000047
34 34 (0) 4 : 0.000036 0.000036 0.000036 0.000036 0.999819 0.000036
35 35 (0) 4 : 0.091318 0.000035 0.000035 0.000035 0.908542 0.000035
36 36 (0) 4 : 0.000035 0.000035 0.000035 0.000035 0.999825 0.000035
37 37 (0) 4 : 0.000036 0.000036 0.000036 0.000036 0.999822 0.000036
38 38 (0) 4 : 0.000045 0.000045 0.000045 0.000045 0.999774 0.000045
39 39 (0) 4 : 0.000038 0.000038 0.000037 0.000037 0.999813 0.000037
40 40 (0) 4 : 0.000035 0.000035 0.000035 0.000035 0.999825 0.000035
41 41 (0) 4 : 0.000050 0.000050 0.000050 0.000050 0.999750 0.000050
42 42 (0) 4 : 0.000048 0.000048 0.000048 0.000048 0.999758 0.000048
43 43 (0) 4 : 0.000051 0.000050 0.000050 0.000050 0.999748 0.000050
44 44 (0) 4 : 0.000049 0.000049 0.000048 0.000048 0.999758 0.000048
45 45 (0) 4 : 0.000049 0.000049 0.000049 0.000049 0.999755 0.000049
46 46 (0) 4 : 0.032895 0.000050 0.000049 0.000049 0.966910 0.000049
47 47 (0) 4 : 0.000051 0.000051 0.000050 0.000050 0.999748 0.000050
48 48 (0) 4 : 0.081546 0.000048 0.000048 0.000048 0.918263 0.000048
49 49 (0) 4 : 0.000047 0.000047 0.000047 0.000047 0.999766 0.000047
50 50 (0) 4 : 0.000048 0.000048 0.000048 0.000048 0.999759 0.000048
51 51 (0) 1 : 0.999841 0.000032 0.000032 0.000032 0.000032 0.000032
52 52 (0) 1 : 0.999832 0.000034 0.000034 0.000034 0.000034 0.000034
53 53 (0) 1 : 0.859220 0.000054 0.000054 0.000054 0.140563 0.000054
54 54 (0) 1 : 0.401830 0.000037 0.000037 0.000037 0.598020 0.000037
55 55 (0) 1 : 0.614393 0.000058 0.000058 0.000058 0.385376 0.000058
56 56 (0) 1 : 0.385510 0.000036 0.000036 0.000036 0.614345 0.000036
57 57 (0) 1 : 0.489126 0.000035 0.000035 0.000035 0.510736 0.000035
58 58 (0) 1 : 0.548702 0.000047 0.000047 0.000047 0.451111 0.000047
59 59 (0) 1 : 0.999772 0.000046 0.000046 0.000046 0.000046 0.000046
60 60 (0) 1 : 0.999766 0.000047 0.000047 0.000047 0.000047 0.000047
61 61 (0) 1 : 0.999837 0.000033 0.000033 0.000033 0.000033 0.000033
62 62 (0) 1 : 0.881673 0.000042 0.000041 0.000041 0.118160 0.000041
63 63 (0) 1 : 0.911382 0.000044 0.000043 0.000043 0.088444 0.000043
64 64 (0) 1 : 0.999758 0.000049 0.000048 0.000048 0.000049 0.000048
65 65 (0) 1 : 0.999763 0.000048 0.000047 0.000047 0.000048 0.000047
66 66 (0) 1 : 0.999736 0.000053 0.000053 0.000053 0.000053 0.000053
67 67 (0) 1 : 0.999768 0.000047 0.000046 0.000046 0.000047 0.000046
68 68 (0) 1 : 0.999731 0.000054 0.000054 0.000054 0.000054 0.000054
69 69 (0) 1 : 0.999713 0.000058 0.000057 0.000057 0.000058 0.000057
70 70 (0) 1 : 0.999781 0.000044 0.000044 0.000044 0.000044 0.000044
71 71 (0) 1 : 0.999742 0.000052 0.000052 0.000052 0.000052 0.000052
72 72 (0) 1 : 0.999749 0.000050 0.000050 0.000050 0.000050 0.000050
73 73 (0) 1 : 0.999767 0.000047 0.000047 0.000047 0.000047 0.000047
74 74 (0) 1 : 0.999834 0.000033 0.000033 0.000033 0.000033 0.000033
75 75 (0) 1 : 0.999837 0.000033 0.000033 0.000033 0.000033 0.000033
76 76 (0) 1 : 0.999678 0.000065 0.000064 0.000064 0.000065 0.000064
77 77 (0) 1 : 0.999747 0.000051 0.000051 0.000051 0.000051 0.000051
78 78 (0) 1 : 0.999751 0.000050 0.000050 0.000050 0.000050 0.000050
79 79 (0) 1 : 0.692830 0.000041 0.000041 0.000041 0.307005 0.000041
80 80 (0) 1 : 0.999837 0.000033 0.000033 0.000033 0.000033 0.000033
81 81 (0) 1 : 0.999837 0.000033 0.000033 0.000033 0.000033 0.000033
82 82 (0) 1 : 0.999817 0.000037 0.000037 0.000037 0.000037 0.000037
83 83 (0) 1 : 0.999762 0.000048 0.000047 0.000047 0.000048 0.000047
84 84 (0) 1 : 0.999676 0.000065 0.000065 0.000065 0.000065 0.000065
85 85 (0) 1 : 0.999834 0.000033 0.000033 0.000033 0.000033 0.000033
86 86 (0) 1 : 0.999837 0.000033 0.000033 0.000033 0.000033 0.000033
87 87 (0) 5 : 0.260037 0.000051 0.000051 0.000051 0.739761 0.000051
88 88 (0) 5 : 0.299484 0.000044 0.000044 0.000044 0.700341 0.000044
89 89 (0) 5 : 0.421093 0.000034 0.000034 0.000034 0.578770 0.000034
90 90 (0) 5 : 0.134904 0.000051 0.000050 0.000050 0.864894 0.000050
91 91 (0) 5 : 0.041655 0.000048 0.000048 0.000048 0.958153 0.000048
92 92 (0) 5 : 0.351124 0.000039 0.000039 0.000039 0.648721 0.000039
93 93 (0) 5 : 0.172920 0.000054 0.000054 0.000054 0.826864 0.000054
94 94 (0) 5 : 0.216025 0.000040 0.000040 0.000040 0.783814 0.000040
95 95 (0) 5 : 0.000052 0.000052 0.000052 0.000052 0.999740 0.000052
96 96 (0) 5 : 0.107070 0.000046 0.000046 0.000046 0.892746 0.000046
97 97 (0) 6 : 0.999771 0.000046 0.000046 0.000046 0.000046 0.000046
98 98 (0) 6 : 0.999779 0.000044 0.000044 0.000044 0.000044 0.000044
99 99 (0) 6 : 0.999778 0.000045 0.000044 0.000044 0.000045 0.000044
100 100 (0) 6 : 0.999820 0.000036 0.000036 0.000036 0.000036 0.000036
101 101 (0) 6 : 0.999821 0.000036 0.000036 0.000036 0.000036 0.000036
102 102 (0) 6 : 0.999831 0.000034 0.000034 0.000034 0.000034 0.000034
103 103 (0) 6 : 0.999774 0.000045 0.000045 0.000045 0.000045 0.000045
104 104 (0) 6 : 0.999762 0.000048 0.000048 0.000048 0.000048 0.000048
105 105 (0) 6 : 0.999766 0.000047 0.000047 0.000047 0.000047 0.000047
106 106 (0) 6 : 0.999736 0.000053 0.000053 0.000053 0.000053 0.000053
107 107 (0) 6 : 0.999765 0.000047 0.000047 0.000047 0.000047 0.000047
108 108 (0) 6 : 0.999752 0.000050 0.000050 0.000050 0.000050 0.000050
109 109 (0) 6 : 0.999757 0.000049 0.000048 0.000048 0.000049 0.000048
110 110 (0) 2 : 0.000038 0.999813 0.000037 0.000037 0.000038 0.000037
111 111 (0) 2 : 0.000048 0.999759 0.000048 0.000048 0.000048 0.000048
112 112 (0) 2 : 0.000049 0.999756 0.000049 0.000049 0.000049 0.000049
113 113 (0) 2 : 0.000045 0.999776 0.000045 0.000045 0.000045 0.000045
114 114 (0) 2 : 0.235736 0.764078 0.000047 0.000047 0.000047 0.000047
115 115 (0) 3 : 0.935778 0.064089 0.000033 0.000033 0.000033 0.000033
1 1 (0) 1 : 0.999758 0.000048 0.000049 0.000049 0.000048 0.000049
2 2 (0) 1 : 0.999769 0.000046 0.000046 0.000046 0.000046 0.000046
3 3 (0) 1 : 0.999754 0.000049 0.000049 0.000049 0.000049 0.000049
4 4 (0) 1 : 0.999752 0.000049 0.000050 0.000050 0.000049 0.000050
5 5 (0) 1 : 0.999742 0.000052 0.000052 0.000052 0.000052 0.000052
6 6 (0) 1 : 0.999752 0.000050 0.000050 0.000050 0.000050 0.000050
7 7 (0) 1 : 0.999733 0.000053 0.000054 0.000053 0.000053 0.000054
8 8 (0) 1 : 0.999812 0.000038 0.000038 0.000038 0.000038 0.000038
9 9 (0) 1 : 0.999823 0.000035 0.000035 0.000035 0.000035 0.000035
10 10 (0) 1 : 0.999793 0.000041 0.000041 0.000041 0.000041 0.000041
11 11 (0) 1 : 0.999759 0.000048 0.000048 0.000048 0.000048 0.000048
12 12 (0) 1 : 0.999803 0.000039 0.000040 0.000039 0.000039 0.000040
13 13 (0) 1 : 0.999764 0.000047 0.000047 0.000047 0.000047 0.000047
14 14 (0) 1 : 0.999761 0.000048 0.000048 0.000048 0.000048 0.000048
15 15 (0) 1 : 0.999761 0.000048 0.000048 0.000048 0.000048 0.000048
16 16 (0) 1 : 0.999747 0.000050 0.000051 0.000051 0.000050 0.000051
17 17 (0) 1 : 0.999726 0.000055 0.000055 0.000055 0.000055 0.000055
18 18 (0) 2 : 0.000037 0.000037 0.999814 0.000037 0.000037 0.000037
19 19 (0) 2 : 0.000048 0.000048 0.999761 0.000048 0.000048 0.000048
20 20 (0) 3 : 0.999811 0.000038 0.000038 0.000038 0.000038 0.000038
21 21 (0) 3 : 0.999803 0.000039 0.000040 0.000039 0.000039 0.000040
22 22 (0) 2 : 0.000049 0.000049 0.999755 0.000049 0.000049 0.000049
23 23 (0) 2 : 0.000038 0.000037 0.999812 0.000038 0.000037 0.000038
24 24 (0) 2 : 0.000037 0.000036 0.999818 0.000036 0.000036 0.000037
25 25 (0) 4 : 0.000044 0.000044 0.000044 0.000044 0.000044 0.999781
26 26 (0) 4 : 0.000038 0.000038 0.000038 0.000038 0.000038 0.999809
27 27 (0) 4 : 0.000056 0.000056 0.000056 0.000056 0.000056 0.999719
28 28 (0) 4 : 0.000050 0.000049 0.000050 0.000050 0.000049 0.999753
29 29 (0) 4 : 0.000058 0.000058 0.000058 0.000058 0.000058 0.999710
30 30 (0) 4 : 0.000065 0.000065 0.000065 0.000065 0.000065 0.999676
31 31 (0) 4 : 0.000053 0.000053 0.000053 0.000053 0.000053 0.999735
32 32 (0) 4 : 0.000056 0.000055 0.000056 0.000056 0.000055 0.999723
33 33 (0) 4 : 0.000047 0.000047 0.000047 0.000047 0.000047 0.999764
34 34 (0) 4 : 0.000036 0.000036 0.000036 0.000036 0.000036 0.999818
35 35 (0) 4 : 0.000035 0.000035 0.000035 0.000035 0.000035 0.999825
36 36 (0) 4 : 0.000035 0.000035 0.000035 0.000035 0.000035 0.999825
37 37 (0) 4 : 0.000036 0.000036 0.000036 0.000036 0.000036 0.999822
38 38 (0) 4 : 0.000045 0.000045 0.000045 0.000045 0.000045 0.999774
39 39 (0) 4 : 0.000038 0.000037 0.000038 0.000038 0.000037 0.999813
40 40 (0) 4 : 0.000035 0.000035 0.000035 0.000035 0.000035 0.999825
41 41 (0) 4 : 0.000050 0.000050 0.000050 0.000050 0.000050 0.999750
42 42 (0) 4 : 0.000048 0.000048 0.000048 0.000048 0.000048 0.999758
43 43 (0) 4 : 0.000051 0.000050 0.000050 0.000050 0.000050 0.999748
44 44 (0) 4 : 0.000049 0.000048 0.000049 0.000049 0.000048 0.999757
45 45 (0) 4 : 0.000049 0.000049 0.000049 0.000049 0.000049 0.999754
46 46 (0) 4 : 0.000049 0.000049 0.000049 0.000049 0.000049 0.999757
47 47 (0) 4 : 0.000051 0.000050 0.000051 0.000051 0.000050 0.999747
48 48 (0) 4 : 0.000048 0.000048 0.000048 0.000048 0.000048 0.999761
49 49 (0) 4 : 0.000047 0.000047 0.000047 0.000047 0.000047 0.999766
50 50 (0) 4 : 0.000048 0.000048 0.000048 0.000048 0.000048 0.999759
51 51 (0) 1 : 0.999841 0.000032 0.000032 0.000032 0.000032 0.000032
52 52 (0) 1 : 0.999832 0.000034 0.000034 0.000034 0.000034 0.000034
53 53 (0) 1 : 0.999730 0.000054 0.000054 0.000054 0.000054 0.000054
54 54 (0) 1 : 0.460843 0.000037 0.000037 0.000037 0.000037 0.539007
55 55 (0) 1 : 0.678207 0.000058 0.000058 0.000058 0.000058 0.321562
56 56 (0) 1 : 0.440389 0.000036 0.000036 0.000036 0.000036 0.559466
57 57 (0) 1 : 0.548144 0.000035 0.000035 0.000035 0.000035 0.451718
58 58 (0) 1 : 0.600867 0.000047 0.000047 0.000047 0.000047 0.398946
59 59 (0) 1 : 0.999772 0.000046 0.000046 0.000046 0.000046 0.000046
60 60 (0) 1 : 0.999766 0.000047 0.000047 0.000047 0.000047 0.000047
61 61 (0) 1 : 0.999836 0.000033 0.000033 0.000033 0.000033 0.000033
62 62 (0) 1 : 0.999792 0.000041 0.000042 0.000042 0.000041 0.000042
63 63 (0) 1 : 0.999782 0.000043 0.000044 0.000044 0.000043 0.000044
64 64 (0) 1 : 0.999758 0.000048 0.000049 0.000049 0.000048 0.000049
65 65 (0) 1 : 0.999762 0.000047 0.000048 0.000048 0.000047 0.000048
66 66 (0) 1 : 0.999736 0.000053 0.000053 0.000053 0.000053 0.000053
67 67 (0) 1 : 0.999767 0.000046 0.000047 0.000047 0.000046 0.000047
68 68 (0) 1 : 0.999731 0.000054 0.000054 0.000054 0.000054 0.000054
69 69 (0) 1 : 0.999712 0.000057 0.000058 0.000058 0.000057 0.000058
70 70 (0) 1 : 0.999780 0.000044 0.000044 0.000044 0.000044 0.000044
71 71 (0) 1 : 0.999742 0.000052 0.000052 0.000052 0.000052 0.000052
72 72 (0) 1 : 0.999749 0.000050 0.000050 0.000050 0.000050 0.000050
73 73 (0) 1 : 0.999767 0.000047 0.000047 0.000047 0.000047 0.000047
74 74 (0) 1 : 0.999834 0.000033 0.000033 0.000033 0.000033 0.000033
75 75 (0) 1 : 0.999836 0.000033 0.000033 0.000033 0.000033 0.000033
76 76 (0) 1 : 0.999677 0.000064 0.000065 0.000065 0.000064 0.000065
77 77 (0) 1 : 0.999747 0.000051 0.000051 0.000051 0.000051 0.000051
78 78 (0) 1 : 0.999751 0.000050 0.000050 0.000050 0.000050 0.000050
79 79 (0) 1 : 0.999794 0.000041 0.000041 0.000041 0.000041 0.000041
80 80 (0) 1 : 0.999837 0.000033 0.000033 0.000033 0.000033 0.000033
81 81 (0) 1 : 0.999837 0.000033 0.000033 0.000033 0.000033 0.000033
82 82 (0) 1 : 0.999817 0.000037 0.000037 0.000037 0.000037 0.000037
83 83 (0) 1 : 0.999762 0.000047 0.000048 0.000048 0.000047 0.000048
84 84 (0) 1 : 0.999676 0.000065 0.000065 0.000065 0.000065 0.000065
85 85 (0) 1 : 0.999834 0.000033 0.000033 0.000033 0.000033 0.000033
86 86 (0) 1 : 0.999837 0.000033 0.000033 0.000033 0.000033 0.000033
87 87 (0) 5 : 0.251892 0.000051 0.000051 0.000051 0.000051 0.747905
88 88 (0) 5 : 0.296542 0.000044 0.000044 0.000044 0.000044 0.703283
89 89 (0) 5 : 0.417100 0.000034 0.000034 0.000034 0.000034 0.582763
90 90 (0) 5 : 0.126185 0.000050 0.000051 0.000051 0.000050 0.873613
91 91 (0) 5 : 0.000048 0.000048 0.000048 0.000048 0.000048 0.999760
92 92 (0) 5 : 0.355240 0.000039 0.000039 0.000039 0.000039 0.644605
93 93 (0) 5 : 0.166091 0.000054 0.000054 0.000054 0.000054 0.833693
94 94 (0) 5 : 0.200681 0.000040 0.000040 0.000040 0.000040 0.799158
95 95 (0) 5 : 0.000052 0.000052 0.000052 0.000052 0.000052 0.999740
96 96 (0) 5 : 0.094184 0.000046 0.000046 0.000046 0.000046 0.905632
97 97 (0) 6 : 0.000046 0.000046 0.000046 0.999770 0.000046 0.000046
98 98 (0) 6 : 0.898897 0.000044 0.000044 0.100926 0.000044 0.000044
99 99 (0) 6 : 0.883767 0.000044 0.000045 0.116055 0.000044 0.000045
100 100 (0) 6 : 0.999820 0.000036 0.000036 0.000036 0.000036 0.000036
101 101 (0) 6 : 0.999821 0.000036 0.000036 0.000036 0.000036 0.000036
102 102 (0) 6 : 0.999831 0.000034 0.000034 0.000034 0.000034 0.000034
103 103 (0) 6 : 0.843936 0.000045 0.000045 0.155882 0.000045 0.000045
104 104 (0) 6 : 0.810116 0.000048 0.000048 0.189693 0.000048 0.000048
105 105 (0) 6 : 0.000047 0.000047 0.000047 0.999765 0.000047 0.000047
106 106 (0) 6 : 0.000053 0.000053 0.000053 0.999735 0.000053 0.000053
107 107 (0) 6 : 0.000047 0.000047 0.000047 0.999765 0.000047 0.000047
108 108 (0) 6 : 0.651057 0.000049 0.000050 0.348744 0.000049 0.000050
109 109 (0) 6 : 0.000049 0.000048 0.000049 0.999757 0.000048 0.000049
110 110 (0) 2 : 0.000038 0.000037 0.999813 0.000037 0.000037 0.000038
111 111 (0) 2 : 0.000048 0.000048 0.999759 0.000048 0.000048 0.000048
112 112 (0) 2 : 0.000049 0.000049 0.999756 0.000049 0.000049 0.000049
113 113 (0) 2 : 0.000045 0.000045 0.999776 0.000045 0.000045 0.000045
114 114 (0) 2 : 0.245287 0.000047 0.754527 0.000047 0.000047 0.000047
115 115 (0) 3 : 0.958596 0.000033 0.041271 0.000033 0.000033 0.000033
1 1 (0) 1 : 0.999758 0.000049 0.000048 0.000048 0.000049 0.000049
2 2 (0) 1 : 0.999769 0.000046 0.000046 0.000046 0.000046 0.000046
3 3 (0) 1 : 0.999754 0.000049 0.000049 0.000049 0.000049 0.000049
4 4 (0) 1 : 0.999752 0.000050 0.000049 0.000049 0.000050 0.000050
5 5 (0) 1 : 0.999742 0.000052 0.000052 0.000052 0.000052 0.000052
6 6 (0) 1 : 0.999752 0.000050 0.000050 0.000050 0.000050 0.000050
7 7 (0) 1 : 0.999733 0.000054 0.000053 0.000053 0.000053 0.000054
8 8 (0) 1 : 0.999812 0.000038 0.000038 0.000038 0.000038 0.000038
9 9 (0) 1 : 0.999823 0.000035 0.000035 0.000035 0.000035 0.000035
10 10 (0) 1 : 0.999793 0.000041 0.000041 0.000041 0.000041 0.000041
11 11 (0) 1 : 0.999759 0.000048 0.000048 0.000048 0.000048 0.000048
12 12 (0) 1 : 0.999803 0.000040 0.000039 0.000039 0.000040 0.000040
13 13 (0) 1 : 0.999764 0.000047 0.000047 0.000047 0.000047 0.000047
14 14 (0) 1 : 0.999761 0.000048 0.000048 0.000048 0.000048 0.000048
15 15 (0) 1 : 0.999761 0.000048 0.000048 0.000048 0.000048 0.000048
16 16 (0) 1 : 0.999747 0.000051 0.000050 0.000050 0.000051 0.000051
17 17 (0) 1 : 0.999726 0.000055 0.000055 0.000055 0.000055 0.000055
18 18 (0) 2 : 0.000037 0.000037 0.000037 0.000037 0.999814 0.000037
19 19 (0) 2 : 0.000048 0.000048 0.000048 0.000048 0.999761 0.000048
20 20 (0) 3 : 0.999811 0.000038 0.000038 0.000038 0.000038 0.000038
21 21 (0) 3 : 0.999803 0.000040 0.000039 0.000039 0.000040 0.000040
22 22 (0) 2 : 0.000049 0.000049 0.000049 0.000049 0.999755 0.000049
23 23 (0) 2 : 0.000038 0.000038 0.000037 0.000037 0.999812 0.000038
24 24 (0) 2 : 0.000037 0.000036 0.000036 0.000036 0.999818 0.000037
25 25 (0) 4 : 0.000044 0.000044 0.000044 0.000044 0.000044 0.999781
26 26 (0) 4 : 0.000038 0.000038 0.000038 0.000038 0.000038 0.999809
27 27 (0) 4 : 0.000056 0.000056 0.000056 0.000056 0.000056 0.999719
28 28 (0) 4 : 0.000050 0.000050 0.000049 0.000049 0.000050 0.999753
29 29 (0) 4 : 0.000058 0.000058 0.000058 0.000058 0.000058 0.999710
30 30 (0) 4 : 0.077358 0.000065 0.000065 0.000065 0.000065 0.922383
31 31 (0) 4 : 0.000053 0.000053 0.000053 0.000053 0.000053 0.999735
32 32 (0) 4 : 0.000056 0.000056 0.000055 0.000055 0.000056 0.999723
33 33 (0) 4 : 0.000047 0.000047 0.000047 0.000047 0.000047 0.999764
34 34 (0) 4 : 0.000036 0.000036 0.000036 0.000036 0.000036 0.999818
35 35 (0) 4 : 0.000035 0.000035 0.000035 0.000035 0.000035 0.999825
36 36 (0) 4 : 0.000035 0.000035 0.000035 0.000035 0.000035 0.999825
37 37 (0) 4 : 0.000036 0.000036 0.000036 0.000036 0.000036 0.999822
38 38 (0) 4 : 0.000045 0.000045 0.000045 0.000045 0.000045 0.999774
39 39 (0) 4 : 0.000038 0.000038 0.000037 0.000037 0.000038 0.999813
40 40 (0) 4 : 0.000035 0.000035 0.000035 0.000035 0.000035 0.999825
41 41 (0) 4 : 0.000050 0.000050 0.000050 0.000050 0.000050 0.999750
42 42 (0) 4 : 0.000048 0.000048 0.000048 0.000048 0.000048 0.999758
43 43 (0) 4 : 0.000051 0.000050 0.000050 0.000050 0.000050 0.999748
44 44 (0) 4 : 0.000049 0.000049 0.000048 0.000048 0.000049 0.999757
45 45 (0) 4 : 0.000049 0.000049 0.000049 0.000049 0.000049 0.999754
46 46 (0) 4 : 0.000049 0.000049 0.000049 0.000049 0.000049 0.999757
47 47 (0) 4 : 0.000051 0.000051 0.000050 0.000050 0.000051 0.999747
48 48 (0) 4 : 0.068540 0.000048 0.000048 0.000048 0.000048 0.931269
49 49 (0) 4 : 0.000047 0.000047 0.000047 0.000047 0.000047 0.999766
50 50 (0) 4 : 0.000048 0.000048 0.000048 0.000048 0.000048 0.999759
51 51 (0) 1 : 0.999841 0.000032 0.000032 0.000032 0.000032 0.000032
52 52 (0) 1 : 0.999832 0.000034 0.000034 0.000034 0.000034 0.000034
53 53 (0) 1 : 0.999729 0.000054 0.000054 0.000054 0.000054 0.000054
54 54 (0) 1 : 0.471168 0.000037 0.000037 0.000037 0.000037 0.528682
55 55 (0) 1 : 0.688736 0.000058 0.000058 0.000058 0.000058 0.311033
56 56 (0) 1 : 0.450523 0.000036 0.000036 0.000036 0.000036 0.549332
57 57 (0) 1 : 0.558219 0.000035 0.000035 0.000035 0.000035 0.441643
58 58 (0) 1 : 0.604975 0.000047 0.000047 0.000047 0.000047 0.394838
59 59 (0) 1 : 0.999772 0.000046 0.000046 0.000046 0.000046 0.000046
60 60 (0) 1 : 0.999766 0.000047 0.000047 0.000047 0.000047 0.000047
61 61 (0) 1 : 0.999836 0.000033 0.000033 0.000033 0.000033 0.000033
62 62 (0) 1 : 0.999792 0.000042 0.000041 0.000041 0.000042 0.000042
63 63 (0) 1 : 0.999782 0.000044 0.000043 0.000043 0.000044 0.000044
64 64 (0) 1 : 0.999758 0.000049 0.000048 0.000048 0.000049 0.000049
65 65 (0) 1 : 0.999762 0.000048 0.000047 0.000047 0.000048 0.000048
66 66 (0) 1 : 0.999736 0.000053 0.000053 0.000053 0.000053 0.000053
67 67 (0) 1 : 0.999767 0.000047 0.000046 0.000046 0.000047 0.000047
68 68 (0) 1 : 0.999731 0.000054 0.000054 0.000054 0.000054 0.000054
69 69 (0) 1 : 0.999712 0.000058 0.000057 0.000057 0.000058 0.000058
70 70 (0) 1 : 0.999780 0.000044 0.000044 0.000044 0.000044 0.000044
71 71 (0) 1 : 0.999742 0.000052 0.000052 0.000052 0.000052 0.000052
72 72 (0) 1 : 0.999749 0.000050 0.000050 0.000050 0.000050 0.000050
73 73 (0) 1 : 0.999767 0.000047 0.000047 0.000047 0.000047 0.000047
74 74 (0) 1 : 0.999834 0.000033 0.000033 0.000033 0.000033 0.000033
75 75 (0) 1 : 0.999836 0.000033 0.000033 0.000033 0.000033 0.000033
76 76 (0) 1 : 0.999677 0.000065 0.000064 0.000064 0.000065 0.000065
77 77 (0) 1 : 0.999747 0.000051 0.000051 0.000051 0.000051 0.000051
78 78 (0) 1 : 0.999751 0.000050 0.000050 0.000050 0.000050 0.000050
79 79 (0) 1 : 0.999793 0.000041 0.000041 0.000041 0.000041 0.000041
80 80 (0) 1 : 0.999837 0.000033 0.000033 0.000033 0.000033 0.000033
81 81 (0) 1 : 0.999837 0.000033 0.000033 0.000033 0.000033 0.000033
82 82 (0) 1 : 0.999817 0.000037 0.000037 0.000037 0.000037 0.000037
83 83 (0) 1 : 0.882537 0.117273 0.000047 0.000047 0.000048 0.000048
84 84 (0) 1 : 0.999676 0.000065 0.000065 0.000065 0.000065 0.000065
85 85 (0) 1 : 0.999834 0.000033 0.000033 0.000033 0.000033 0.000033
86 86 (0) 1 : 0.999837 0.000033 0.000033 0.000033 0.000033 0.000033
87 87 (0) 5 : 0.255709 0.000051 0.000051 0.000051 0.000051 0.744088
88 88 (0) 5 : 0.303437 0.000044 0.000044 0.000044 0.000044 0.696388
89 89 (0) 5 : 0.421082 0.000034 0.000034 0.000034 0.000034 0.578780
90 90 (0) 5 : 0.131077 0.000051 0.000050 0.000050 0.000051 0.868721
91 91 (0) 5 : 0.000048 0.000048 0.000048 0.000048 0.000048 0.999760
92 92 (0) 5 : 0.359298 0.000039 0.000039 0.000039 0.000039 0.640547
93 93 (0) 5 : 0.174113 0.000054 0.000054 0.000054 0.000054 0.825671
94 94 (0) 5 : 0.202330 0.000040 0.000040 0.000040 0.000040 0.797509
95 95 (0) 5 : 0.000052 0.000052 0.000052 0.000052 0.000052 0.999740
96 96 (0) 5 : 0.098347 0.000046 0.000046 0.000046 0.000046 0.901468
97 97 (0) 6 : 0.000046 0.999770 0.000046 0.000046 0.000046 0.000046
98 98 (0) 6 : 0.000044 0.999779 0.000044 0.000044 0.000044 0.000044
99 99 (0) 6 : 0.000045 0.999778 0.000044 0.000044 0.000045 0.000045
100 100 (0) 6 : 0.961504 0.038352 0.000036 0.000036 0.000036 0.000036
101 101 (0) 6 : 0.999821 0.000036 0.000036 0.000036 0.000036 0.000036
102 102 (0) 6 : 0.945209 0.054656 0.000034 0.000034 0.000034 0.000034
103 103 (0) 6 : 0.000045 0.999773 0.000045 0.000045 0.000045 0.000045
104 104 (0) 6 : 0.000048 0.999761 0.000048 0.000048 0.000048 0.000048
105 105 (0) 6 : 0.000047 0.999765 0.000047 0.000047 0.000047 0.000047
106 106 (0) 6 : 0.000053 0.999736 0.000053 0.000053 0.000053 0.000053
107 107 (0) 6 : 0.000047 0.999765 0.000047 0.000047 0.000047 0.000047
108 108 (0) 6 : 0.000050 0.999752 0.000049 0.000049 0.000050 0.000050
109 109 (0) 6 : 0.000049 0.999757 0.000048 0.000048 0.000049 0.000049
110 110 (0) 2 : 0.171492 0.000037 0.000037 0.000037 0.828358 0.000038
111 111 (0) 2 : 0.000048 0.000048 0.000048 0.000048 0.999759 0.000048
112 112 (0) 2 : 0.000049 0.000049 0.000049 0.000049 0.999756 0.000049
113 113 (0) 2 : 0.000045 0.000045 0.000045 0.000045 0.999776 0.000045
114 114 (0) 2 : 0.270682 0.000047 0.000047 0.000047 0.729132 0.000047
115 115 (0) 3 : 0.967993 0.000033 0.000033 0.000033 0.031874 0.000033
